Year Day	Temperature C	SalinityConst	pHConstSal	Battery Voltage	DateStr	TimeStr
297.4906	10.52			0.00	2023-10-24	11:46:28
297.5323	10.90			0.00	2023-10-24	12:46:28
297.5739	13.70			0.00	2023-10-24	13:46:28
297.6156	13.56			0.00	2023-10-24	14:46:28
297.6573	14.73			0.00	2023-10-24	15:46:28
297.6989	14.93			0.00	2023-10-24	16:46:28
297.7014	14.93	35.00	7.8372	8.12	2023-10-24	16:50:00
297.7430	15.16	35.00	7.7443	8.28	2023-10-24	17:49:59
297.7847	15.23	35.00	7.6354	8.38	2023-10-24	18:49:59
297.8264	15.30	35.00	7.6793	8.43	2023-10-24	19:49:59
297.8680	15.53	35.00	7.9307	8.47	2023-10-24	20:49:59
297.9097	15.44	35.00	7.9661	8.50	2023-10-24	21:49:59
297.9514	15.28	35.00	7.9646	8.52	2023-10-24	22:49:59
297.9930	15.16	35.00	7.9791	8.53	2023-10-24	23:49:59
298.0347	15.14	35.00	7.9809	8.54	2023-10-25	00:49:59
298.0764	15.14	35.00	7.9852	8.54	2023-10-25	01:49:59
298.1180	15.05	35.00	7.9862	8.55	2023-10-25	02:49:59
298.1597	14.96	35.00	7.9734	8.55	2023-10-25	03:49:59
298.2014	14.82	35.00	0.0000	8.55	2023-10-25	04:49:59
298.2430	14.66	35.00	7.8355	8.55	2023-10-25	05:49:59
298.2847	14.50	35.00	7.6842	8.55	2023-10-25	06:49:59
298.3264	14.38	35.00	7.5589	8.54	2023-10-25	07:49:59
298.3680	14.38	35.00	7.5413	8.54	2023-10-25	08:49:59
298.4097	14.52	35.00	7.8615	8.54	2023-10-25	09:49:59
298.4514	14.47	35.00	7.9237	8.54	2023-10-25	10:49:59
298.4930	14.41	35.00	7.9568	8.54	2023-10-25	11:49:59
298.5347	14.43	35.00	7.9782	8.55	2023-10-25	12:49:59
298.5764	14.47	35.00	7.9810	8.54	2023-10-25	13:49:59
298.6180	14.54	35.00	7.9877	8.55	2023-10-25	14:49:59
298.6597	14.80	35.00	7.9810	8.55	2023-10-25	15:49:59
298.7014	15.05	35.00	7.9742	8.55	2023-10-25	16:49:59
298.7430	15.56	35.00	7.9229	8.57	2023-10-25	17:49:59
298.7847	15.88	35.00	7.8100	8.59	2023-10-25	18:49:59
298.8264	16.02	35.00	7.7062	8.61	2023-10-25	19:49:59
298.8680	15.93	35.00	7.7882	8.61	2023-10-25	20:49:59
298.9097	15.63	35.00	7.9704	8.61	2023-10-25	21:49:59
298.9514	15.49	35.00	8.0024	8.60	2023-10-25	22:49:59
298.9930	15.44	35.00	8.0028	8.60	2023-10-25	23:49:59
299.0347	15.44	35.00	8.0061	8.59	2023-10-26	00:49:59
299.0764	15.49	35.00	8.0064	8.59	2023-10-26	01:49:59
299.1180	15.51	35.00	8.0086	8.59	2023-10-26	02:49:59
299.1597	15.46	35.00	8.0071	8.59	2023-10-26	03:49:59
299.2014	15.42	35.00	7.9909	8.59	2023-10-26	04:49:59
299.2430	15.35	35.00	7.9570	8.59	2023-10-26	05:49:59
299.2847	15.37	35.00	7.8727	8.59	2023-10-26	06:49:59
299.3264	15.42	35.00	7.7533	8.59	2023-10-26	07:49:59
299.3680	15.44	35.00	7.6685	8.59	2023-10-26	08:49:59
299.4097	15.42	35.00	7.8506	8.59	2023-10-26	09:49:59
299.4514	15.30	35.00	7.9368	8.58	2023-10-26	10:49:59
299.4930	15.23	35.00	7.9688	8.58	2023-10-26	11:49:59
299.5347	15.19	35.00	7.9727	8.58	2023-10-26	12:49:59
299.5764	15.28	35.00	7.9896	8.58	2023-10-26	13:49:59
299.6180	15.42	35.00	7.9952	8.57	2023-10-26	14:49:59
299.6597	15.49	35.00	8.0071	8.58	2023-10-26	15:49:59
299.7014	15.77	35.00	8.0039	8.58	2023-10-26	16:49:59
299.7430	16.11	35.00	7.9743	8.59	2023-10-26	17:49:59
299.7847	16.86	35.00	7.9356	8.61	2023-10-26	18:49:59
299.8264	17.28	35.00	7.8483	8.63	2023-10-26	19:49:59
299.8680	17.43	35.00	7.7402	8.65	2023-10-26	20:49:59
299.9097	17.10	35.00	7.7530	8.65	2023-10-26	21:49:59
299.9514	15.81	35.00	7.9833	8.63	2023-10-26	22:49:59
299.9930	15.70	35.00	8.0037	8.61	2023-10-26	23:49:59
300.0347	15.74	35.00	8.0101	8.60	2023-10-27	00:49:59
300.0764	15.74	35.00	8.0131	8.59	2023-10-27	01:49:59
300.1180	15.72	35.00	8.0091	8.59	2023-10-27	02:49:59
300.1597	15.65	35.00	8.0061	8.58	2023-10-27	03:49:59
300.2014	15.63	35.00	8.0101	8.58	2023-10-27	04:49:59
300.2430	15.65	35.00	8.0002	8.58	2023-10-27	05:49:59
300.2847	15.65	35.00	7.9668	8.57	2023-10-27	06:49:59
300.3264	15.65	35.00	7.8749	8.57	2023-10-27	07:49:59
300.3680	15.81	35.00	7.7523	8.57	2023-10-27	08:49:59
300.4097	15.93	35.00	7.6661	8.58	2023-10-27	09:49:59
300.4514	15.46	35.00	7.8825	8.58	2023-10-27	10:49:59
300.4930	15.42	35.00	7.9454	8.57	2023-10-27	11:49:59
300.5347	15.49	35.00	7.9625	8.56	2023-10-27	12:49:59
300.5764	15.42	35.00	7.9730	8.56	2023-10-27	13:49:59
300.6180	15.51	35.00	7.9676	8.56	2023-10-27	14:49:59
300.6597	15.58	35.00	7.9761	8.55	2023-10-27	15:49:59
300.7014	15.65	35.00	7.9858	8.56	2023-10-27	16:49:59
300.7430	15.77	35.00	7.9797	8.56	2023-10-27	17:49:59
300.7847	16.02	35.00	7.9649	8.56	2023-10-27	18:49:59
300.8264	16.56	35.00	7.9125	8.57	2023-10-27	19:49:59
300.8680	16.81	35.00	7.8470	8.58	2023-10-27	20:49:59
300.9097	16.93	35.00	7.7300	8.59	2023-10-27	21:49:59
300.9514	16.96	35.00	7.6818	8.60	2023-10-27	22:49:59
300.9930	15.74	35.00	7.9465	8.59	2023-10-27	23:49:59
301.0347	15.72	35.00	7.9860	8.57	2023-10-28	00:49:59
301.0764	15.67	35.00	7.9920	8.57	2023-10-28	01:49:59
301.1180	15.53	35.00	7.9933	8.55	2023-10-28	02:49:59
301.1597	15.60	35.00	7.9773	8.55	2023-10-28	03:49:59
301.2014	15.58	35.00	7.9728	8.55	2023-10-28	04:49:59
301.2430	15.56	35.00	7.9631	8.55	2023-10-28	05:49:59
301.2847	15.51	35.00	7.9587	8.54	2023-10-28	06:49:59
301.3264	15.46	35.00	7.9127	8.53	2023-10-28	07:49:59
301.3680	15.49	35.00	7.8292	8.53	2023-10-28	08:49:59
301.4097	15.60	35.00	7.7244	8.53	2023-10-28	09:49:59
301.4514	15.67	35.00	7.6423	8.54	2023-10-28	10:49:59
301.4930	15.44	35.00	7.8950	8.53	2023-10-28	11:49:59
301.5347	15.49	35.00	7.9524	8.53	2023-10-28	12:49:59
301.5764	15.56	35.00	7.9751	8.53	2023-10-28	13:49:59
301.6180	15.65	35.00	7.9810	8.53	2023-10-28	14:49:59
301.6597	15.72	35.00	7.9848	8.53	2023-10-28	15:49:59
301.7014	15.79	35.00	7.9826	8.53	2023-10-28	16:49:59
301.7430	15.93	35.00	7.9794	8.53	2023-10-28	17:49:59
301.7847	16.18	35.00	7.9859	8.54	2023-10-28	18:49:59
301.8264	16.84	35.00	7.9659	8.54	2023-10-28	19:49:59
301.8680	17.64	35.00	7.9193	8.56	2023-10-28	20:49:59
301.9097	17.88	35.00	7.8200	8.58	2023-10-28	21:49:59
301.9514	17.85	35.00	7.7106	8.60	2023-10-28	22:49:59
301.9930	17.80	35.00	7.6503	8.61	2023-10-28	23:49:59
302.0347	16.23	35.00	7.9414	8.59	2023-10-29	00:49:59
302.0764	16.16	35.00	7.9868	8.57	2023-10-29	01:49:59
302.1180	16.14	35.00	7.9786	8.55	2023-10-29	02:49:59
302.1597	16.07	35.00	7.9724	8.54	2023-10-29	03:49:59
302.2014	15.97	35.00	7.9648	8.54	2023-10-29	04:49:59
302.2430	15.88	35.00	7.9717	8.53	2023-10-29	05:49:59
302.2847	15.86	35.00	7.9626	8.52	2023-10-29	06:49:59
302.3264	15.86	35.00	7.9434	8.52	2023-10-29	07:49:59
302.3680	15.77	35.00	7.8868	8.51	2023-10-29	08:49:59
302.4097	15.86	35.00	7.7695	8.51	2023-10-29	09:49:59
302.4514	16.02	35.00	7.6403	8.51	2023-10-29	10:49:59
302.4930	15.88	35.00	7.6390	8.51	2023-10-29	11:49:59
302.5347	15.37	35.00	7.8983	8.50	2023-10-29	12:49:59
302.5764	15.37	35.00	7.9409	8.49	2023-10-29	13:49:59
302.6180	15.37	35.00	7.9589	8.49	2023-10-29	14:49:59
302.6597	15.40	35.00	7.9808	8.48	2023-10-29	15:49:59
302.7014	15.40	35.00	7.9864	8.48	2023-10-29	16:49:59
302.7430	15.40	35.00	8.0085	8.48	2023-10-29	17:49:59
302.7847	15.33	35.00	8.0007	8.48	2023-10-29	18:49:59
302.8264	15.28	35.00	7.9857	8.47	2023-10-29	19:49:59
302.8680	15.14	35.00	7.9495	8.46	2023-10-29	20:49:59
302.9097	15.03	35.00	7.8686	8.45	2023-10-29	21:49:59
302.9514	15.03	35.00	7.7448	8.45	2023-10-29	22:49:59
302.9930	15.07	35.00	7.6329	8.45	2023-10-29	23:49:59
303.0347	15.03	35.00	7.5994	8.45	2023-10-30	00:49:59
303.0764	14.61	35.00	7.8935	8.44	2023-10-30	01:49:59
303.1180	14.63	35.00	7.9238	8.43	2023-10-30	02:49:59
303.1597	14.59	35.00	7.9375	8.43	2023-10-30	03:49:59
303.2014	14.54	35.00	7.9458	8.43	2023-10-30	04:49:59
303.2430	14.54	35.00	7.9505	8.42	2023-10-30	05:49:59
303.2847	14.47	35.00	7.9524	8.41	2023-10-30	06:49:59
303.3264	14.45	35.00	7.9459	8.41	2023-10-30	07:49:59
303.3680	14.38	35.00	7.9145	8.41	2023-10-30	08:49:59
303.4097	14.22	35.00	0.0000	8.40	2023-10-30	09:49:59
303.4514	14.11	35.00	7.7869	8.39	2023-10-30	10:49:59
303.4930	14.11	35.00	7.6946	8.38	2023-10-30	11:49:59
303.5347	14.13	35.00	7.8551	8.38	2023-10-30	12:49:59
303.5764	14.24	35.00	7.9159	8.38	2023-10-30	13:49:59
303.6180	14.27	35.00	7.9218	8.38	2023-10-30	14:49:59
303.6597	14.31	35.00	7.9156	8.38	2023-10-30	15:49:59
303.7014	14.36	35.00	7.9380	8.39	2023-10-30	16:49:59
303.7430	14.43	35.00	7.9638	8.39	2023-10-30	17:49:59
303.7847	14.41	35.00	7.9752	8.39	2023-10-30	18:49:59
303.8264	14.45	35.00	7.9853	8.38	2023-10-30	19:49:59
303.8680	14.50	35.00	7.9507	8.38	2023-10-30	20:49:59
303.9097	14.57	35.00	7.8924	8.38	2023-10-30	21:49:59
303.9514	14.59	35.00	7.8167	8.38	2023-10-30	22:49:59
303.9930	14.59	35.00	7.7082	8.38	2023-10-30	23:49:59
304.0347	14.50	35.00	7.5942	8.38	2023-10-31	00:49:59
304.0764	14.43	35.00	7.5219	8.38	2023-10-31	01:49:59
304.1180	14.45	35.00	7.8496	8.38	2023-10-31	02:49:59
304.1597	14.34	35.00	7.9101	8.37	2023-10-31	03:49:59
304.2014	14.36	35.00	7.9309	8.37	2023-10-31	04:49:59
304.2430	14.31	35.00	7.9296	8.36	2023-10-31	05:49:59
304.2847	14.24	35.00	7.9431	8.36	2023-10-31	06:49:59
304.3264	14.20	35.00	7.9377	8.36	2023-10-31	07:49:59
304.3680	14.06	35.00	7.9362	8.35	2023-10-31	08:49:59
304.4097	13.83	35.00	7.9136	8.34	2023-10-31	09:49:59
304.4514	13.38	35.00	7.8218	8.32	2023-10-31	10:49:59
304.4930	13.11	35.00	7.6612	8.31	2023-10-31	11:49:59
304.5347	13.13	35.00	7.6203	8.29	2023-10-31	12:49:59
304.5764	13.81	35.00	7.8829	8.30	2023-10-31	13:49:59
304.6180	13.92	35.00	7.9374	8.31	2023-10-31	14:49:59
304.6597	13.79	35.00	7.9666	8.32	2023-10-31	15:49:59
304.7014	13.79	35.00	7.9620	8.31	2023-10-31	16:49:59
304.7430	13.83	35.00	7.9863	8.31	2023-10-31	17:49:59
304.7847	13.88	35.00	7.9922	8.31	2023-10-31	18:49:59
304.8264	13.88	35.00	8.0052	8.31	2023-10-31	19:49:59
304.8680	13.83	35.00	8.0029	8.31	2023-10-31	20:49:59
304.9097	13.72	35.00	7.9990	8.31	2023-10-31	21:49:59
304.9514	13.51	35.00	7.9564	8.29	2023-10-31	22:49:59
304.9930	13.31	35.00	7.8940	8.28	2023-10-31	23:49:59
305.0347	13.11	35.00	7.7892	8.27	2023-11-01	00:49:59
305.0764	12.88	35.00	7.7008	8.26	2023-11-01	01:49:59
305.1180	12.86	35.00	7.6900	8.25	2023-11-01	02:49:59
305.1597	13.13	35.00	7.9371	8.25	2023-11-01	03:49:59
305.2014	12.97	35.00	7.9810	8.25	2023-11-01	04:49:59
305.2430	13.06	35.00	7.9882	8.24	2023-11-01	05:49:59
305.2847	12.97	35.00	8.0017	8.24	2023-11-01	06:49:59
305.3264	13.04	35.00	8.0004	8.24	2023-11-01	07:49:59
305.3680	12.92	35.00	8.0128	8.24	2023-11-01	08:49:59
305.4097	12.83	35.00	7.9990	8.23	2023-11-01	09:49:59
305.4514	12.65	35.00	7.9765	8.23	2023-11-01	10:49:59
305.4930	12.27	35.00	7.9195	8.21	2023-11-01	11:49:59
305.5347	12.02	35.00	7.8351	8.20	2023-11-01	12:49:59
305.5764	12.04	35.00	7.8887	8.18	2023-11-01	13:49:59
305.6180	12.31	35.00	7.9859	8.18	2023-11-01	14:49:59
305.6597	12.29	35.00	8.0136	8.18	2023-11-01	15:49:59
305.7014	12.38	35.00	8.0266	8.18	2023-11-01	16:49:59
305.7430	12.40	35.00	8.0311	8.18	2023-11-01	17:49:59
305.7847	12.36	35.00	8.0140	8.18	2023-11-01	18:49:59
305.8264	12.34	35.00	8.0086	8.18	2023-11-01	19:49:59
305.8680	12.27	35.00	8.0002	8.17	2023-11-01	20:49:59
305.9097	12.22	35.00	8.0069	8.17	2023-11-01	21:49:59
305.9514	12.04	35.00	8.0059	8.16	2023-11-01	22:49:59
305.9930	11.68	35.00	7.9873	8.14	2023-11-01	23:49:59
306.0347	11.43	35.00	7.9230	8.12	2023-11-02	00:49:59
306.0764	11.23	35.00	7.8370	8.11	2023-11-02	01:49:59
306.1180	11.14	35.00	7.7598	8.10	2023-11-02	02:49:59
306.1597	11.12	35.00	7.7362	8.09	2023-11-02	03:49:59
306.2014	11.95	35.00	7.9473	8.10	2023-11-02	04:49:59
306.2430	11.91	35.00	7.9807	8.12	2023-11-02	05:49:59
306.2847	11.70	35.00	7.9915	8.12	2023-11-02	06:49:59
306.3264	11.82	35.00	7.9948	8.11	2023-11-02	07:49:59
306.3680	11.86	35.00	8.0017	8.12	2023-11-02	08:49:59
306.4097	11.75	35.00	8.0035	8.11	2023-11-02	09:49:59
306.4514	11.50	35.00	7.9921	8.10	2023-11-02	10:49:59
306.4930	11.26	35.00	7.9615	8.09	2023-11-02	11:49:59
306.5347	10.70	35.00	7.8644	8.07	2023-11-02	12:49:59
306.5764	10.34	35.00	7.7618	8.05	2023-11-02	13:49:59
306.6180	10.49	35.00	7.7459	8.02	2023-11-02	14:49:59
306.6597	12.13	35.00	7.9739	8.06	2023-11-02	15:49:59
306.7014	12.49	35.00	8.0050	8.10	2023-11-02	16:49:59
306.7430	12.79	35.00	8.0179	8.12	2023-11-02	17:49:59
306.7847	13.13	35.00	8.0256	8.14	2023-11-02	18:49:59
306.8264	12.83	35.00	8.0528	8.15	2023-11-02	19:49:59
306.8680	13.08	35.00	8.0535	8.15	2023-11-02	20:49:59
306.9097	12.95	35.00	8.0653	8.16	2023-11-02	21:49:59
306.9514	12.72	35.00	8.0508	8.15	2023-11-02	22:49:59
306.9930	12.54	35.00	8.0125	8.14	2023-11-02	23:49:59
307.0347	11.93	35.00	7.9539	8.12	2023-11-03	00:49:59
307.0764	11.19	35.00	7.8551	8.09	2023-11-03	01:49:59
307.1180	10.65	35.00	7.7371	8.06	2023-11-03	02:49:59
307.1597	10.45	35.00	7.6844	8.02	2023-11-03	03:49:59
307.2014	12.65	35.00	7.9055	8.04	2023-11-03	04:49:59
307.2430	12.47	35.00	7.9817	8.08	2023-11-03	05:49:59
307.2847	12.22	35.00	7.9977	8.09	2023-11-03	06:49:59
307.3264	12.11	35.00	7.9981	8.09	2023-11-03	07:49:59
307.3680	12.11	35.00	8.0116	8.09	2023-11-03	08:49:59
307.4097	12.11	35.00	8.0277	8.09	2023-11-03	09:49:59
307.4514	11.97	35.00	8.0147	8.08	2023-11-03	10:49:59
307.4930	11.82	35.00	8.0084	8.07	2023-11-03	11:49:59
307.5347	11.61	35.00	7.9763	8.06	2023-11-03	12:49:59
307.5764	11.05	35.00	7.9169	8.05	2023-11-03	13:49:59
307.6180	10.83	35.00	7.8521	8.02	2023-11-03	14:49:59
307.6597	12.00	35.00	7.9606	8.01	2023-11-03	15:49:59
307.7014	12.52	35.00	8.0183	8.05	2023-11-03	16:49:59
307.7430	12.67	35.00	8.0422	8.07	2023-11-03	17:49:59
307.7847	12.49	35.00	8.0542	8.09	2023-11-03	18:49:59
307.8264	12.13	35.00	8.0562	8.08	2023-11-03	19:49:59
307.8680	11.91	35.00	8.0846	8.07	2023-11-03	20:49:59
307.9097	11.66	35.00	8.0795	8.05	2023-11-03	21:49:59
307.9514	11.57	35.00	8.0878	8.04	2023-11-03	22:49:59
307.9930	11.77	35.00	8.0667	8.03	2023-11-03	23:49:59
308.0347	11.84	35.00	8.0510	8.03	2023-11-04	00:49:59
308.0764	11.59	35.00	7.9935	8.02	2023-11-04	01:49:59
308.1180	11.14	35.00	7.9025	8.01	2023-11-04	02:49:59
308.1597	10.70	35.00	7.8195	7.99	2023-11-04	03:49:59
308.2014	10.58	35.00	7.7734	7.97	2023-11-04	04:49:59
308.2430	10.76	35.00	7.9855	7.96	2023-11-04	05:49:59
308.2847	10.58	35.00	8.0363	7.95	2023-11-04	06:49:59
308.3264	10.54	35.00	8.0409	7.94	2023-11-04	07:49:59
308.3680	10.67	35.00	8.0502	7.94	2023-11-04	08:49:59
308.4097	10.63	35.00	8.0639	7.94	2023-11-04	09:49:59
308.4514	10.63	35.00	8.0647	7.94	2023-11-04	10:49:59
308.4930	10.61	35.00	8.0642	7.93	2023-11-04	11:49:59
308.5347	10.58	35.00	8.0500	7.93	2023-11-04	12:49:59
308.5764	10.56	35.00	8.0097	7.93	2023-11-04	13:49:59
308.6180	10.58	35.00	7.9471	7.92	2023-11-04	14:49:59
308.6597	10.67	35.00	7.8715	7.92	2023-11-04	15:49:59
308.7014	10.92	35.00	7.9875	7.92	2023-11-04	16:49:59
308.7430	11.41	35.00	8.0526	7.94	2023-11-04	17:49:59
308.7847	11.68	35.00	8.0889	7.96	2023-11-04	18:49:59
308.8264	11.79	35.00	8.1047	7.97	2023-11-04	19:49:59
308.8680	11.91	35.00	8.1097	7.98	2023-11-04	20:49:59
308.9097	12.00	35.00	8.1177	7.99	2023-11-04	21:49:59
308.9514	12.16	35.00	8.1058	8.00	2023-11-04	22:49:59
308.9930	12.06	35.00	8.1039	8.00	2023-11-04	23:49:59
309.0347	11.86	35.00	8.1012	8.00	2023-11-05	00:49:59
309.0764	11.66	35.00	8.0584	7.99	2023-11-05	01:49:59
309.1180	11.35	35.00	7.9725	7.97	2023-11-05	02:49:59
309.1597	11.01	35.00	7.8547	7.95	2023-11-05	03:49:59
309.2014	10.85	35.00	7.7697	7.94	2023-11-05	04:49:59
309.2430	11.39	35.00	7.8674	7.92	2023-11-05	05:49:59
309.2847	11.86	35.00	8.0046	7.94	2023-11-05	06:49:59
309.3264	11.82	35.00	8.0313	7.96	2023-11-05	07:49:59
309.3680	11.75	35.00	8.0352	7.96	2023-11-05	08:49:59
309.4097	11.75	35.00	8.0366	7.96	2023-11-05	09:49:59
309.4514	11.70	35.00	8.0344	7.96	2023-11-05	10:49:59
309.4930	11.66	35.00	8.0547	7.95	2023-11-05	11:49:59
309.5347	11.66	35.00	8.0404	7.95	2023-11-05	12:49:59
309.5764	11.68	35.00	8.0435	7.95	2023-11-05	13:49:59
309.6180	11.77	35.00	8.0243	7.95	2023-11-05	14:49:59
309.6597	11.73	35.00	7.9964	7.95	2023-11-05	15:49:59
309.7014	11.75	35.00	7.9422	7.95	2023-11-05	16:49:59
309.7430	12.27	35.00	8.0289	7.95	2023-11-05	17:49:59
309.7847	12.58	35.00	8.0632	7.98	2023-11-05	18:49:59
309.8264	12.63	35.00	8.0752	7.99	2023-11-05	19:49:59
309.8680	12.67	35.00	8.0886	7.99	2023-11-05	20:49:59
309.9097	12.63	35.00	8.0991	8.00	2023-11-05	21:49:59
309.9514	12.56	35.00	8.0997	8.00	2023-11-05	22:49:59
309.9930	12.52	35.00	8.1016	8.00	2023-11-05	23:49:59
310.0347	12.47	35.00	8.1050	7.99	2023-11-06	00:49:59
310.0764	12.43	35.00	8.0854	7.99	2023-11-06	01:49:59
310.1180	12.29	35.00	8.0555	7.98	2023-11-06	02:49:59
310.1597	11.95	35.00	7.9963	7.97	2023-11-06	03:49:59
310.2014	11.57	35.00	7.9031	7.95	2023-11-06	04:49:59
310.2430	11.35	35.00	7.8247	7.93	2023-11-06	05:49:59
310.2847	11.43	35.00	7.8401	7.91	2023-11-06	06:49:59
310.3264	12.11	35.00	8.0156	7.93	2023-11-06	07:49:59
310.3680	11.95	35.00	8.0368	7.94	2023-11-06	08:49:59
310.4097	11.91	35.00	8.0451	7.94	2023-11-06	09:49:59
310.4514	11.91	35.00	8.0524	7.94	2023-11-06	10:49:59
310.4930	12.02	35.00	8.0553	7.94	2023-11-06	11:49:59
310.5347	12.04	35.00	8.0661	7.94	2023-11-06	12:49:59
310.5764	12.00	35.00	8.0574	7.94	2023-11-06	13:49:59
310.6180	11.91	35.00	8.0471	7.93	2023-11-06	14:49:59
310.6597	11.75	35.00	8.0317	7.92	2023-11-06	15:49:59
310.7014	11.61	35.00	7.9753	7.92	2023-11-06	16:49:59
310.7430	11.55	35.00	7.9167	7.91	2023-11-06	17:49:59
310.7847	12.04	35.00	8.0538	7.90	2023-11-06	18:49:59
310.8264	12.00	35.00	8.1190	7.91	2023-11-06	19:49:59
310.8680	11.91	35.00	8.1322	7.91	2023-11-06	20:49:59
310.9097	11.86	35.00	8.1255	7.91	2023-11-06	21:49:59
310.9514	11.86	35.00	8.1098	7.91	2023-11-06	22:49:59
310.9930	11.79	35.00	8.0956	7.91	2023-11-06	23:49:59
311.0347	11.77	35.00	8.0903	7.90	2023-11-07	00:49:59
311.0764	11.75	35.00	8.0840	7.90	2023-11-07	01:49:59
311.1180	11.75	35.00	8.0900	7.89	2023-11-07	02:49:59
311.1597	11.70	35.00	8.0600	7.89	2023-11-07	03:49:59
311.2014	11.52	35.00	8.0205	7.88	2023-11-07	04:49:59
311.2430	11.30	35.00	7.9347	7.87	2023-11-07	05:49:59
311.2847	11.12	35.00	7.8521	7.85	2023-11-07	06:49:59
311.3264	11.12	35.00	7.8318	7.85	2023-11-07	07:49:59
311.3680	11.57	35.00	7.9924	7.85	2023-11-07	08:49:59
311.4097	11.66	35.00	8.0215	7.86	2023-11-07	09:49:59
311.4514	11.70	35.00	8.0266	7.86	2023-11-07	10:49:59
311.4930	11.73	35.00	8.0235	7.87	2023-11-07	11:49:59
311.5347	11.84	35.00	8.0417	7.87	2023-11-07	12:49:59
311.5764	11.86	35.00	8.0393	7.87	2023-11-07	13:49:59
311.6180	11.88	35.00	8.0432	7.88	2023-11-07	14:49:59
311.6597	11.82	35.00	8.0272	7.87	2023-11-07	15:49:59
311.7014	11.84	35.00	8.0098	7.87	2023-11-07	16:49:59
311.7430	11.95	35.00	7.9718	7.87	2023-11-07	17:49:59
311.7847	11.97	35.00	7.9136	7.87	2023-11-07	18:49:59
311.8264	12.00	35.00	7.8942	7.87	2023-11-07	19:49:59
311.8680	12.27	35.00	8.0225	7.87	2023-11-07	20:49:59
311.9097	12.29	35.00	8.0639	7.88	2023-11-07	21:49:59
311.9514	12.31	35.00	8.0658	7.88	2023-11-07	22:49:59
311.9930	12.34	35.00	8.0674	7.89	2023-11-07	23:49:59
312.0347	12.38	35.00	8.0761	7.89	2023-11-08	00:49:59
312.0764	12.38	35.00	8.0762	7.88	2023-11-08	01:49:59
312.1180	12.34	35.00	8.0752	7.88	2023-11-08	02:49:59
312.1597	12.25	35.00	8.0608	7.88	2023-11-08	03:49:59
312.2014	12.06	35.00	8.0234	7.87	2023-11-08	04:49:59
312.2430	11.75	35.00	7.9378	7.86	2023-11-08	05:49:59
312.2847	11.52	35.00	7.8256	7.84	2023-11-08	06:49:59
312.3264	11.37	35.00	7.7495	7.83	2023-11-08	07:49:59
312.3680	11.88	35.00	7.9412	7.82	2023-11-08	08:49:59
312.4097	11.93	35.00	8.0187	7.83	2023-11-08	09:49:59
312.4514	11.82	35.00	8.0410	7.84	2023-11-08	10:49:59
312.4930	11.82	35.00	8.0606	7.83	2023-11-08	11:49:59
312.5347	11.75	35.00	8.0767	7.82	2023-11-08	12:49:59
312.5764	11.43	35.00	8.0747	7.81	2023-11-08	13:49:59
312.6180	11.48	35.00	8.0812	7.81	2023-11-08	14:49:59
312.6597	11.70	35.00	8.0791	7.81	2023-11-08	15:49:59
312.7014	11.70	35.00	8.0613	7.81	2023-11-08	16:49:59
312.7430	11.55	35.00	8.0161	7.80	2023-11-08	17:49:59
312.7847	11.28	35.00	7.9032	7.79	2023-11-08	18:49:59
312.8264	11.14	35.00	7.8626	7.78	2023-11-08	19:49:59
312.8680	11.70	35.00	8.0444	7.77	2023-11-08	20:49:59
312.9097	11.84	35.00	8.0730	7.79	2023-11-08	21:49:59
312.9514	11.73	35.00	8.0797	7.80	2023-11-08	22:49:59
312.9930	11.68	35.00	8.0686	7.79	2023-11-08	23:49:59
313.0347	11.37	35.00	8.0974	7.79	2023-11-09	00:49:59
313.0764	11.23	35.00	8.1083	7.77	2023-11-09	01:49:59
313.1180	11.19	35.00	8.1144	7.76	2023-11-09	02:49:59
313.1597	11.10	35.00	8.0999	7.75	2023-11-09	03:49:59
313.2014	11.17	35.00	8.0788	7.74	2023-11-09	04:49:59
313.2430	10.96	35.00	8.0389	7.74	2023-11-09	05:49:59
313.2847	10.47	35.00	7.9621	7.72	2023-11-09	06:49:59
313.3264	10.14	35.00	7.8910	7.69	2023-11-09	07:49:59
313.3680	10.36	35.00	7.9284	7.67	2023-11-09	08:49:59
313.4097	11.17	35.00	8.0274	7.69	2023-11-09	09:49:59
313.4514	11.12	35.00	8.0476	7.71	2023-11-09	10:49:59
313.4930	11.12	35.00	8.0506	7.71	2023-11-09	11:49:59
313.5347	11.01	35.00	8.0556	7.72	2023-11-09	12:49:59
313.5764	10.94	35.00	8.0637	7.71	2023-11-09	13:49:59
313.6180	10.96	35.00	8.0622	7.71	2023-11-09	14:49:59
313.6597	10.94	35.00	8.0589	7.70	2023-11-09	15:49:59
313.7014	10.90	35.00	8.0538	7.70	2023-11-09	16:49:59
313.7430	10.87	35.00	8.0306	7.69	2023-11-09	17:49:59
313.7847	10.67	35.00	8.0072	7.68	2023-11-09	18:49:59
313.8264	10.36	35.00	7.9676	7.66	2023-11-09	19:49:59
313.8680	10.20	35.00	7.9202	7.64	2023-11-09	20:49:59
313.9097	10.49	35.00	8.0163	7.64	2023-11-09	21:49:59
313.9514	10.70	35.00	8.0449	7.65	2023-11-09	22:49:59
313.9930	10.58	35.00	8.0597	7.65	2023-11-09	23:49:59
314.0347	10.52	35.00	8.0608	7.65	2023-11-10	00:49:59
314.0764	10.47	35.00	8.0637	7.64	2023-11-10	01:49:59
314.1180	10.49	35.00	8.0552	7.64	2023-11-10	02:49:59
314.1597	10.49	35.00	8.0511	7.64	2023-11-10	03:49:59
314.2014	10.40	35.00	8.0443	7.63	2023-11-10	04:49:59
314.2430	10.36	35.00	8.0322	7.62	2023-11-10	05:49:59
314.2847	10.20	35.00	7.9866	7.61	2023-11-10	06:49:59
314.3264	9.85	35.00	7.8932	7.60	2023-11-10	07:49:59
314.3680	9.60	35.00	7.8253	7.57	2023-11-10	08:49:59
314.4097	10.20	35.00	7.9489	7.55	2023-11-10	09:49:59
314.4514	10.27	35.00	8.0139	7.57	2023-11-10	10:49:59
314.4930	10.27	35.00	8.0267	7.58	2023-11-10	11:49:59
314.5347	10.63	35.00	8.0388	7.59	2023-11-10	12:49:59
314.5764	10.63	35.00	8.0399	7.60	2023-11-10	13:49:59
314.6180	10.58	35.00	8.0523	7.61	2023-11-10	14:49:59
314.6597	10.76	35.00	8.0586	7.61	2023-11-10	15:49:59
314.7014	10.65	35.00	8.0582	7.61	2023-11-10	16:49:59
314.7430	10.70	35.00	8.0450	7.61	2023-11-10	17:49:59
314.7847	10.63	35.00	8.0236	7.61	2023-11-10	18:49:59
314.8264	10.34	35.00	7.9609	7.60	2023-11-10	19:49:59
314.8680	10.02	35.00	7.8759	7.58	2023-11-10	20:49:59
314.9097	9.82	35.00	7.8219	7.56	2023-11-10	21:49:59
314.9514	10.70	35.00	7.9907	7.55	2023-11-10	22:49:59
314.9930	10.74	35.00	8.0368	7.58	2023-11-10	23:49:59
315.0347	10.67	35.00	8.0387	7.58	2023-11-11	00:49:59
315.0764	10.52	35.00	8.0358	7.58	2023-11-11	01:49:59
315.1180	10.49	35.00	8.0462	7.58	2023-11-11	02:49:59
315.1597	10.43	35.00	8.0431	7.57	2023-11-11	03:49:59
315.2014	10.36	35.00	8.0434	7.57	2023-11-11	04:49:59
315.2430	10.34	35.00	8.0405	7.56	2023-11-11	05:49:59
315.2847	10.27	35.00	8.0253	7.54	2023-11-11	06:49:59
315.3264	9.94	35.00	7.9670	7.54	2023-11-11	07:49:59
315.3680	9.40	35.00	7.8611	7.51	2023-11-11	08:49:59
315.4097	9.31	35.00	7.8192	7.47	2023-11-11	09:49:59
315.4514	10.11	35.00	7.9945	7.48	2023-11-11	10:49:59
315.4930	10.25	35.00	8.0275	7.51	2023-11-11	11:49:59
315.5347	10.45	35.00	8.0296	7.51	2023-11-11	12:49:59
315.5764	10.72	35.00	8.0366	7.54	2023-11-11	13:49:59
315.6180	10.63	35.00	8.0438	7.55	2023-11-11	14:49:59
315.6597	10.76	35.00	8.0554	7.55	2023-11-11	15:49:59
315.7014	10.87	35.00	8.0593	7.56	2023-11-11	16:49:59
315.7430	10.78	35.00	8.0552	7.56	2023-11-11	17:49:59
315.7847	10.92	35.00	8.0479	7.56	2023-11-11	18:49:59
315.8264	10.87	35.00	8.0208	7.56	2023-11-11	19:49:59
315.8680	10.43	35.00	7.9536	7.56	2023-11-11	20:49:59
315.9097	10.09	35.00	7.8799	7.53	2023-11-11	21:49:59
315.9514	10.11	35.00	7.9110	7.51	2023-11-11	22:49:59
315.9930	10.94	35.00	8.0367	7.52	2023-11-11	23:49:59
316.0347	10.85	35.00	8.0490	7.54	2023-11-12	00:49:59
316.0764	10.47	35.00	8.0741	7.54	2023-11-12	01:49:59
316.1180	10.36	35.00	8.0765	7.53	2023-11-12	02:49:59
316.1597	10.27	35.00	8.0747	7.51	2023-11-12	03:49:59
316.2014	10.32	35.00	8.0702	7.50	2023-11-12	04:49:59
316.2430	10.18	35.00	8.0763	7.49	2023-11-12	05:49:59
316.2847	10.11	35.00	8.0710	7.49	2023-11-12	06:49:59
316.3264	10.02	35.00	8.0496	7.47	2023-11-12	07:49:59
316.3680	9.69	35.00	7.9935	7.46	2023-11-12	08:49:59
316.4097	9.29	35.00	7.9386	7.44	2023-11-12	09:49:59
316.4514	10.09	35.00	8.0120	7.43	2023-11-12	10:49:59
316.4930	10.23	35.00	8.0389	7.45	2023-11-12	11:49:59
316.5347	10.32	35.00	8.0426	7.46	2023-11-12	12:49:59
316.5764	10.29	35.00	8.0512	7.47	2023-11-12	13:49:59
316.6180	9.91	35.00	8.0679	7.46	2023-11-12	14:49:59
316.6597	10.07	35.00	8.0850	7.45	2023-11-12	15:49:59
316.7014	10.25	35.00	8.0899	7.45	2023-11-12	16:49:59
316.7430	10.23	35.00	8.0853	7.46	2023-11-12	17:49:59
316.7847	10.11	35.00	8.0828	7.45	2023-11-12	18:49:59
316.8264	10.14	35.00	8.0608	7.45	2023-11-12	19:49:59
316.8680	10.02	35.00	8.0211	7.44	2023-11-12	20:49:59
316.9097	9.56	35.00	7.9561	7.42	2023-11-12	21:49:59
316.9514	9.25	35.00	7.9053	7.39	2023-11-12	22:49:59
316.9930	9.69	35.00	7.9954	7.37	2023-11-12	23:49:59
317.0347	10.20	35.00	8.0529	7.40	2023-11-13	00:49:59
317.0764	10.18	35.00	8.0645	7.41	2023-11-13	01:49:59
317.1180	9.98	35.00	8.0834	7.42	2023-11-13	02:49:59
317.1597	9.74	35.00	8.0970	7.40	2023-11-13	03:49:59
317.2014	9.87	35.00	8.0926	7.39	2023-11-13	04:49:59
317.2430	9.76	35.00	8.0935	7.39	2023-11-13	05:49:59
317.2847	9.69	35.00	8.0915	7.38	2023-11-13	06:49:59
317.3264	9.67	35.00	8.0810	7.36	2023-11-13	07:49:59
317.3680	9.60	35.00	8.0416	7.36	2023-11-13	08:49:59
317.4097	9.20	35.00	7.9781	7.35	2023-11-13	09:49:59
317.4514	9.00	35.00	7.9511	7.32	2023-11-13	10:49:59
317.4930	9.85	35.00	8.0320	7.32	2023-11-13	11:49:59
317.5347	9.98	35.00	8.0451	7.34	2023-11-13	12:49:59
317.5764	10.09	35.00	8.0590	7.37	2023-11-13	13:49:59
317.6180	10.09	35.00	8.0840	7.38	2023-11-13	14:49:59
317.6597	9.98	35.00	8.0830	7.38	2023-11-13	15:49:59
317.7014	10.05	35.00	8.1020	7.38	2023-11-13	16:49:59
317.7430	10.16	35.00	8.1054	7.38	2023-11-13	17:49:59
317.7847	10.27	35.00	8.1189	7.38	2023-11-13	18:49:59
317.8264	10.34	35.00	8.0901	7.39	2023-11-13	19:49:59
317.8680	10.52	35.00	8.0616	7.40	2023-11-13	20:49:59
317.9097	10.38	35.00	8.0282	7.39	2023-11-13	21:49:59
317.9514	9.91	35.00	7.9824	7.39	2023-11-13	22:49:59
317.9930	9.60	35.00	7.9325	7.36	2023-11-13	23:49:59
318.0347	10.27	35.00	8.0415	7.35	2023-11-14	00:49:59
318.0764	10.45	35.00	8.0504	7.37	2023-11-14	01:49:59
318.1180	10.36	35.00	8.0632	7.38	2023-11-14	02:49:59
318.1597	10.07	35.00	8.0707	7.38	2023-11-14	03:49:59
318.2014	10.00	35.00	8.0738	7.36	2023-11-14	04:49:59
318.2430	10.07	35.00	8.0634	7.35	2023-11-14	05:49:59
318.2847	10.07	35.00	8.0669	7.35	2023-11-14	06:49:59
318.3264	9.91	35.00	8.0687	7.34	2023-11-14	07:49:59
318.3680	9.85	35.00	8.0703	7.34	2023-11-14	08:49:59
318.4097	9.74	35.00	8.0410	7.33	2023-11-14	09:49:59
318.4514	9.40	35.00	7.9921	7.31	2023-11-14	10:49:59
318.4930	9.49	35.00	7.9924	7.28	2023-11-14	11:49:59
318.5347	10.00	35.00	8.0452	7.30	2023-11-14	12:49:59
318.5764	10.05	35.00	8.0484	7.31	2023-11-14	13:49:59
318.6180	10.07	35.00	8.0622	7.32	2023-11-14	14:49:59
318.6597	9.91	35.00	8.0740	7.32	2023-11-14	15:49:59
318.7014	10.07	35.00	8.0785	7.32	2023-11-14	16:49:59
318.7430	10.18	35.00	8.0787	7.32	2023-11-14	17:49:59
318.7847	10.16	35.00	8.0876	7.32	2023-11-14	18:49:59
318.8264	10.18	35.00	8.0741	7.32	2023-11-14	19:49:59
318.8680	10.07	35.00	8.0712	7.32	2023-11-14	20:49:59
318.9097	9.91	35.00	8.0520	7.31	2023-11-14	21:49:59
318.9514	9.58	35.00	7.9959	7.29	2023-11-14	22:49:59
318.9930	9.18	35.00	7.9338	7.25	2023-11-14	23:49:59
319.0347	8.96	35.00	7.8981	7.22	2023-11-15	00:49:59
319.0764	9.89	35.00	8.0315	7.22	2023-11-15	01:49:59
319.1180	9.82	35.00	8.0625	7.24	2023-11-15	02:49:59
319.1597	9.67	35.00	8.0717	7.26	2023-11-15	03:49:59
319.2014	9.71	35.00	8.0759	7.26	2023-11-15	04:49:59
319.2430	9.82	35.00	8.0727	7.25	2023-11-15	05:49:59
319.2847	9.87	35.00	8.0627	7.26	2023-11-15	06:49:59
319.3264	9.78	35.00	8.0663	7.26	2023-11-15	07:49:59
319.3680	9.60	35.00	8.0699	7.24	2023-11-15	08:49:59
319.4097	9.49	35.00	8.0576	7.23	2023-11-15	09:49:59
319.4514	9.18	35.00	8.0161	7.22	2023-11-15	10:49:59
319.4930	8.91	35.00	7.9656	7.19	2023-11-15	11:49:59
319.5347	9.74	35.00	8.0367	7.19	2023-11-15	12:49:59
319.5764	9.85	35.00	8.0551	7.22	2023-11-15	13:49:59
319.6180	10.00	35.00	8.0607	7.23	2023-11-15	14:49:59
319.6597	10.07	35.00	8.0676	7.25	2023-11-15	15:49:59
319.7014	10.11	35.00	8.0807	7.25	2023-11-15	16:49:59
319.7430	10.23	35.00	8.0882	7.26	2023-11-15	17:49:59
319.7847	10.27	35.00	8.0896	7.27	2023-11-15	18:49:59
319.8264	10.27	35.00	8.0969	7.27	2023-11-15	19:49:59
319.8680	10.25	35.00	8.0892	7.27	2023-11-15	20:49:59
319.9097	10.27	35.00	8.0761	7.27	2023-11-15	21:49:59
319.9514	10.20	35.00	8.0505	7.25	2023-11-15	22:49:59
319.9930	9.85	35.00	8.0192	7.25	2023-11-15	23:49:59
320.0347	9.49	35.00	7.9650	7.22	2023-11-16	00:49:59
320.0764	9.38	35.00	7.9314	7.19	2023-11-16	01:49:59
320.1180	9.67	35.00	8.0863	7.19	2023-11-16	02:49:59
320.1597	9.42	35.00	8.0682	7.18	2023-11-16	03:49:59
320.2014	9.25	35.00	8.0988	7.17	2023-11-16	04:49:59
320.2430	9.13	35.00	8.1126	7.14	2023-11-16	05:49:59
320.2847	9.13	35.00	8.1269	7.13	2023-11-16	06:49:59
320.3264	9.09	35.00	8.0968	7.12	2023-11-16	07:49:59
320.3680	9.07	35.00	8.0980	7.12	2023-11-16	08:49:59
320.4097	9.09	35.00	8.0919	7.10	2023-11-16	09:49:59
320.4514	9.11	35.00	8.0443	7.10	2023-11-16	10:49:59
320.4930	8.93	35.00	7.9499	7.10	2023-11-16	11:49:59
320.5347	8.85	35.00	7.9106	7.08	2023-11-16	12:49:59
320.5764	8.87	35.00	8.0329	7.07	2023-11-16	13:49:59
320.6180	8.91	35.00	8.0820	7.07	2023-11-16	14:49:59
320.6597	9.02	35.00	8.0943	7.06	2023-11-16	15:49:59
320.7014	9.16	35.00	8.0918	7.08	2023-11-16	16:49:59
320.7430	9.40	35.00	8.0972	7.09	2023-11-16	17:49:59
320.7847	9.58	35.00	8.1128	7.11	2023-11-16	18:49:59
320.8264	9.67	35.00	8.1201	7.12	2023-11-16	19:49:59
320.8680	9.67	35.00	8.1176	7.13	2023-11-16	20:49:59
320.9097	9.56	35.00	8.1065	7.12	2023-11-16	21:49:59
320.9514	9.71	35.00	8.0605	7.12	2023-11-16	22:49:59
320.9930	9.69	35.00	8.0051	7.12	2023-11-16	23:49:59
321.0347	9.58	35.00	7.9338	7.13	2023-11-17	00:49:59
321.0764	9.45	35.00	7.8821	7.12	2023-11-17	01:49:59
321.1180	9.62	35.00	7.9804	7.11	2023-11-17	02:49:59
321.1597	9.58	35.00	8.0695	7.12	2023-11-17	03:49:59
321.2014	9.53	35.00	8.0917	7.12	2023-11-17	04:49:59
321.2430	9.53	35.00	8.0887	7.12	2023-11-17	05:49:59
321.2847	9.60	35.00	8.0728	7.11	2023-11-17	06:49:59
321.3264	9.65	35.00	8.0878	7.10	2023-11-17	07:49:59
321.3680	9.62	35.00	8.0919	7.11	2023-11-17	08:49:59
321.4097	9.56	35.00	8.0792	7.11	2023-11-17	09:49:59
321.4514	9.45	35.00	8.0837	7.10	2023-11-17	10:49:59
321.4930	9.27	35.00	8.0633	7.07	2023-11-17	11:49:59
321.5347	9.11	35.00	8.0074	7.06	2023-11-17	12:49:59
321.5764	9.16	35.00	8.0014	7.04	2023-11-17	13:49:59
321.6180	9.67	35.00	8.0894	7.06	2023-11-17	14:49:59
321.6597	9.91	35.00	8.0977	7.08	2023-11-17	15:49:59
321.7014	10.07	35.00	8.0960	7.10	2023-11-17	16:49:59
321.7430	10.25	35.00	8.1059	7.13	2023-11-17	17:49:59
321.7847	10.45	35.00	8.1017	7.14	2023-11-17	18:49:59
321.8264	10.54	35.00	8.1064	7.16	2023-11-17	19:49:59
321.8680	10.58	35.00	8.1068	7.18	2023-11-17	20:49:59
321.9097	10.56	35.00	8.1123	7.17	2023-11-17	21:49:59
321.9514	10.52	35.00	8.1047	7.18	2023-11-17	22:49:59
321.9930	10.56	35.00	8.0676	7.17	2023-11-17	23:49:59
322.0347	10.61	35.00	8.0392	7.17	2023-11-18	00:49:59
322.0764	10.56	35.00	7.9688	7.17	2023-11-18	01:49:59
322.1180	10.49	35.00	7.9205	7.17	2023-11-18	02:49:59
322.1597	10.52	35.00	7.8935	7.17	2023-11-18	03:49:59
322.2014	10.40	35.00	8.0327	7.17	2023-11-18	04:49:59
322.2430	10.27	35.00	8.0607	7.16	2023-11-18	05:49:59
322.2847	10.29	35.00	8.0696	7.14	2023-11-18	06:49:59
322.3264	10.49	35.00	8.0523	7.14	2023-11-18	07:49:59
322.3680	10.52	35.00	8.0506	7.16	2023-11-18	08:49:59
322.4097	10.52	35.00	0.0000	7.15	2023-11-18	09:49:59
322.4514	10.49	35.00	8.0482	7.16	2023-11-18	10:49:59
322.4930	10.40	35.00	8.0396	7.15	2023-11-18	11:49:59
322.5347	10.38	35.00	8.0059	7.14	2023-11-18	12:49:59
322.5764	10.52	35.00	7.9277	7.13	2023-11-18	13:49:59
322.6180	10.58	35.00	7.9249	7.14	2023-11-18	14:49:59
322.6597	10.63	35.00	8.0487	7.14	2023-11-18	15:49:59
322.7014	10.56	35.00	8.0731	7.14	2023-11-18	16:49:59
322.7430	10.72	35.00	8.0822	7.15	2023-11-18	17:49:59
322.7847	10.72	35.00	8.0815	7.15	2023-11-18	18:49:59
322.8264	10.72	35.00	8.0930	7.16	2023-11-18	19:49:59
322.8680	10.72	35.00	8.0977	7.15	2023-11-18	20:49:59
322.9097	10.70	35.00	8.0962	7.15	2023-11-18	21:49:59
322.9514	10.67	35.00	8.0924	7.14	2023-11-18	22:49:59
322.9930	10.61	35.00	8.0679	7.14	2023-11-18	23:49:59
323.0347	10.43	35.00	8.0325	7.12	2023-11-19	00:49:59
323.0764	10.27	35.00	7.9705	7.11	2023-11-19	01:49:59
323.1180	10.18	35.00	7.8958	7.09	2023-11-19	02:49:59
323.1597	10.11	35.00	7.8315	7.08	2023-11-19	03:49:59
323.2014	10.02	35.00	7.8208	7.07	2023-11-19	04:49:59
323.2430	10.16	35.00	8.0273	7.07	2023-11-19	05:49:59
323.2847	9.96	35.00	8.0355	7.06	2023-11-19	06:49:59
323.3264	9.85	35.00	8.0503	7.04	2023-11-19	07:49:59
323.3680	9.74	35.00	8.0601	7.02	2023-11-19	08:49:59
323.4097	9.76	35.00	8.0604	7.01	2023-11-19	09:49:59
323.4514	9.76	35.00	8.0586	7.01	2023-11-19	10:49:59
323.4930	9.56	35.00	8.0511	6.99	2023-11-19	11:49:59
323.5347	9.45	35.00	8.0484	6.98	2023-11-19	12:49:59
323.5764	9.20	35.00	7.9934	6.95	2023-11-19	13:49:59
323.6180	9.11	35.00	7.9445	6.93	2023-11-19	14:49:59
323.6597	9.16	35.00	7.9138	6.91	2023-11-19	15:49:59
323.7014	9.96	35.00	8.0520	6.93	2023-11-19	16:49:59
323.7430	10.09	35.00	8.0683	6.97	2023-11-19	17:49:59
323.7847	10.07	35.00	8.0896	6.99	2023-11-19	18:49:59
323.8264	10.05	35.00	8.0916	7.00	2023-11-19	19:49:59
323.8680	9.96	35.00	8.0907	7.00	2023-11-19	20:49:59
323.9097	9.98	35.00	8.0998	6.99	2023-11-19	21:49:59
323.9514	9.96	35.00	8.1009	6.99	2023-11-19	22:49:59
323.9930	9.91	35.00	8.0980	6.98	2023-11-19	23:49:59
324.0347	9.78	35.00	8.0838	6.98	2023-11-20	00:49:59
324.0764	9.60	35.00	8.0355	6.95	2023-11-20	01:49:59
324.1180	9.36	35.00	7.9790	6.94	2023-11-20	02:49:59
324.1597	9.07	35.00	7.8889	6.90	2023-11-20	03:49:59
324.2014	8.91	35.00	7.8271	6.87	2023-11-20	04:49:59
324.2430	9.47	35.00	7.9880	6.84	2023-11-20	05:49:59
324.2847	9.45	35.00	8.0555	6.87	2023-11-20	06:49:59
324.3264	9.36	35.00	8.0729	6.88	2023-11-20	07:49:59
324.3680	9.27	35.00	8.0783	6.88	2023-11-20	08:49:59
324.4097	9.16	35.00	8.0762	6.87	2023-11-20	09:49:59
324.4514	9.16	35.00	8.0795	6.85	2023-11-20	10:49:59
324.4930	9.05	35.00	8.0786	6.84	2023-11-20	11:49:59
324.5347	8.91	35.00	8.0766	6.82	2023-11-20	12:49:59
324.5764	8.80	35.00	8.0733	6.82	2023-11-20	13:49:59
324.6180	8.45	35.00	8.0389	6.78	2023-11-20	14:49:59
324.6597	8.20	35.00	7.9543	6.74	2023-11-20	15:49:59
324.7014	8.18	35.00	7.9019	6.71	2023-11-20	16:49:59
324.7430	9.16	35.00	8.0711	6.73	2023-11-20	17:49:59
324.7847	9.22	35.00	8.0849	6.79	2023-11-20	18:49:59
324.8264	9.20	35.00	8.1111	6.80	2023-11-20	19:49:59
324.8680	8.98	35.00	8.1073	6.80	2023-11-20	20:49:59
324.9097	8.89	35.00	8.1122	6.79	2023-11-20	21:49:59
324.9514	8.85	35.00	8.1113	6.77	2023-11-20	22:49:59
324.9930	8.82	35.00	8.1162	6.76	2023-11-20	23:49:59
325.0347	8.71	35.00	8.1099	6.76	2023-11-21	00:49:59
325.0764	8.58	35.00	8.1004	6.74	2023-11-21	01:49:59
325.1180	8.27	35.00	8.0750	6.71	2023-11-21	02:49:59
325.1597	7.80	35.00	8.0035	6.65	2023-11-21	03:49:59
325.2014	7.38	35.00	7.9195	6.59	2023-11-21	04:49:59
325.2430	7.40	35.00	7.8992	6.53	2023-11-21	05:49:59
325.2847	8.49	35.00	8.0559	6.57	2023-11-21	06:49:59
325.3264	8.40	35.00	8.0879	6.62	2023-11-21	07:49:59
325.3680	8.38	35.00	8.0873	6.64	2023-11-21	08:49:59
325.4097	8.27	35.00	8.0878	6.63	2023-11-21	09:49:59
325.4514	8.25	35.00	8.0893	6.62	2023-11-21	10:49:59
325.4930	8.27	35.00	8.0927	6.61	2023-11-21	11:49:59
325.5347	8.18	35.00	8.1013	6.61	2023-11-21	12:49:59
325.5764	8.09	35.00	8.0946	6.60	2023-11-21	13:49:59
325.6180	7.98	35.00	8.0783	6.58	2023-11-21	14:49:59
325.6597	7.74	35.00	8.0514	6.56	2023-11-21	15:49:59
325.7014	7.56	35.00	8.0107	6.53	2023-11-21	16:49:59
325.7430	7.45	35.00	7.9639	6.48	2023-11-21	17:49:59
325.7847	8.27	35.00	8.1121	6.50	2023-11-21	18:49:59
325.8264	8.22	35.00	8.1423	6.55	2023-11-21	19:49:59
325.8680	8.16	35.00	8.1576	6.56	2023-11-21	20:49:59
325.9097	8.18	35.00	8.1483	6.56	2023-11-21	21:49:59
325.9514	8.09	35.00	8.1393	6.56	2023-11-21	22:49:59
325.9930	8.02	35.00	8.1436	6.56	2023-11-21	23:49:59
326.0347	7.96	35.00	8.1409	6.54	2023-11-22	00:49:59
326.0764	7.94	35.00	8.1387	6.54	2023-11-22	01:49:59
326.1180	7.89	35.00	8.1338	6.53	2023-11-22	02:49:59
326.1597	7.67	35.00	8.1014	6.50	2023-11-22	03:49:59
326.2014	7.40	35.00	8.0571	6.47	2023-11-22	04:49:59
326.2430	7.16	35.00	7.9971	6.43	2023-11-22	05:49:59
326.2847	7.12	35.00	7.9788	6.37	2023-11-22	06:49:59
326.3264	7.43	35.00	8.0770	6.37	2023-11-22	07:49:59
326.3680	7.45	35.00	8.1065	6.39	2023-11-22	08:49:59
326.4097	7.47	35.00	8.1170	6.39	2023-11-22	09:49:59
326.4514	7.56	35.00	8.1116	6.39	2023-11-22	10:49:59
326.4930	7.67	35.00	8.1171	6.41	2023-11-22	11:49:59
326.5347	7.74	35.00	8.1267	6.41	2023-11-22	12:49:59
326.5764	7.89	35.00	8.1189	6.43	2023-11-22	13:49:59
326.6180	8.02	35.00	8.1143	6.45	2023-11-22	14:49:59
326.6597	7.94	35.00	8.0896	6.47	2023-11-22	15:49:59
326.7014	7.91	35.00	8.0914	6.46	2023-11-22	16:49:59
326.7430	8.07	35.00	8.0944	6.46	2023-11-22	17:49:59
326.7847	8.25	35.00	8.1011	6.48	2023-11-22	18:49:59
326.8264	8.31	35.00	8.0480	6.50	2023-11-22	19:49:59
326.8680	8.33	35.00	8.0348	6.51	2023-11-22	20:49:59
326.9097	8.56	35.00	8.1152	6.52	2023-11-22	21:49:59
326.9514	8.69	35.00	8.0705	6.56	2023-11-22	22:49:59
326.9930	8.71	35.00	8.0869	6.56	2023-11-22	23:49:59
327.0347	8.67	35.00	8.0789	6.58	2023-11-23	00:49:59
327.0764	8.69	35.00	8.0826	6.58	2023-11-23	01:49:59
327.1180	8.67	35.00	8.0747	6.58	2023-11-23	02:49:59
327.1597	8.65	35.00	8.0649	6.57	2023-11-23	03:49:59
327.2014	8.49	35.00	8.0786	6.56	2023-11-23	04:49:59
327.2430	8.33	35.00	8.0303	6.54	2023-11-23	05:49:59
327.2847	8.20	35.00	7.9351	6.52	2023-11-23	06:49:59
327.3264	8.13	35.00	7.9673	6.50	2023-11-23	07:49:59
327.3680	8.69	35.00	8.0205	6.50	2023-11-23	08:49:59
327.4097	8.71	35.00	8.0641	6.53	2023-11-23	09:49:59
327.4514	8.69	35.00	8.0522	6.56	2023-11-23	10:49:59
327.4930	8.60	35.00	8.0461	6.56	2023-11-23	11:49:59
327.5347	8.51	35.00	8.0568	6.55	2023-11-23	12:49:59
327.5764	8.67	35.00	8.0553	6.55	2023-11-23	13:49:59
327.6180	8.78	35.00	8.0609	6.56	2023-11-23	14:49:59
327.6597	8.73	35.00	8.0666	6.56	2023-11-23	15:49:59
327.7014	8.82	35.00	8.0482	6.57	2023-11-23	16:49:59
327.7430	9.13	35.00	8.0242	6.57	2023-11-23	17:49:59
327.7847	9.31	35.00	8.0066	6.60	2023-11-23	18:49:59
327.8264	9.29	35.00	7.9798	6.63	2023-11-23	19:49:59
327.8680	9.29	35.00	7.9742	6.63	2023-11-23	20:49:59
327.9097	9.33	35.00	8.0682	6.64	2023-11-23	21:49:59
327.9514	9.29	35.00	8.0738	6.65	2023-11-23	22:49:59
327.9930	9.27	35.00	8.0873	6.65	2023-11-23	23:49:59
328.0347	9.27	35.00	8.0989	6.64	2023-11-24	00:49:59
328.0764	9.20	35.00	8.1081	6.64	2023-11-24	01:49:59
328.1180	9.16	35.00	8.1001	6.63	2023-11-24	02:49:59
328.1597	9.09	35.00	8.0838	6.62	2023-11-24	03:49:59
328.2014	9.00	35.00	8.0746	6.60	2023-11-24	04:49:59
328.2430	8.69	35.00	8.0081	6.58	2023-11-24	05:49:59
328.2847	8.38	35.00	7.9484	6.53	2023-11-24	06:49:59
328.3264	8.18	35.00	7.8843	6.49	2023-11-24	07:49:59
328.3680	8.09	35.00	7.8692	6.45	2023-11-24	08:49:59
328.4097	8.91	35.00	8.0140	6.47	2023-11-24	09:49:59
328.4514	8.96	35.00	8.0561	6.50	2023-11-24	10:49:59
328.4930	8.96	35.00	8.0621	6.53	2023-11-24	11:49:59
328.5347	8.80	35.00	8.0505	6.53	2023-11-24	12:49:59
328.5764	8.80	35.00	8.0594	6.52	2023-11-24	13:49:59
328.6180	8.91	35.00	8.0456	6.52	2023-11-24	14:49:59
328.6597	8.96	35.00	8.0579	6.52	2023-11-24	15:49:59
328.7014	9.05	35.00	8.0504	6.54	2023-11-24	16:49:59
328.7430	9.25	35.00	8.0353	6.54	2023-11-24	17:49:59
328.7847	9.51	35.00	8.0165	6.56	2023-11-24	18:49:59
328.8264	9.45	35.00	7.9922	6.59	2023-11-24	19:49:59
328.8680	9.18	35.00	7.9639	6.59	2023-11-24	20:49:59
328.9097	9.09	35.00	7.9482	6.57	2023-11-24	21:49:59
328.9514	9.20	35.00	8.0430	6.56	2023-11-24	22:49:59
328.9930	9.09	35.00	8.0576	6.55	2023-11-24	23:49:59
329.0347	8.98	35.00	8.0735	6.54	2023-11-25	00:49:59
329.0764	8.85	35.00	8.0729	6.52	2023-11-25	01:49:59
329.1180	8.76	35.00	8.0780	6.49	2023-11-25	02:49:59
329.1597	8.71	35.00	8.0721	6.48	2023-11-25	03:49:59
329.2014	8.58	35.00	8.0748	6.45	2023-11-25	04:49:59
329.2430	8.40	35.00	8.0607	6.42	2023-11-25	05:49:59
329.2847	7.87	35.00	8.0182	6.36	2023-11-25	06:49:59
329.3264	7.40	35.00	7.9429	6.28	2023-11-25	07:49:59
329.3680	7.12	35.00	7.8898	6.19	2023-11-25	08:49:59
329.4097	7.96	35.00	8.0238	6.14	2023-11-25	09:49:59
329.4514	7.98	35.00	8.0559	6.20	2023-11-25	10:49:59
329.4930	8.02	35.00	8.0653	6.24	2023-11-25	11:49:59
329.5347	7.56	35.00	8.0686	6.22	2023-11-25	12:49:59
329.5764	7.67	35.00	8.0665	6.19	2023-11-25	13:49:59
329.6180	7.80	35.00	8.0796	6.19	2023-11-25	14:49:59
329.6597	7.80	35.00	8.0869	6.20	2023-11-25	15:49:59
329.7014	7.87	35.00	8.0874	6.19	2023-11-25	16:49:59
329.7430	7.89	35.00	8.0814	6.19	2023-11-25	17:49:59
329.7847	7.85	35.00	8.0656	6.18	2023-11-25	18:49:59
329.8264	7.78	35.00	8.0531	6.17	2023-11-25	19:49:59
329.8680	7.43	35.00	8.0225	6.14	2023-11-25	20:49:59
329.9097	7.07	35.00	7.9958	6.08	2023-11-25	21:49:59
329.9514	7.49	35.00	8.0587	6.02	2023-11-25	22:49:59
329.9930	7.94	35.00	8.0755	6.08	2023-11-25	23:49:59
330.0347	7.82	35.00	8.0800	6.13	2023-11-26	00:49:59
330.0764	7.54	35.00	8.1048	6.13	2023-11-26	01:49:59
330.1180	7.47	35.00	8.1010	6.10	2023-11-26	02:49:59
330.1597	7.43	35.00	8.1066	6.07	2023-11-26	03:49:59
330.2014	7.40	35.00	8.1040	6.05	2023-11-26	04:49:59
330.2430	7.32	35.00	8.1090	6.04	2023-11-26	05:49:59
330.2847	7.16	35.00	8.0957	6.01	2023-11-26	06:49:59
330.3264	6.87	35.00	8.0832	5.95	2023-11-26	07:49:59
330.3680	6.39	35.00	8.0358	5.86	2023-11-26	08:49:59
330.4097	6.21	35.00	8.0170	5.73	2023-11-26	09:49:59
330.4514	7.03	35.00	8.0687	5.71	2023-11-26	10:49:59
330.4930	7.40	35.00	8.0855	5.83	2023-11-26	11:49:59
330.5347	7.60	35.00	8.0883	5.93	2023-11-26	12:49:59
330.5764	7.85	35.00	8.0859	6.02	2023-11-26	13:49:59
330.6180	7.45	35.00	8.1005	6.06	2023-11-26	14:49:59
330.6597	7.12	35.00	8.1149	6.00	2023-11-26	15:49:59
330.7014	7.27	35.00	8.1132	5.97	2023-11-26	16:49:59
330.7430	7.25	35.00	8.1101	5.95	2023-11-26	17:49:59
330.7847	7.43	35.00	8.1003	5.96	2023-11-26	18:49:59
330.8264	7.78	35.00	8.0878	6.00	2023-11-26	19:49:59
330.8680	7.67	35.00	8.0771	6.04	2023-11-26	20:49:59
330.9097	7.20	35.00	8.0546	6.01	2023-11-26	21:49:59
330.9514	6.78	35.00	8.0187	5.93	2023-11-26	22:49:59
330.9930	6.74	35.00	7.9988	5.84	2023-11-26	23:49:59
331.0347	6.87	35.00	8.1013	5.82	2023-11-27	00:49:59
331.0764	6.78	35.00	8.1110	5.80	2023-11-27	01:49:59
331.1180	6.72	35.00	8.1143	5.78	2023-11-27	02:49:59
331.1597	6.74	35.00	8.1176	5.74	2023-11-27	03:49:59
331.2014	6.81	35.00	8.0987	5.73	2023-11-27	04:49:59
331.2430	6.87	35.00	8.1517	5.74	2023-11-27	05:49:59
331.2847	6.92	35.00	8.2078	5.76	2023-11-27	06:49:59
331.3264	6.92	35.00	8.1969	5.75	2023-11-27	07:49:59
331.3680	6.96	35.00	8.1027	5.76	2023-11-27	08:49:59
331.4097	7.09	35.00	8.0811	5.78	2023-11-27	09:49:59
331.4514	7.27	35.00	8.0719	5.81	2023-11-27	10:49:59
331.4930	7.34	35.00	8.0568	5.86	2023-11-27	11:49:59
331.5347	7.47	35.00	8.0976	5.88	2023-11-27	12:49:59
331.5764	7.51	35.00	8.1073	5.91	2023-11-27	13:49:59
331.6180	8.05	35.00	8.1266	5.97	2023-11-27	14:49:59
331.6597	8.53	35.00	8.1144	6.07	2023-11-27	15:49:59
331.7014	8.67	35.00	8.1296	6.17	2023-11-27	16:49:59
331.7430	8.71	35.00	8.1207	6.22	2023-11-27	17:49:59
331.7847	8.78	35.00	8.1188	6.24	2023-11-27	18:49:59
331.8264	8.80	35.00	8.0880	6.27	2023-11-27	19:49:59
331.8680	8.96	35.00	8.0875	6.28	2023-11-27	20:49:59
331.9097	8.91	35.00	8.0680	6.30	2023-11-27	21:49:59
331.9514	8.76	35.00	8.0343	6.30	2023-11-27	22:49:59
331.9930	8.53	35.00	7.9912	6.28	2023-11-27	23:49:59
332.0347	8.40	35.00	7.9872	6.25	2023-11-28	00:49:59
332.0764	8.49	35.00	8.0771	6.23	2023-11-28	01:49:59
332.1180	8.45	35.00	8.0998	6.23	2023-11-28	02:49:59
332.1597	8.33	35.00	8.1009	6.22	2023-11-28	03:49:59
332.2014	8.27	35.00	8.0770	6.18	2023-11-28	04:49:59
332.2430	8.29	35.00	8.0984	6.17	2023-11-28	05:49:59
332.2847	8.25	35.00	8.1102	6.17	2023-11-28	06:49:59
332.3264	8.18	35.00	8.0923	6.15	2023-11-28	07:49:59
332.3680	8.02	35.00	8.0878	6.12	2023-11-28	08:49:59
332.4097	7.76	35.00	8.0487	6.09	2023-11-28	09:49:59
332.4514	7.56	35.00	8.0229	6.04	2023-11-28	10:49:59
332.4930	7.49	35.00	8.0163	5.98	2023-11-28	11:49:59
332.5347	7.94	35.00	8.0690	5.97	2023-11-28	12:49:59
332.5764	7.94	35.00	8.0956	5.99	2023-11-28	13:49:59
332.6180	7.87	35.00	8.1160	6.00	2023-11-28	14:49:59
332.6597	7.87	35.00	8.1290	6.00	2023-11-28	15:49:59
332.7014	7.85	35.00	8.1102	6.00	2023-11-28	16:49:59
332.7430	7.89	35.00	8.1262	5.99	2023-11-28	17:49:59
332.7847	7.96	35.00	8.1278	5.98	2023-11-28	18:49:59
332.8264	7.94	35.00	8.1371	5.99	2023-11-28	19:49:59
332.8680	7.89	35.00	8.1134	5.98	2023-11-28	20:49:59
332.9097	7.65	35.00	8.0904	5.94	2023-11-28	21:49:59
332.9514	7.27	35.00	8.0736	5.86	2023-11-28	22:49:59
332.9930	6.89	35.00	8.0313	5.75	2023-11-28	23:49:59
333.0347	6.58	35.00	7.9964	5.61	2023-11-29	00:49:59
333.0764	6.50	35.00	7.9878	5.44	2023-11-29	01:49:59