Year Day	Temperature C	SalinityConst	pHConstSal	Battery Voltage	DateStr	TimeStr
178.7014	22.81	35.00	7.2415	9.64	2023-06-27	16:50:00
178.7430	23.09	35.00	7.1437	9.74	2023-06-27	17:49:59
178.7847	22.91	35.00	7.2370	9.80	2023-06-27	18:49:59
178.8264	22.23	35.00	7.6853	9.80	2023-06-27	19:49:59
178.8680	22.26	35.00	7.7829	9.84	2023-06-27	20:49:59
178.9097	22.41	35.00	7.8091	9.85	2023-06-27	21:49:59
178.9514	22.41	35.00	7.8280	9.85	2023-06-27	22:49:59
178.9930	22.36	35.00	7.8509	9.88	2023-06-27	23:49:59
179.0347	22.31	35.00	7.8616	9.90	2023-06-28	00:49:59
179.0764	22.23	35.00	7.8358	9.91	2023-06-28	01:49:59
179.1180	22.26	35.00	7.8122	9.86	2023-06-28	02:49:59
179.1597	22.21	35.00	7.7559	9.85	2023-06-28	03:49:59
179.2014	22.21	35.00	7.5949	9.78	2023-06-28	04:49:59
179.2430	22.38	35.00	7.3438	9.84	2023-06-28	05:49:59
179.2847	22.48	35.00	7.1591	9.88	2023-06-28	06:49:59
179.3264	22.36	35.00	7.2109	9.89	2023-06-28	07:49:59
179.3680	21.86	35.00	7.5502	9.89	2023-06-28	08:49:59
179.4097	21.76	35.00	7.6627	9.90	2023-06-28	09:49:59
179.4514	21.71	35.00	7.7020	9.90	2023-06-28	10:49:59
179.4930	21.71	35.00	7.7430	9.91	2023-06-28	11:49:59
179.5347	21.81	35.00	7.7061	9.92	2023-06-28	12:49:59
179.5764	21.86	35.00	7.7624	9.92	2023-06-28	13:49:59
179.6180	21.88	35.00	7.7239	9.91	2023-06-28	14:49:59
179.6597	22.11	35.00	7.6743	9.88	2023-06-28	15:49:59
179.7014	22.53	35.00	7.5644	9.88	2023-06-28	16:49:59
179.7430	23.09	35.00	7.3786	9.92	2023-06-28	17:49:59
179.7847	23.60	35.00	7.2848	9.94	2023-06-28	18:49:59
179.8264	23.09	35.00	7.6100	9.95	2023-06-28	19:49:59
179.8680	22.86	35.00	7.7246	9.95	2023-06-28	20:49:59
179.9097	22.86	35.00	7.7604	9.95	2023-06-28	21:49:59
179.9514	22.86	35.00	7.7686	9.95	2023-06-28	22:49:59
179.9930	22.76	35.00	7.7645	9.95	2023-06-28	23:49:59
180.0347	22.71	35.00	7.7620	9.96	2023-06-29	00:49:59
180.0764	22.58	35.00	7.7680	9.96	2023-06-29	01:49:59
180.1180	22.56	35.00	7.7547	9.94	2023-06-29	02:49:59
180.1597	22.56	35.00	7.7132	9.91	2023-06-29	03:49:59
180.2014	22.48	35.00	7.6431	9.90	2023-06-29	04:49:59
180.2430	22.43	35.00	7.4997	9.89	2023-06-29	05:49:59
180.2847	22.56	35.00	7.3169	9.89	2023-06-29	06:49:59
180.3264	22.64	35.00	7.1775	9.92	2023-06-29	07:49:59
180.3680	22.46	35.00	7.2425	9.93	2023-06-29	08:49:59
180.4097	22.11	35.00	7.5627	9.94	2023-06-29	09:49:59
180.4514	22.13	35.00	7.6632	9.94	2023-06-29	10:49:59
180.4930	22.23	35.00	7.7085	9.93	2023-06-29	11:49:59
180.5347	22.33	35.00	7.7381	9.95	2023-06-29	12:49:59
180.5764	22.46	35.00	7.7652	9.95	2023-06-29	13:49:59
180.6180	22.58	35.00	7.7434	9.95	2023-06-29	14:49:59
180.6597	22.81	35.00	7.7254	9.95	2023-06-29	15:49:59
180.7014	23.09	35.00	7.6873	9.94	2023-06-29	16:49:59
180.7430	23.68	35.00	7.5710	9.95	2023-06-29	17:49:59
180.7847	24.37	35.00	7.3888	9.97	2023-06-29	18:49:59
180.8264	24.30	35.00	7.3455	9.99	2023-06-29	19:49:59
180.8680	23.65	35.00	7.6742	9.99	2023-06-29	20:49:59
180.9097	23.34	35.00	7.7587	9.99	2023-06-29	21:49:59
180.9514	23.45	35.00	7.7949	9.99	2023-06-29	22:49:59
180.9930	23.57	35.00	7.7966	9.98	2023-06-29	23:49:59
181.0347	23.73	35.00	7.7972	9.99	2023-06-30	00:49:59
181.0764	23.60	35.00	7.7966	9.99	2023-06-30	01:49:59
181.1180	23.40	35.00	7.7971	10.00	2023-06-30	02:49:59
181.1597	23.50	35.00	7.7543	9.98	2023-06-30	03:49:59
181.2014	23.37	35.00	7.7192	9.96	2023-06-30	04:49:59
181.2430	23.12	35.00	7.6237	9.92	2023-06-30	05:49:59
181.2847	23.09	35.00	7.4635	9.93	2023-06-30	06:49:59
181.3264	23.37	35.00	7.2740	9.95	2023-06-30	07:49:59
181.3680	23.52	35.00	7.1710	9.96	2023-06-30	08:49:59
181.4097	22.76	35.00	7.3136	9.97	2023-06-30	09:49:59
181.4514	22.48	35.00	7.6648	9.96	2023-06-30	10:49:59
181.4930	22.48	35.00	7.7229	9.96	2023-06-30	11:49:59
181.5347	22.53	35.00	7.7366	9.96	2023-06-30	12:49:59
181.5764	22.74	35.00	7.7507	9.96	2023-06-30	13:49:59
181.6180	22.61	35.00	7.7871	9.96	2023-06-30	14:49:59
181.6597	23.24	35.00	7.7602	9.97	2023-06-30	15:49:59
181.7014	23.52	35.00	7.7334	9.97	2023-06-30	16:49:59
181.7430	23.91	35.00	7.6972	9.96	2023-06-30	17:49:59
181.7847	24.87	35.00	7.5715	9.98	2023-06-30	18:49:59
181.8264	25.60	35.00	7.3968	10.01	2023-06-30	19:49:59
181.8680	24.81	35.00	7.4901	10.02	2023-06-30	20:49:59
181.9097	24.74	35.00	7.7613	10.02	2023-06-30	21:49:59
181.9514	24.55	35.00	7.7653	10.01	2023-06-30	22:49:59
181.9930	24.45	35.00	7.7612	10.01	2023-06-30	23:49:59
182.0347	24.71	35.00	7.7455	10.01	2023-07-01	00:49:59
182.0764	24.66	35.00	7.7549	10.01	2023-07-01	01:49:59
182.1180	24.66	35.00	7.8050	10.02	2023-07-01	02:49:59
182.1597	24.53	35.00	7.8133	10.02	2023-07-01	03:49:59
182.2014	24.55	35.00	7.7770	10.00	2023-07-01	04:49:59
182.2430	24.35	35.00	7.6853	9.99	2023-07-01	05:49:59
182.2847	24.17	35.00	7.5509	9.97	2023-07-01	06:49:59
182.3264	24.27	35.00	7.3705	9.96	2023-07-01	07:49:59
182.3680	24.55	35.00	7.1810	9.98	2023-07-01	08:49:59
182.4097	24.68	35.00	7.0928	10.00	2023-07-01	09:49:59
182.4514	24.04	35.00	7.3832	10.00	2023-07-01	10:49:59
182.4930	23.81	35.00	7.6405	10.00	2023-07-01	11:49:59
182.5347	23.86	35.00	7.6946	10.00	2023-07-01	12:49:59
182.5764	23.99	35.00	7.7451	10.00	2023-07-01	13:49:59
182.6180	24.22	35.00	7.7605	10.00	2023-07-01	14:49:59
182.6597	24.40	35.00	7.8016	10.01	2023-07-01	15:49:59
182.7014	24.74	35.00	7.7769	10.01	2023-07-01	16:49:59
182.7430	24.89	35.00	7.7484	10.02	2023-07-01	17:49:59
182.7847	25.23	35.00	7.6887	10.01	2023-07-01	18:49:59
182.8264	26.03	35.00	7.5071	10.02	2023-07-01	19:49:59
182.8680	26.53	35.00	7.3802	10.04	2023-07-01	20:49:59
182.9097	25.73	35.00	7.6553	10.05	2023-07-01	21:49:59
182.9514	25.47	35.00	7.7612	10.05	2023-07-01	22:49:59
182.9930	25.26	35.00	7.7864	10.04	2023-07-01	23:49:59
183.0347	25.18	35.00	7.8163	10.03	2023-07-02	00:49:59
183.0764	25.10	35.00	7.8286	10.02	2023-07-02	01:49:59
183.1180	25.05	35.00	7.8452	10.02	2023-07-02	02:49:59
183.1597	24.89	35.00	7.8399	10.03	2023-07-02	03:49:59
183.2014	24.84	35.00	7.8382	10.03	2023-07-02	04:49:59
183.2430	24.84	35.00	7.8097	10.01	2023-07-02	05:49:59
183.2847	24.76	35.00	7.7490	9.99	2023-07-02	06:49:59
183.3264	24.55	35.00	7.6182	9.98	2023-07-02	07:49:59
183.3680	24.61	35.00	7.4398	9.97	2023-07-02	08:49:59
183.4097	24.87	35.00	7.2401	9.99	2023-07-02	09:49:59
183.4514	24.97	35.00	7.1438	10.01	2023-07-02	10:49:59
183.4930	24.09	35.00	7.5166	10.01	2023-07-02	11:49:59
183.5347	23.88	35.00	7.7300	10.00	2023-07-02	12:49:59
183.5764	23.91	35.00	7.7689	10.00	2023-07-02	13:49:59
183.6180	23.99	35.00	7.7761	10.00	2023-07-02	14:49:59
183.6597	24.09	35.00	7.7987	10.00	2023-07-02	15:49:59
183.7014	24.24	35.00	7.8245	10.00	2023-07-02	16:49:59
183.7430	24.30	35.00	7.8216	10.00	2023-07-02	17:49:59
183.7847	24.30	35.00	7.7876	10.00	2023-07-02	18:49:59
183.8264	24.50	35.00	7.7320	9.99	2023-07-02	19:49:59
183.8680	24.87	35.00	7.5972	10.00	2023-07-02	20:49:59
183.9097	25.10	35.00	7.4604	10.02	2023-07-02	21:49:59
183.9514	24.22	35.00	7.7313	10.02	2023-07-02	22:49:59
183.9930	24.01	35.00	7.8132	10.01	2023-07-02	23:49:59
184.0347	24.01	35.00	7.8132	10.00	2023-07-03	00:49:59
184.0764	24.01	35.00	7.8157	9.99	2023-07-03	01:49:59
184.1180	23.96	35.00	7.8181	9.99	2023-07-03	02:49:59
184.1597	23.70	35.00	7.8279	9.99	2023-07-03	03:49:59
184.2014	23.68	35.00	7.8302	9.99	2023-07-03	04:49:59
184.2430	23.63	35.00	7.8267	9.99	2023-07-03	05:49:59
184.2847	23.63	35.00	7.7967	9.97	2023-07-03	06:49:59
184.3264	23.65	35.00	7.7398	9.95	2023-07-03	07:49:59
184.3680	23.57	35.00	7.6267	9.94	2023-07-03	08:49:59
184.4097	23.57	35.00	7.4808	9.94	2023-07-03	09:49:59
184.4514	23.70	35.00	7.3335	9.95	2023-07-03	10:49:59
184.4930	23.83	35.00	7.2247	9.96	2023-07-03	11:49:59
184.5347	23.75	35.00	7.2985	9.97	2023-07-03	12:49:59
184.5764	23.93	35.00	7.5957	9.97	2023-07-03	13:49:59
184.6180	23.99	35.00	7.6596	9.98	2023-07-03	14:49:59
184.6597	24.27	35.00	7.6957	9.98	2023-07-03	15:49:59
184.7014	24.53	35.00	7.7297	9.99	2023-07-03	16:49:59
184.7430	24.71	35.00	7.7460	10.00	2023-07-03	17:49:59
184.7847	25.13	35.00	7.7231	10.00	2023-07-03	18:49:59
184.8264	25.42	35.00	7.7004	10.00	2023-07-03	19:49:59
184.8680	26.11	35.00	7.6355	10.00	2023-07-03	20:49:59
184.9097	26.80	35.00	7.4509	10.02	2023-07-03	21:49:59
184.9514	26.89	35.00	7.3309	10.03	2023-07-03	22:49:59
184.9930	24.35	35.00	7.6548	10.03	2023-07-03	23:49:59
185.0347	23.57	35.00	7.7533	10.00	2023-07-04	00:49:59
185.0764	23.65	35.00	7.7652	9.99	2023-07-04	01:49:59
185.1180	23.52	35.00	7.7680	9.97	2023-07-04	02:49:59
185.1597	23.50	35.00	7.7683	9.97	2023-07-04	03:49:59
185.2014	23.86	35.00	7.7825	9.97	2023-07-04	04:49:59
185.2430	23.86	35.00	7.7887	9.97	2023-07-04	05:49:59
185.2847	23.75	35.00	7.7724	9.97	2023-07-04	06:49:59
185.3264	23.65	35.00	7.7408	9.96	2023-07-04	07:49:59
185.3680	23.40	35.00	7.6808	9.94	2023-07-04	08:49:59
185.4097	23.29	35.00	7.5468	9.95	2023-07-04	09:49:59
185.4514	23.55	35.00	7.3987	9.95	2023-07-04	10:49:59
185.4930	23.96	35.00	7.2435	9.95	2023-07-04	11:49:59
185.5347	24.22	35.00	7.1828	9.96	2023-07-04	12:49:59
185.5764	23.29	35.00	7.4826	9.97	2023-07-04	13:49:59
185.6180	23.27	35.00	7.6579	9.96	2023-07-04	14:49:59
185.6597	23.34	35.00	7.7276	9.96	2023-07-04	15:49:59
185.7014	23.45	35.00	7.7719	9.96	2023-07-04	16:49:59
185.7430	23.70	35.00	7.8048	9.96	2023-07-04	17:49:59
185.7847	23.88	35.00	7.8348	9.97	2023-07-04	18:49:59
185.8264	24.01	35.00	7.8186	9.96	2023-07-04	19:49:59
185.8680	24.09	35.00	7.7802	9.96	2023-07-04	20:49:59
185.9097	24.58	35.00	7.6829	9.96	2023-07-04	21:49:59
185.9514	25.18	35.00	7.4566	9.97	2023-07-04	22:49:59
185.9930	25.42	35.00	7.3049	9.99	2023-07-04	23:49:59
186.0347	23.96	35.00	7.5966	9.99	2023-07-05	00:49:59
186.0764	23.57	35.00	7.7596	9.97	2023-07-05	01:49:59
186.1180	23.42	35.00	7.7901	9.96	2023-07-05	02:49:59
186.1597	23.37	35.00	7.8007	9.95	2023-07-05	03:49:59
186.2014	23.12	35.00	7.8057	9.95	2023-07-05	04:49:59
186.2430	22.96	35.00	7.7911	9.95	2023-07-05	05:49:59
186.2847	22.81	35.00	7.7913	9.94	2023-07-05	06:49:59
186.3264	22.79	35.00	7.7775	9.93	2023-07-05	07:49:59
186.3680	22.94	35.00	7.7488	9.92	2023-07-05	08:49:59
186.4097	23.01	35.00	7.6870	9.92	2023-07-05	09:49:59
186.4514	23.12	35.00	7.5460	9.92	2023-07-05	10:49:59
186.4930	23.40	35.00	7.3761	9.93	2023-07-05	11:49:59
186.5347	23.75	35.00	7.2114	9.94	2023-07-05	12:49:59
186.5764	23.96	35.00	7.1491	9.95	2023-07-05	13:49:59
186.6180	22.86	35.00	7.5428	9.95	2023-07-05	14:49:59
186.6597	22.96	35.00	7.7093	9.93	2023-07-05	15:49:59
186.7014	23.32	35.00	7.7392	9.93	2023-07-05	16:49:59
186.7430	23.65	35.00	7.7676	9.94	2023-07-05	17:49:59
186.7847	23.88	35.00	7.8097	9.95	2023-07-05	18:49:59
186.8264	23.96	35.00	7.8321	9.95	2023-07-05	19:49:59
186.8680	24.30	35.00	7.8236	9.95	2023-07-05	20:49:59
186.9097	24.50	35.00	7.7897	9.95	2023-07-05	21:49:59
186.9514	25.29	35.00	7.6876	9.95	2023-07-05	22:49:59
186.9930	25.79	35.00	7.5025	9.97	2023-07-05	23:49:59
187.0347	25.95	35.00	7.3611	9.98	2023-07-06	00:49:59
187.0764	24.11	35.00	7.6671	9.98	2023-07-06	01:49:59
187.1180	23.81	35.00	7.7969	9.96	2023-07-06	02:49:59
187.1597	23.70	35.00	7.8198	9.96	2023-07-06	03:49:59
187.2014	23.70	35.00	7.8170	9.95	2023-07-06	04:49:59
187.2430	23.78	35.00	7.8068	9.95	2023-07-06	05:49:59
187.2847	23.83	35.00	7.8132	9.95	2023-07-06	06:49:59
187.3264	23.68	35.00	7.8211	9.95	2023-07-06	07:49:59
187.3680	23.68	35.00	7.8000	9.95	2023-07-06	08:49:59
187.4097	23.68	35.00	7.7700	9.94	2023-07-06	09:49:59
187.4514	23.57	35.00	7.6868	9.92	2023-07-06	10:49:59
187.4930	23.65	35.00	7.5498	9.92	2023-07-06	11:49:59
187.5347	24.04	35.00	7.3874	9.93	2023-07-06	12:49:59
187.5764	24.50	35.00	7.2453	9.94	2023-07-06	13:49:59
187.6180	24.71	35.00	7.2115	9.95	2023-07-06	14:49:59
187.6597	23.04	35.00	7.5727	9.94	2023-07-06	15:49:59
187.7014	23.86	35.00	7.7369	9.94	2023-07-06	16:49:59
187.7430	24.27	35.00	7.7870	9.94	2023-07-06	17:49:59
187.7847	24.63	35.00	7.8191	9.95	2023-07-06	18:49:59
187.8264	24.71	35.00	7.8397	9.95	2023-07-06	19:49:59
187.8680	24.74	35.00	7.8429	9.96	2023-07-06	20:49:59
187.9097	25.00	35.00	7.8307	9.96	2023-07-06	21:49:59
187.9514	25.15	35.00	7.7809	9.96	2023-07-06	22:49:59
187.9930	25.79	35.00	7.6966	9.96	2023-07-06	23:49:59
188.0347	26.11	35.00	7.5213	9.96	2023-07-07	00:49:59
188.0764	26.35	35.00	7.3871	9.98	2023-07-07	01:49:59
188.1180	24.45	35.00	7.6243	9.98	2023-07-07	02:49:59
188.1597	23.96	35.00	7.7611	9.96	2023-07-07	03:49:59
188.2014	23.83	35.00	7.7931	9.95	2023-07-07	04:49:59
188.2430	23.96	35.00	7.7940	9.94	2023-07-07	05:49:59
188.2847	23.86	35.00	7.7861	9.94	2023-07-07	06:49:59
188.3264	23.83	35.00	7.7810	9.94	2023-07-07	07:49:59
188.3680	23.73	35.00	7.7858	9.94	2023-07-07	08:49:59
188.4097	23.70	35.00	7.7598	9.92	2023-07-07	09:49:59
188.4514	23.75	35.00	7.7225	9.91	2023-07-07	10:49:59
188.4930	23.78	35.00	7.6310	9.91	2023-07-07	11:49:59
188.5347	24.04	35.00	7.5003	9.91	2023-07-07	12:49:59
188.5764	24.61	35.00	7.3457	9.92	2023-07-07	13:49:59
188.6180	25.10	35.00	7.2332	9.94	2023-07-07	14:49:59
188.6597	25.15	35.00	7.2490	9.95	2023-07-07	15:49:59
188.7014	24.68	35.00	7.5786	9.94	2023-07-07	16:49:59
188.7430	24.95	35.00	7.6559	9.95	2023-07-07	17:49:59
188.7847	25.13	35.00	7.7580	9.95	2023-07-07	18:49:59
188.8264	25.13	35.00	7.8051	9.95	2023-07-07	19:49:59
188.8680	25.15	35.00	7.8392	9.96	2023-07-07	20:49:59
188.9097	25.18	35.00	7.8613	9.96	2023-07-07	21:49:59
188.9514	25.18	35.00	7.8261	9.96	2023-07-07	22:49:59
188.9930	25.31	35.00	7.7665	9.95	2023-07-07	23:49:59
189.0347	25.68	35.00	7.6405	9.95	2023-07-08	00:49:59
189.0764	25.97	35.00	7.4812	9.96	2023-07-08	01:49:59
189.1180	26.13	35.00	7.3527	9.96	2023-07-08	02:49:59
189.1597	24.89	35.00	7.6078	9.96	2023-07-08	03:49:59
189.2014	24.40	35.00	7.7220	9.95	2023-07-08	04:49:59
189.2430	24.30	35.00	7.7454	9.94	2023-07-08	05:49:59
189.2847	24.42	35.00	7.7574	9.94	2023-07-08	06:49:59
189.3264	24.24	35.00	7.7713	9.94	2023-07-08	07:49:59
189.3680	24.22	35.00	7.7752	9.92	2023-07-08	08:49:59
189.4097	24.24	35.00	7.7829	9.92	2023-07-08	09:49:59
189.4514	24.19	35.00	7.7623	9.92	2023-07-08	10:49:59
189.4930	24.24	35.00	7.7185	9.92	2023-07-08	11:49:59
189.5347	24.35	35.00	7.6144	9.91	2023-07-08	12:49:59
189.5764	24.71	35.00	7.4702	9.92	2023-07-08	13:49:59
189.6180	25.26	35.00	7.2921	9.92	2023-07-08	14:49:59
189.6597	25.81	35.00	7.2092	9.94	2023-07-08	15:49:59
189.7014	25.66	35.00	7.4512	9.95	2023-07-08	16:49:59
189.7430	25.60	35.00	7.6782	9.95	2023-07-08	17:49:59
189.7847	26.03	35.00	7.7965	9.95	2023-07-08	18:49:59
189.8264	26.11	35.00	7.8139	9.96	2023-07-08	19:49:59
189.8680	26.05	35.00	7.8349	9.96	2023-07-08	20:49:59
189.9097	26.03	35.00	7.8456	9.97	2023-07-08	21:49:59
189.9514	26.00	35.00	7.8581	9.97	2023-07-08	22:49:59
189.9930	26.03	35.00	7.8327	9.96	2023-07-08	23:49:59
190.0347	26.16	35.00	7.7848	9.96	2023-07-09	00:49:59
190.0764	26.51	35.00	7.6675	9.97	2023-07-09	01:49:59
190.1180	26.70	35.00	7.4886	9.97	2023-07-09	02:49:59
190.1597	26.83	35.00	7.3186	9.98	2023-07-09	03:49:59
190.2014	26.43	35.00	7.3631	9.98	2023-07-09	04:49:59
190.2430	25.21	35.00	7.6695	9.96	2023-07-09	05:49:59
190.2847	25.13	35.00	7.7378	9.95	2023-07-09	06:49:59
190.3264	25.13	35.00	7.7472	9.94	2023-07-09	07:49:59
190.3680	24.89	35.00	7.7619	9.93	2023-07-09	08:49:59
190.4097	24.79	35.00	7.7728	9.93	2023-07-09	09:49:59
190.4514	24.74	35.00	7.7786	9.93	2023-07-09	10:49:59
190.4930	24.74	35.00	7.7586	9.93	2023-07-09	11:49:59
190.5347	24.87	35.00	7.7159	9.92	2023-07-09	12:49:59
190.5764	25.08	35.00	7.6135	9.92	2023-07-09	13:49:59
190.6180	25.52	35.00	7.4659	9.92	2023-07-09	14:49:59
190.6597	26.05	35.00	7.2937	9.94	2023-07-09	15:49:59
190.7014	26.51	35.00	7.2120	9.95	2023-07-09	16:49:59
190.7430	26.03	35.00	7.5036	9.95	2023-07-09	17:49:59
190.7847	25.89	35.00	7.7569	9.95	2023-07-09	18:49:59
190.8264	26.03	35.00	7.8377	9.95	2023-07-09	19:49:59
190.8680	26.00	35.00	7.8242	9.95	2023-07-09	20:49:59
190.9097	25.95	35.00	7.8438	9.95	2023-07-09	21:49:59
190.9514	25.89	35.00	7.8412	9.95	2023-07-09	22:49:59
190.9930	25.87	35.00	7.8595	9.96	2023-07-09	23:49:59
191.0347	25.87	35.00	7.8401	9.95	2023-07-10	00:49:59
191.0764	25.87	35.00	7.7894	9.95	2023-07-10	01:49:59
191.1180	25.97	35.00	7.6707	9.95	2023-07-10	02:49:59
191.1597	26.13	35.00	7.5193	9.94	2023-07-10	03:49:59
191.2014	26.27	35.00	7.3604	9.95	2023-07-10	04:49:59
191.2430	26.21	35.00	7.3217	9.95	2023-07-10	05:49:59
191.2847	25.15	35.00	7.6457	9.94	2023-07-10	06:49:59
191.3264	25.10	35.00	7.7176	9.93	2023-07-10	07:49:59
191.3680	25.00	35.00	7.7355	9.93	2023-07-10	08:49:59
191.4097	24.81	35.00	7.7595	9.92	2023-07-10	09:49:59
191.4514	24.74	35.00	7.7666	9.92	2023-07-10	10:49:59
191.4930	24.66	35.00	7.7667	9.92	2023-07-10	11:49:59
191.5347	24.68	35.00	7.7683	9.91	2023-07-10	12:49:59
191.5764	24.76	35.00	7.7280	9.90	2023-07-10	13:49:59
191.6180	24.87	35.00	7.6633	9.90	2023-07-10	14:49:59
191.6597	25.18	35.00	7.5449	9.90	2023-07-10	15:49:59
191.7014	25.60	35.00	7.4122	9.91	2023-07-10	16:49:59
191.7430	25.79	35.00	7.3593	9.92	2023-07-10	17:49:59
191.7847	24.79	35.00	7.6795	9.92	2023-07-10	18:49:59
191.8264	24.63	35.00	7.8043	9.91	2023-07-10	19:49:59
191.8680	24.58	35.00	7.8162	9.90	2023-07-10	20:49:59
191.9097	24.61	35.00	7.7968	9.90	2023-07-10	21:49:59
191.9514	24.50	35.00	7.8015	9.90	2023-07-10	22:49:59
191.9930	24.48	35.00	7.8249	9.90	2023-07-10	23:49:59
192.0347	24.42	35.00	7.8356	9.90	2023-07-11	00:49:59
192.0764	24.37	35.00	7.7935	9.90	2023-07-11	01:49:59
192.1180	24.30	35.00	7.7365	9.88	2023-07-11	02:49:59
192.1597	24.11	35.00	7.6318	9.87	2023-07-11	03:49:59
192.2014	24.17	35.00	7.4896	9.87	2023-07-11	04:49:59
192.2430	24.30	35.00	7.3301	9.88	2023-07-11	05:49:59
192.2847	24.35	35.00	7.2595	9.88	2023-07-11	06:49:59
192.3264	23.86	35.00	7.5906	9.88	2023-07-11	07:49:59
192.3680	23.65	35.00	7.7439	9.87	2023-07-11	08:49:59
192.4097	23.45	35.00	7.7866	9.87	2023-07-11	09:49:59
192.4514	23.34	35.00	7.7966	9.87	2023-07-11	10:49:59
192.4930	23.32	35.00	7.7934	9.86	2023-07-11	11:49:59
192.5347	23.29	35.00	7.8146	9.86	2023-07-11	12:49:59
192.5764	23.52	35.00	7.7988	9.85	2023-07-11	13:49:59
192.6180	23.88	35.00	7.7748	9.85	2023-07-11	14:49:59
192.6597	24.58	35.00	7.7070	9.85	2023-07-11	15:49:59
192.7014	25.42	35.00	7.5744	9.87	2023-07-11	16:49:59
192.7430	26.00	35.00	7.4176	9.89	2023-07-11	17:49:59
192.7847	26.21	35.00	7.3817	9.91	2023-07-11	18:49:59
192.8264	24.95	35.00	7.7541	9.90	2023-07-11	19:49:59
192.8680	25.13	35.00	7.8424	9.90	2023-07-11	20:49:59
192.9097	25.26	35.00	7.8617	9.90	2023-07-11	21:49:59
192.9514	24.95	35.00	7.8548	9.89	2023-07-11	22:49:59
192.9930	24.81	35.00	7.8620	9.90	2023-07-11	23:49:59
193.0347	24.76	35.00	7.8565	9.89	2023-07-12	00:49:59
193.0764	24.76	35.00	7.8571	9.89	2023-07-12	01:49:59
193.1180	24.76	35.00	7.8316	9.89	2023-07-12	02:49:59
193.1597	24.81	35.00	7.7726	9.88	2023-07-12	03:49:59
193.2014	25.00	35.00	7.6468	9.87	2023-07-12	04:49:59
193.2430	25.26	35.00	7.4679	9.87	2023-07-12	05:49:59
193.2847	25.50	35.00	7.2974	9.88	2023-07-12	06:49:59
193.3264	25.58	35.00	7.2221	9.89	2023-07-12	07:49:59
193.3680	22.84	35.00	7.5476	9.88	2023-07-12	08:49:59
193.4097	22.56	35.00	7.6675	9.85	2023-07-12	09:49:59
193.4514	22.48	35.00	0.0000	9.84	2023-07-12	10:49:59
193.4930	22.41	35.00	7.7156	9.83	2023-07-12	11:49:59
193.5347	22.43	35.00	7.7255	9.82	2023-07-12	12:49:59
193.5764	22.56	35.00	7.7359	9.82	2023-07-12	13:49:59
193.6180	22.99	35.00	7.7306	9.81	2023-07-12	14:49:59
193.6597	23.34	35.00	7.7066	9.82	2023-07-12	15:49:59
193.7014	24.27	35.00	7.6417	9.83	2023-07-12	16:49:59
193.7430	25.87	35.00	7.4965	9.85	2023-07-12	17:49:59
193.7847	26.80	35.00	7.3808	9.88	2023-07-12	18:49:59
193.8264	25.18	35.00	7.5957	9.89	2023-07-12	19:49:59
193.8680	24.79	35.00	7.7570	9.88	2023-07-12	20:49:59
193.9097	24.79	35.00	7.7869	9.87	2023-07-12	21:49:59
193.9514	24.87	35.00	7.7922	9.87	2023-07-12	22:49:59
193.9930	25.10	35.00	7.8083	9.87	2023-07-12	23:49:59
194.0347	25.08	35.00	7.8182	9.87	2023-07-13	00:49:59
194.0764	24.97	35.00	7.8076	9.87	2023-07-13	01:49:59
194.1180	24.89	35.00	7.8059	9.87	2023-07-13	02:49:59
194.1597	24.95	35.00	7.7790	9.87	2023-07-13	03:49:59
194.2014	24.84	35.00	7.7244	9.86	2023-07-13	04:49:59
194.2430	24.81	35.00	7.5898	9.85	2023-07-13	05:49:59
194.2847	25.13	35.00	7.4041	9.85	2023-07-13	06:49:59
194.3264	25.58	35.00	7.2548	9.87	2023-07-13	07:49:59
194.3680	25.76	35.00	7.2100	9.87	2023-07-13	08:49:59
194.4097	23.96	35.00	7.4980	9.87	2023-07-13	09:49:59
194.4514	23.70	35.00	7.6636	9.85	2023-07-13	10:49:59
194.4930	23.68	35.00	7.6968	9.84	2023-07-13	11:49:59
194.5347	23.91	35.00	7.7163	9.84	2023-07-13	12:49:59
194.5764	24.22	35.00	7.7269	9.84	2023-07-13	13:49:59
194.6180	24.37	35.00	7.7359	9.84	2023-07-13	14:49:59
194.6597	24.76	35.00	7.7260	9.85	2023-07-13	15:49:59
194.7014	24.81	35.00	7.7066	9.85	2023-07-13	16:49:59
194.7430	25.39	35.00	7.6677	9.85	2023-07-13	17:49:59
194.7847	26.53	35.00	7.5334	9.86	2023-07-13	18:49:59
194.8264	27.24	35.00	7.4323	9.88	2023-07-13	19:49:59
194.8680	25.84	35.00	7.6578	9.89	2023-07-13	20:49:59
194.9097	25.81	35.00	7.7469	9.88	2023-07-13	21:49:59
194.9514	25.89	35.00	7.7602	9.88	2023-07-13	22:49:59
194.9930	25.68	35.00	7.7534	9.88	2023-07-13	23:49:59
195.0347	25.29	35.00	7.7738	9.87	2023-07-14	00:49:59
195.0764	25.29	35.00	7.7629	9.87	2023-07-14	01:49:59
195.1180	25.29	35.00	7.7444	9.87	2023-07-14	02:49:59
195.1597	25.26	35.00	7.7522	9.87	2023-07-14	03:49:59
195.2014	25.15	35.00	7.7262	9.86	2023-07-14	04:49:59
195.2430	25.13	35.00	7.6710	9.85	2023-07-14	05:49:59
195.2847	25.23	35.00	7.5436	9.85	2023-07-14	06:49:59
195.3264	25.50	35.00	7.3776	9.85	2023-07-14	07:49:59
195.3680	25.89	35.00	7.2319	9.86	2023-07-14	08:49:59
195.4097	26.08	35.00	7.1633	9.87	2023-07-14	09:49:59
195.4514	24.97	35.00	7.4560	9.87	2023-07-14	10:49:59
195.4930	24.92	35.00	7.5843	9.85	2023-07-14	11:49:59
195.5347	24.74	35.00	7.6234	9.85	2023-07-14	12:49:59
195.5764	24.81	35.00	7.6392	9.85	2023-07-14	13:49:59
195.6180	24.84	35.00	7.6489	9.84	2023-07-14	14:49:59
195.6597	24.68	35.00	7.6778	9.85	2023-07-14	15:49:59
195.7014	24.74	35.00	7.6679	9.84	2023-07-14	16:49:59
195.7430	24.81	35.00	7.6404	9.84	2023-07-14	17:49:59
195.7847	24.95	35.00	7.5682	9.84	2023-07-14	18:49:59
195.8264	25.39	35.00	7.4183	9.84	2023-07-14	19:49:59
195.8680	25.63	35.00	7.3371	9.85	2023-07-14	20:49:59
195.9097	24.92	35.00	7.5315	9.85	2023-07-14	21:49:59
195.9514	24.76	35.00	7.6517	9.84	2023-07-14	22:49:59
195.9930	24.76	35.00	7.6973	9.84	2023-07-14	23:49:59
196.0347	24.63	35.00	7.7067	9.84	2023-07-15	00:49:59
196.0764	24.55	35.00	7.6878	9.83	2023-07-15	01:49:59
196.1180	24.55	35.00	7.6771	9.83	2023-07-15	02:49:59
196.1597	24.48	35.00	7.6651	9.82	2023-07-15	03:49:59
196.2014	24.42	35.00	7.6575	9.82	2023-07-15	04:49:59
196.2430	24.40	35.00	7.6406	9.82	2023-07-15	05:49:59
196.2847	24.35	35.00	7.5808	9.81	2023-07-15	06:49:59
196.3264	24.32	35.00	7.4689	9.81	2023-07-15	07:49:59
196.3680	24.53	35.00	7.2887	9.81	2023-07-15	08:49:59
196.4097	24.71	35.00	7.1630	9.81	2023-07-15	09:49:59
196.4514	24.71	35.00	7.1296	9.82	2023-07-15	10:49:59
196.4930	24.17	35.00	7.3290	9.82	2023-07-15	11:49:59
196.5347	24.06	35.00	7.5215	9.81	2023-07-15	12:49:59
196.5764	24.22	35.00	7.6073	9.81	2023-07-15	13:49:59
196.6180	24.32	35.00	7.6366	9.81	2023-07-15	14:49:59
196.6597	24.40	35.00	7.6189	9.81	2023-07-15	15:49:59
196.7014	24.58	35.00	7.6019	9.81	2023-07-15	16:49:59
196.7430	24.68	35.00	7.6134	9.82	2023-07-15	17:49:59
196.7847	24.84	35.00	7.6279	9.82	2023-07-15	18:49:59
196.8264	25.23	35.00	7.5672	9.82	2023-07-15	19:49:59
196.8680	25.76	35.00	7.4260	9.83	2023-07-15	20:49:59
196.9097	25.89	35.00	7.3643	9.84	2023-07-15	21:49:59
196.9514	25.60	35.00	7.5377	9.83	2023-07-15	22:49:59
196.9930	25.50	35.00	7.6262	9.84	2023-07-15	23:49:59
197.0347	25.52	35.00	7.6473	9.83	2023-07-16	00:49:59
197.0764	25.36	35.00	7.6604	9.83	2023-07-16	01:49:59
197.1180	25.18	35.00	7.6814	9.83	2023-07-16	02:49:59
197.1597	25.05	35.00	7.6965	9.82	2023-07-16	03:49:59
197.2014	24.97	35.00	7.6958	9.82	2023-07-16	04:49:59
197.2430	24.95	35.00	7.6902	9.81	2023-07-16	05:49:59
197.2847	25.00	35.00	7.6426	9.81	2023-07-16	06:49:59
197.3264	25.00	35.00	7.5482	9.81	2023-07-16	07:49:59
197.3680	24.97	35.00	7.4095	9.80	2023-07-16	08:49:59
197.4097	25.05	35.00	7.2554	9.80	2023-07-16	09:49:59
197.4514	25.13	35.00	7.1343	9.81	2023-07-16	10:49:59
197.4930	25.13	35.00	7.1172	9.81	2023-07-16	11:49:59
197.5347	24.58	35.00	7.4413	9.80	2023-07-16	12:49:59
197.5764	24.68	35.00	7.5601	9.80	2023-07-16	13:49:59
197.6180	24.81	35.00	7.5876	9.80	2023-07-16	14:49:59
197.6597	25.02	35.00	7.5787	9.80	2023-07-16	15:49:59
197.7014	25.13	35.00	7.5772	9.81	2023-07-16	16:49:59
197.7430	25.18	35.00	7.5792	9.81	2023-07-16	17:49:59
197.7847	25.36	35.00	7.5700	9.81	2023-07-16	18:49:59
197.8264	25.42	35.00	7.5722	9.81	2023-07-16	19:49:59
197.8680	25.68	35.00	7.5461	9.81	2023-07-16	20:49:59
197.9097	25.97	35.00	7.4665	9.82	2023-07-16	21:49:59
197.9514	26.03	35.00	7.4254	9.82	2023-07-16	22:49:59
197.9930	25.63	35.00	7.5318	9.82	2023-07-16	23:49:59
198.0347	25.58	35.00	7.5724	9.82	2023-07-17	00:49:59
198.0764	25.52	35.00	7.5878	9.81	2023-07-17	01:49:59
198.1180	25.52	35.00	7.5901	9.81	2023-07-17	02:49:59
198.1597	25.50	35.00	7.6084	9.81	2023-07-17	03:49:59
198.2014	25.47	35.00	7.6144	9.81	2023-07-17	04:49:59
198.2430	25.42	35.00	7.6238	9.81	2023-07-17	05:49:59
198.2847	25.36	35.00	7.5895	9.80	2023-07-17	06:49:59
198.3264	25.26	35.00	7.5557	9.80	2023-07-17	07:49:59
198.3680	25.05	35.00	7.4631	9.79	2023-07-17	08:49:59
198.4097	24.97	35.00	7.3352	9.79	2023-07-17	09:49:59
198.4514	25.02	35.00	7.2143	9.79	2023-07-17	10:49:59
198.4930	25.10	35.00	7.1208	9.79	2023-07-17	11:49:59
198.5347	25.13	35.00	7.1435	9.79	2023-07-17	12:49:59
198.5764	25.23	35.00	7.3801	9.79	2023-07-17	13:49:59
198.6180	25.42	35.00	7.5154	9.80	2023-07-17	14:49:59
198.6597	25.79	35.00	7.5422	9.80	2023-07-17	15:49:59
198.7014	26.24	35.00	7.5632	9.81	2023-07-17	16:49:59
198.7430	26.43	35.00	7.5817	9.82	2023-07-17	17:49:59
198.7847	26.89	35.00	7.5811	9.83	2023-07-17	18:49:59
198.8264	26.99	35.00	7.5761	9.83	2023-07-17	19:49:59
198.8680	26.99	35.00	7.5529	9.83	2023-07-17	20:49:59
198.9097	27.37	35.00	7.4680	9.84	2023-07-17	21:49:59
198.9514	27.67	35.00	7.3475	9.84	2023-07-17	22:49:59
198.9930	27.18	35.00	7.3670	9.85	2023-07-17	23:49:59
199.0347	26.40	35.00	7.5565	9.84	2023-07-18	00:49:59
199.0764	26.24	35.00	7.6220	9.83	2023-07-18	01:49:59
199.1180	26.29	35.00	7.6391	9.83	2023-07-18	02:49:59
199.1597	26.32	35.00	7.6389	9.82	2023-07-18	03:49:59
199.2014	26.35	35.00	7.6460	9.82	2023-07-18	04:49:59
199.2430	26.13	35.00	7.6581	9.82	2023-07-18	05:49:59
199.2847	26.00	35.00	7.6631	9.81	2023-07-18	06:49:59
199.3264	26.13	35.00	7.6287	9.81	2023-07-18	07:49:59
199.3680	26.08	35.00	7.5677	9.81	2023-07-18	08:49:59
199.4097	25.95	35.00	7.4487	9.80	2023-07-18	09:49:59
199.4514	26.05	35.00	7.2942	9.80	2023-07-18	10:49:59
199.4930	26.29	35.00	7.1576	9.81	2023-07-18	11:49:59
199.5347	26.35	35.00	7.1157	9.81	2023-07-18	12:49:59
199.5764	25.73	35.00	7.3167	9.81	2023-07-18	13:49:59
199.6180	25.60	35.00	7.4574	9.80	2023-07-18	14:49:59
199.6597	25.71	35.00	7.5484	9.80	2023-07-18	15:49:59
199.7014	25.81	35.00	7.5806	9.80	2023-07-18	16:49:59
199.7430	26.11	35.00	7.6065	9.80	2023-07-18	17:49:59
199.7847	26.11	35.00	7.6336	9.80	2023-07-18	18:49:59
199.8264	26.27	35.00	7.6274	9.81	2023-07-18	19:49:59
199.8680	26.27	35.00	7.6163	9.81	2023-07-18	20:49:59
199.9097	26.37	35.00	7.5628	9.81	2023-07-18	21:49:59
199.9514	26.64	35.00	7.4668	9.81	2023-07-18	22:49:59
199.9930	26.83	35.00	7.3553	9.81	2023-07-18	23:49:59
200.0347	26.03	35.00	7.4969	9.81	2023-07-19	00:49:59
200.0764	25.92	35.00	7.5986	9.80	2023-07-19	01:49:59
200.1180	25.76	35.00	7.6331	9.80	2023-07-19	02:49:59
200.1597	25.89	35.00	7.6482	9.79	2023-07-19	03:49:59
200.2014	25.95	35.00	7.6566	9.79	2023-07-19	04:49:59
200.2430	25.81	35.00	7.6623	9.79	2023-07-19	05:49:59
200.2847	25.63	35.00	7.6689	9.79	2023-07-19	06:49:59
200.3264	25.60	35.00	7.6589	9.79	2023-07-19	07:49:59
200.3680	25.71	35.00	7.6175	9.78	2023-07-19	08:49:59
200.4097	25.68	35.00	7.5443	9.78	2023-07-19	09:49:59
200.4514	25.60	35.00	7.4200	9.77	2023-07-19	10:49:59
200.4930	25.76	35.00	7.2679	9.77	2023-07-19	11:49:59
200.5347	26.00	35.00	7.1646	9.78	2023-07-19	12:49:59
200.5764	26.05	35.00	7.1413	9.79	2023-07-19	13:49:59
200.6180	25.79	35.00	7.4217	9.78	2023-07-19	14:49:59
200.6597	25.95	35.00	7.5633	9.78	2023-07-19	15:49:59
200.7014	26.27	35.00	7.6220	9.79	2023-07-19	16:49:59
200.7430	26.43	35.00	7.6715	9.79	2023-07-19	17:49:59
200.7847	26.40	35.00	7.7008	9.80	2023-07-19	18:49:59
200.8264	26.51	35.00	7.6979	9.79	2023-07-19	19:49:59
200.8680	26.72	35.00	7.7017	9.80	2023-07-19	20:49:59
200.9097	26.80	35.00	7.6725	9.80	2023-07-19	21:49:59
200.9514	27.02	35.00	7.6122	9.80	2023-07-19	22:49:59
200.9930	27.32	35.00	7.4957	9.80	2023-07-19	23:49:59
201.0347	27.32	35.00	7.3935	9.81	2023-07-20	00:49:59
201.0764	26.45	35.00	7.5023	9.81	2023-07-20	01:49:59
201.1180	25.76	35.00	7.6269	9.79	2023-07-20	02:49:59
201.1597	25.44	35.00	7.6579	9.78	2023-07-20	03:49:59
201.2014	25.18	35.00	7.6755	9.77	2023-07-20	04:49:59
201.2430	25.34	35.00	7.6668	9.76	2023-07-20	05:49:59
201.2847	24.74	35.00	7.6575	9.75	2023-07-20	06:49:59
201.3264	24.06	35.00	7.6531	9.74	2023-07-20	07:49:59
201.3680	24.71	35.00	7.6388	9.73	2023-07-20	08:49:59
201.4097	25.08	35.00	7.5963	9.73	2023-07-20	09:49:59
201.4514	25.05	35.00	7.5192	9.73	2023-07-20	10:49:59
201.4930	25.36	35.00	7.3819	9.74	2023-07-20	11:49:59
201.5347	25.84	35.00	7.2469	9.74	2023-07-20	12:49:59
201.5764	26.19	35.00	7.1820	9.75	2023-07-20	13:49:59
201.6180	24.27	35.00	7.3992	9.75	2023-07-20	14:49:59
201.6597	24.92	35.00	7.5519	9.74	2023-07-20	15:49:59
201.7014	25.31	35.00	7.6462	9.74	2023-07-20	16:49:59
201.7430	25.50	35.00	7.6899	9.75	2023-07-20	17:49:59
201.7847	25.71	35.00	7.7172	9.75	2023-07-20	18:49:59
201.8264	25.76	35.00	7.7297	9.76	2023-07-20	19:49:59
201.8680	26.03	35.00	7.7435	9.76	2023-07-20	20:49:59
201.9097	26.08	35.00	7.7309	9.76	2023-07-20	21:49:59
201.9514	26.08	35.00	7.7006	9.76	2023-07-20	22:49:59
201.9930	26.37	35.00	7.6184	9.76	2023-07-20	23:49:59
202.0347	26.80	35.00	7.5223	9.76	2023-07-21	00:49:59
202.0764	26.40	35.00	7.5090	9.77	2023-07-21	01:49:59
202.1180	25.44	35.00	7.6580	9.76	2023-07-21	02:49:59
202.1597	25.31	35.00	7.6777	9.75	2023-07-21	03:49:59
202.2014	25.26	35.00	7.6796	9.74	2023-07-21	04:49:59
202.2430	25.21	35.00	7.6837	9.74	2023-07-21	05:49:59
202.2847	25.21	35.00	7.6792	9.73	2023-07-21	06:49:59
202.3264	25.15	35.00	7.6906	9.73	2023-07-21	07:49:59
202.3680	25.08	35.00	7.6809	9.73	2023-07-21	08:49:59
202.4097	25.02	35.00	7.6648	9.73	2023-07-21	09:49:59
202.4514	24.95	35.00	7.6168	9.72	2023-07-21	10:49:59
202.4930	24.97	35.00	7.5226	9.72	2023-07-21	11:49:59
202.5347	25.31	35.00	7.4012	9.72	2023-07-21	12:49:59
202.5764	25.73	35.00	7.2869	9.72	2023-07-21	13:49:59
202.6180	25.76	35.00	7.2488	9.73	2023-07-21	14:49:59
202.6597	25.42	35.00	7.4644	9.73	2023-07-21	15:49:59
202.7014	25.66	35.00	7.6018	9.73	2023-07-21	16:49:59
202.7430	25.71	35.00	7.6784	9.73	2023-07-21	17:49:59
202.7847	25.60	35.00	7.7083	9.73	2023-07-21	18:49:59
202.8264	25.63	35.00	7.7290	9.73	2023-07-21	19:49:59
202.8680	25.60	35.00	7.7405	9.73	2023-07-21	20:49:59
202.9097	25.55	35.00	7.7370	9.73	2023-07-21	21:49:59
202.9514	25.58	35.00	7.7288	9.72	2023-07-21	22:49:59
202.9930	25.58	35.00	7.6858	9.72	2023-07-21	23:49:59
203.0347	25.63	35.00	7.5936	9.72	2023-07-22	00:49:59
203.0764	25.71	35.00	7.4956	9.72	2023-07-22	01:49:59
203.1180	25.36	35.00	7.4709	9.72	2023-07-22	02:49:59
203.1597	24.92	35.00	7.6057	9.72	2023-07-22	03:49:59
203.2014	24.87	35.00	7.6527	9.71	2023-07-22	04:49:59
203.2430	24.81	35.00	7.6667	9.70	2023-07-22	05:49:59
203.2847	24.76	35.00	7.6564	9.70	2023-07-22	06:49:59
203.3264	24.74	35.00	7.6697	9.70	2023-07-22	07:49:59
203.3680	24.71	35.00	7.6667	9.69	2023-07-22	08:49:59
203.4097	24.63	35.00	7.6655	9.69	2023-07-22	09:49:59
203.4514	24.63	35.00	7.6471	9.69	2023-07-22	10:49:59
203.4930	24.53	35.00	7.5905	9.68	2023-07-22	11:49:59
203.5347	24.53	35.00	7.4991	9.68	2023-07-22	12:49:59
203.5764	24.74	35.00	7.3806	9.69	2023-07-22	13:49:59
203.6180	25.05	35.00	7.2916	9.69	2023-07-22	14:49:59
203.6597	24.92	35.00	7.3956	9.69	2023-07-22	15:49:59
203.7014	25.26	35.00	7.5534	9.69	2023-07-22	16:49:59
203.7430	25.81	35.00	7.6216	9.70	2023-07-22	17:49:59
203.7847	26.11	35.00	7.6829	9.71	2023-07-22	18:49:59
203.8264	26.29	35.00	7.6930	9.72	2023-07-22	19:49:59
203.8680	26.37	35.00	7.7230	9.72	2023-07-22	20:49:59
203.9097	26.40	35.00	7.7461	9.73	2023-07-22	21:49:59
203.9514	26.45	35.00	7.7411	9.73	2023-07-22	22:49:59
203.9930	26.40	35.00	7.7057	9.73	2023-07-22	23:49:59
204.0347	26.40	35.00	7.6499	9.73	2023-07-23	00:49:59
204.0764	26.40	35.00	7.5379	9.72	2023-07-23	01:49:59
204.1180	26.35	35.00	7.4569	9.72	2023-07-23	02:49:59
204.1597	25.95	35.00	7.5463	9.73	2023-07-23	03:49:59
204.2014	25.63	35.00	7.6351	9.72	2023-07-23	04:49:59
204.2430	25.44	35.00	7.6733	9.71	2023-07-23	05:49:59
204.2847	25.39	35.00	7.6799	9.70	2023-07-23	06:49:59
204.3264	25.50	35.00	7.6605	9.70	2023-07-23	07:49:59
204.3680	25.47	35.00	7.6692	9.70	2023-07-23	08:49:59
204.4097	25.39	35.00	7.6766	9.70	2023-07-23	09:49:59
204.4514	25.34	35.00	7.6729	9.69	2023-07-23	10:49:59
204.4930	25.29	35.00	7.6408	9.69	2023-07-23	11:49:59
204.5347	25.26	35.00	7.5646	9.69	2023-07-23	12:49:59
204.5764	25.55	35.00	7.4271	9.69	2023-07-23	13:49:59
204.6180	25.89	35.00	7.3100	9.69	2023-07-23	14:49:59
204.6597	26.03	35.00	7.3051	9.70	2023-07-23	15:49:59
204.7014	25.52	35.00	7.5112	9.69	2023-07-23	16:49:59
204.7430	25.68	35.00	7.6601	9.69	2023-07-23	17:49:59
204.7847	26.53	35.00	7.7139	9.70	2023-07-23	18:49:59
204.8264	26.72	35.00	7.7720	9.71	2023-07-23	19:49:59
204.8680	26.59	35.00	7.7901	9.72	2023-07-23	20:49:59
204.9097	26.56	35.00	7.8025	9.72	2023-07-23	21:49:59
204.9514	26.59	35.00	7.7997	9.72	2023-07-23	22:49:59
204.9930	26.62	35.00	7.7828	9.72	2023-07-23	23:49:59
205.0347	26.59	35.00	7.7418	9.71	2023-07-24	00:49:59
205.0764	26.62	35.00	7.6549	9.71	2023-07-24	01:49:59
205.1180	26.64	35.00	7.5240	9.71	2023-07-24	02:49:59
205.1597	26.59	35.00	7.4504	9.71	2023-07-24	03:49:59
205.2014	25.79	35.00	7.5392	9.70	2023-07-24	04:49:59
205.2430	25.63	35.00	7.6388	9.70	2023-07-24	05:49:59
205.2847	25.66	35.00	7.6861	9.69	2023-07-24	06:49:59
205.3264	25.68	35.00	7.6923	9.69	2023-07-24	07:49:59
205.3680	25.55	35.00	7.7040	9.68	2023-07-24	08:49:59
205.4097	25.47	35.00	7.7068	9.68	2023-07-24	09:49:59
205.4514	25.42	35.00	7.7102	9.68	2023-07-24	10:49:59
205.4930	25.47	35.00	7.6746	9.68	2023-07-24	11:49:59
205.5347	25.52	35.00	7.6438	9.67	2023-07-24	12:49:59
205.5764	25.73	35.00	7.5530	9.68	2023-07-24	13:49:59
205.6180	26.13	35.00	7.4088	9.68	2023-07-24	14:49:59
205.6597	26.32	35.00	7.3385	9.69	2023-07-24	15:49:59
205.7014	26.08	35.00	7.4545	9.69	2023-07-24	16:49:59
205.7430	26.29	35.00	7.5952	9.69	2023-07-24	17:49:59
205.7847	26.40	35.00	7.6444	9.69	2023-07-24	18:49:59
205.8264	26.51	35.00	7.6751	9.69	2023-07-24	19:49:59
205.8680	26.51	35.00	7.6924	9.69	2023-07-24	20:49:59
205.9097	26.43	35.00	7.6940	9.69	2023-07-24	21:49:59
205.9514	26.43	35.00	7.7005	9.69	2023-07-24	22:49:59
205.9930	26.43	35.00	7.6995	9.69	2023-07-24	23:49:59
206.0347	26.45	35.00	7.6724	9.69	2023-07-25	00:49:59
206.0764	26.45	35.00	7.6196	9.69	2023-07-25	01:49:59
206.1180	26.56	35.00	7.5255	9.69	2023-07-25	02:49:59
206.1597	26.59	35.00	7.4289	9.69	2023-07-25	03:49:59
206.2014	26.40	35.00	7.4051	9.69	2023-07-25	04:49:59
206.2430	26.13	35.00	7.4972	9.69	2023-07-25	05:49:59
206.2847	25.89	35.00	7.5894	9.68	2023-07-25	06:49:59
206.3264	25.66	35.00	7.6353	9.68	2023-07-25	07:49:59
206.3680	25.44	35.00	7.6485	9.67	2023-07-25	08:49:59
206.4097	25.44	35.00	7.6274	9.66	2023-07-25	09:49:59
206.4514	25.34	35.00	7.6350	9.66	2023-07-25	10:49:59
206.4930	25.39	35.00	7.6333	9.66	2023-07-25	11:49:59
206.5347	25.52	35.00	7.6249	9.65	2023-07-25	12:49:59
206.5764	25.84	35.00	7.5832	9.65	2023-07-25	13:49:59
206.6180	26.29	35.00	7.5032	9.66	2023-07-25	14:49:59
206.6597	26.72	35.00	7.3933	9.67	2023-07-25	15:49:59
206.7014	26.86	35.00	7.3576	9.68	2023-07-25	16:49:59
206.7430	26.35	35.00	7.5046	9.68	2023-07-25	17:49:59
206.7847	26.86	35.00	7.6445	9.68	2023-07-25	18:49:59
206.8264	26.89	35.00	7.7687	9.68	2023-07-25	19:49:59
206.8680	26.94	35.00	7.7838	9.69	2023-07-25	20:49:59
206.9097	26.89	35.00	7.7753	9.69	2023-07-25	21:49:59
206.9514	26.70	35.00	7.7625	9.69	2023-07-25	22:49:59
206.9930	26.64	35.00	7.7771	9.68	2023-07-25	23:49:59
207.0347	26.75	35.00	7.7648	9.68	2023-07-26	00:49:59
207.0764	26.83	35.00	7.7338	9.68	2023-07-26	01:49:59
207.1180	26.83	35.00	7.6265	9.68	2023-07-26	02:49:59
207.1597	26.91	35.00	7.5047	9.68	2023-07-26	03:49:59
207.2014	26.94	35.00	7.4185	9.68	2023-07-26	04:49:59
207.2430	26.64	35.00	7.4203	9.68	2023-07-26	05:49:59
207.2847	26.43	35.00	7.5268	9.68	2023-07-26	06:49:59
207.3264	26.32	35.00	7.5930	9.67	2023-07-26	07:49:59
207.3680	26.27	35.00	7.6439	9.67	2023-07-26	08:49:59
207.4097	26.08	35.00	7.6512	9.67	2023-07-26	09:49:59
207.4514	26.03	35.00	7.6438	9.66	2023-07-26	10:49:59
207.4930	26.05	35.00	7.6534	9.66	2023-07-26	11:49:59
207.5347	26.11	35.00	7.7094	9.65	2023-07-26	12:49:59
207.5764	26.27	35.00	7.7181	9.65	2023-07-26	13:49:59
207.6180	26.53	35.00	7.6666	9.66	2023-07-26	14:49:59
207.6597	26.99	35.00	7.4737	9.66	2023-07-26	15:49:59
207.7014	27.37	35.00	7.3540	9.67	2023-07-26	16:49:59
207.7430	26.83	35.00	7.5146	9.68	2023-07-26	17:49:59
207.7847	26.45	35.00	7.7599	9.67	2023-07-26	18:49:59
207.8264	26.72	35.00	7.7998	9.66	2023-07-26	19:49:59
207.8680	27.10	35.00	7.7693	9.67	2023-07-26	20:49:59
207.9097	27.24	35.00	7.7642	9.67	2023-07-26	21:49:59
207.9514	27.24	35.00	7.7811	9.68	2023-07-26	22:49:59
207.9930	27.18	35.00	7.7796	9.68	2023-07-26	23:49:59
208.0347	27.10	35.00	7.8238	9.67	2023-07-27	00:49:59
208.0764	26.97	35.00	7.8161	9.67	2023-07-27	01:49:59
208.1180	26.80	35.00	7.7719	9.66	2023-07-27	02:49:59
208.1597	26.59	35.00	7.6553	9.66	2023-07-27	03:49:59
208.2014	26.59	35.00	7.4638	9.66	2023-07-27	04:49:59
208.2430	26.70	35.00	7.3081	9.66	2023-07-27	05:49:59
208.2847	26.62	35.00	7.2742	9.65	2023-07-27	06:49:59
208.3264	26.40	35.00	7.6570	9.65	2023-07-27	07:49:59
208.3680	26.40	35.00	7.6716	9.65	2023-07-27	08:49:59
208.4097	26.43	35.00	7.6723	9.65	2023-07-27	09:49:59
208.4514	26.37	35.00	7.7403	9.65	2023-07-27	10:49:59
208.4930	26.35	35.00	7.6881	9.65	2023-07-27	11:49:59
208.5347	26.35	35.00	7.7032	9.64	2023-07-27	12:49:59
208.5764	26.45	35.00	7.7566	9.64	2023-07-27	13:49:59
208.6180	26.56	35.00	7.7528	9.64	2023-07-27	14:49:59
208.6597	26.78	35.00	7.7287	9.64	2023-07-27	15:49:59
208.7014	27.05	35.00	7.5997	9.65	2023-07-27	16:49:59
208.7430	27.26	35.00	7.5083	9.65	2023-07-27	17:49:59
208.7847	27.37	35.00	7.7077	9.65	2023-07-27	18:49:59
208.8264	27.62	35.00	7.7208	9.66	2023-07-27	19:49:59
208.8680	27.54	35.00	7.7595	9.66	2023-07-27	20:49:59
208.9097	27.43	35.00	7.7554	9.66	2023-07-27	21:49:59
208.9514	27.37	35.00	7.7298	9.66	2023-07-27	22:49:59
208.9930	27.32	35.00	7.7322	9.65	2023-07-27	23:49:59
209.0347	27.26	35.00	7.7023	9.65	2023-07-28	00:49:59
209.0764	27.18	35.00	7.7363	9.65	2023-07-28	01:49:59
209.1180	27.13	35.00	7.7061	9.65	2023-07-28	02:49:59
209.1597	27.07	35.00	7.6608	9.64	2023-07-28	03:49:59
209.2014	26.97	35.00	7.5972	9.64	2023-07-28	04:49:59
209.2430	26.97	35.00	7.5081	9.64	2023-07-28	05:49:59
209.2847	26.97	35.00	7.3954	9.64	2023-07-28	06:49:59
209.3264	26.91	35.00	7.3411	9.64	2023-07-28	07:49:59
209.3680	26.51	35.00	7.4655	9.63	2023-07-28	08:49:59
209.4097	26.45	35.00	7.5839	9.63	2023-07-28	09:49:59
209.4514	26.45	35.00	7.6456	9.62	2023-07-28	10:49:59
209.4930	26.45	35.00	7.6879	9.62	2023-07-28	11:49:59
209.5347	26.48	35.00	7.6864	9.62	2023-07-28	12:49:59
209.5764	26.67	35.00	7.6882	9.62	2023-07-28	13:49:59
209.6180	26.89	35.00	7.7119	9.63	2023-07-28	14:49:59
209.6597	27.16	35.00	7.7109	9.63	2023-07-28	15:49:59
209.7014	27.54	35.00	7.6731	9.64	2023-07-28	16:49:59
209.7430	27.98	35.00	7.6024	9.64	2023-07-28	17:49:59
209.7847	28.14	35.00	7.5259	9.65	2023-07-28	18:49:59
209.8264	26.72	35.00	7.6419	9.64	2023-07-28	19:49:59
209.8680	26.94	35.00	7.7097	9.63	2023-07-28	20:49:59
209.9097	27.35	35.00	7.7404	9.63	2023-07-28	21:49:59
209.9514	27.54	35.00	7.7526	9.64	2023-07-28	22:49:59
209.9930	27.56	35.00	7.7681	9.64	2023-07-28	23:49:59
210.0347	27.40	35.00	7.7674	9.64	2023-07-29	00:49:59
210.0764	27.21	35.00	7.7601	9.64	2023-07-29	01:49:59
210.1180	27.16	35.00	7.7619	9.63	2023-07-29	02:49:59
210.1597	27.18	35.00	7.7546	9.63	2023-07-29	03:49:59
210.2014	27.07	35.00	7.7087	9.62	2023-07-29	04:49:59
210.2430	26.80	35.00	7.6350	9.62	2023-07-29	05:49:59
210.2847	26.78	35.00	7.5164	9.62	2023-07-29	06:49:59
210.3264	26.91	35.00	7.4037	9.62	2023-07-29	07:49:59
210.3680	26.94	35.00	7.3492	9.62	2023-07-29	08:49:59
210.4097	26.80	35.00	7.4717	9.62	2023-07-29	09:49:59
210.4514	26.80	35.00	7.5718	9.62	2023-07-29	10:49:59
210.4930	26.83	35.00	7.6262	9.62	2023-07-29	11:49:59
210.5347	26.94	35.00	7.6654	9.61	2023-07-29	12:49:59
210.5764	27.07	35.00	7.6931	9.62	2023-07-29	13:49:59
210.6180	27.18	35.00	7.7049	9.62	2023-07-29	14:49:59
210.6597	27.32	35.00	7.7187	9.62	2023-07-29	15:49:59
210.7014	27.48	35.00	7.6996	9.62	2023-07-29	16:49:59
210.7430	27.81	35.00	7.6729	9.62	2023-07-29	17:49:59
210.7847	28.17	35.00	7.6124	9.63	2023-07-29	18:49:59
210.8264	28.36	35.00	7.5416	9.64	2023-07-29	19:49:59
210.8680	28.17	35.00	7.6462	9.64	2023-07-29	20:49:59
210.9097	28.06	35.00	7.7144	9.64	2023-07-29	21:49:59
210.9514	27.87	35.00	7.7454	9.64	2023-07-29	22:49:59
210.9930	27.67	35.00	7.7504	9.63	2023-07-29	23:49:59
211.0347	27.54	35.00	7.7619	9.62	2023-07-30	00:49:59
211.0764	27.43	35.00	7.7623	9.62	2023-07-30	01:49:59
211.1180	27.37	35.00	7.7603	9.62	2023-07-30	02:49:59
211.1597	27.24	35.00	7.7577	9.62	2023-07-30	03:49:59
211.2014	27.13	35.00	7.7448	9.61	2023-07-30	04:49:59
211.2430	26.72	35.00	7.6991	9.61	2023-07-30	05:49:59
211.2847	26.24	35.00	7.5914	9.59	2023-07-30	06:49:59
211.3264	26.05	35.00	7.4679	9.58	2023-07-30	07:49:59
211.3680	26.03	35.00	7.3385	9.58	2023-07-30	08:49:59
211.4097	25.95	35.00	7.2594	9.58	2023-07-30	09:49:59
211.4514	25.84	35.00	7.5118	9.57	2023-07-30	10:49:59
211.4930	25.81	35.00	7.6296	9.57	2023-07-30	11:49:59
211.5347	25.42	35.00	7.6638	9.57	2023-07-30	12:49:59
211.5764	25.31	35.00	7.6955	9.55	2023-07-30	13:49:59
211.6180	25.36	35.00	7.7244	9.55	2023-07-30	14:49:59
211.6597	25.44	35.00	7.7146	9.55	2023-07-30	15:49:59
211.7014	25.79	35.00	7.7399	9.55	2023-07-30	16:49:59
211.7430	26.11	35.00	7.7258	9.55	2023-07-30	17:49:59
211.7847	26.67	35.00	7.6932	9.56	2023-07-30	18:49:59
211.8264	27.10	35.00	7.6200	9.57	2023-07-30	19:49:59
211.8680	27.24	35.00	7.5538	9.58	2023-07-30	20:49:59
211.9097	25.29	35.00	7.7375	9.57	2023-07-30	21:49:59
211.9514	25.05	35.00	7.8163	9.55	2023-07-30	22:49:59
211.9930	25.15	35.00	7.8451	9.54	2023-07-30	23:49:59
212.0347	25.21	35.00	7.8605	9.54	2023-07-31	00:49:59
212.0764	24.89	35.00	7.8631	9.53	2023-07-31	01:49:59
212.1180	24.58	35.00	7.8551	9.52	2023-07-31	02:49:59
212.1597	24.45	35.00	7.8356	9.52	2023-07-31	03:49:59
212.2014	24.37	35.00	7.8404	9.51	2023-07-31	04:49:59
212.2430	24.40	35.00	7.8224	9.51	2023-07-31	05:49:59
212.2847	24.37	35.00	7.7843	9.51	2023-07-31	06:49:59
212.3264	24.17	35.00	7.6936	9.50	2023-07-31	07:49:59
212.3680	24.17	35.00	7.5716	9.50	2023-07-31	08:49:59
212.4097	24.32	35.00	7.4288	9.49	2023-07-31	09:49:59
212.4514	24.40	35.00	7.3309	9.50	2023-07-31	10:49:59
212.4930	23.91	35.00	7.5498	9.50	2023-07-31	11:49:59
212.5347	24.04	35.00	7.6981	9.49	2023-07-31	12:49:59
212.5764	24.22	35.00	7.7496	9.49	2023-07-31	13:49:59
212.6180	24.40	35.00	7.7924	9.49	2023-07-31	14:49:59
212.6597	24.61	35.00	7.8132	9.50	2023-07-31	15:49:59
212.7014	24.76	35.00	7.8222	9.50	2023-07-31	16:49:59
212.7430	25.00	35.00	7.8296	9.50	2023-07-31	17:49:59
212.7847	25.18	35.00	7.8172	9.50	2023-07-31	18:49:59
212.8264	25.92	35.00	7.7443	9.51	2023-07-31	19:49:59
212.8680	26.59	35.00	7.6021	9.53	2023-07-31	20:49:59
212.9097	26.70	35.00	7.5123	9.54	2023-07-31	21:49:59
212.9514	25.55	35.00	7.7671	9.54	2023-07-31	22:49:59
212.9930	25.31	35.00	7.8631	9.53	2023-07-31	23:49:59
213.0347	25.18	35.00	7.8765	9.52	2023-08-01	00:49:59
213.0764	25.10	35.00	7.8799	9.51	2023-08-01	01:49:59
213.1180	24.92	35.00	7.8996	9.51	2023-08-01	02:49:59
213.1597	24.87	35.00	7.9051	9.50	2023-08-01	03:49:59
213.2014	24.68	35.00	7.8877	9.50	2023-08-01	04:49:59
213.2430	24.58	35.00	7.8769	9.50	2023-08-01	05:49:59
213.2847	24.63	35.00	7.8695	9.49	2023-08-01	06:49:59
213.3264	24.32	35.00	7.8119	9.48	2023-08-01	07:49:59
213.3680	24.04	35.00	7.7049	9.48	2023-08-01	08:49:59
213.4097	24.01	35.00	7.5615	9.47	2023-08-01	09:49:59
213.4514	24.11	35.00	7.4332	9.47	2023-08-01	10:49:59
213.4930	24.14	35.00	7.3420	9.47	2023-08-01	11:49:59
213.5347	23.29	35.00	7.6097	9.46	2023-08-01	12:49:59
213.5764	23.52	35.00	7.7142	9.45	2023-08-01	13:49:59
213.6180	23.68	35.00	7.7710	9.45	2023-08-01	14:49:59
213.6597	23.86	35.00	7.8055	9.45	2023-08-01	15:49:59
213.7014	23.96	35.00	7.8292	9.46	2023-08-01	16:49:59
213.7430	24.14	35.00	7.8299	9.46	2023-08-01	17:49:59
213.7847	24.48	35.00	7.8437	9.46	2023-08-01	18:49:59
213.8264	24.79	35.00	7.8076	9.47	2023-08-01	19:49:59
213.8680	25.50	35.00	7.7257	9.47	2023-08-01	20:49:59
213.9097	26.03	35.00	7.5730	9.49	2023-08-01	21:49:59
213.9514	26.03	35.00	7.4880	9.50	2023-08-01	22:49:59
213.9930	23.52	35.00	7.7772	9.48	2023-08-01	23:49:59
214.0347	23.40	35.00	7.8530	9.46	2023-08-02	00:49:59
214.0764	23.40	35.00	7.8802	9.44	2023-08-02	01:49:59
214.1180	23.34	35.00	7.8940	9.44	2023-08-02	02:49:59
214.1597	23.29	35.00	7.8878	9.43	2023-08-02	03:49:59
214.2014	23.14	35.00	7.8891	9.42	2023-08-02	04:49:59
214.2430	23.19	35.00	7.8773	9.42	2023-08-02	05:49:59
214.2847	23.07	35.00	7.8903	9.42	2023-08-02	06:49:59
214.3264	22.91	35.00	7.8685	9.41	2023-08-02	07:49:59
214.3680	22.51	35.00	7.8177	9.40	2023-08-02	08:49:59
214.4097	22.33	35.00	7.7257	9.40	2023-08-02	09:49:59
214.4514	22.48	35.00	7.6046	9.39	2023-08-02	10:49:59
214.4930	22.76	35.00	7.4757	9.39	2023-08-02	11:49:59
214.5347	22.86	35.00	7.4094	9.39	2023-08-02	12:49:59
214.5764	22.81	35.00	7.6509	9.40	2023-08-02	13:49:59
214.6180	23.04	35.00	7.7812	9.40	2023-08-02	14:49:59
214.6597	23.14	35.00	7.8506	9.40	2023-08-02	15:49:59
214.7014	23.34	35.00	7.8871	9.40	2023-08-02	16:49:59
214.7430	23.34	35.00	7.9065	9.41	2023-08-02	17:49:59
214.7847	23.52	35.00	7.9113	9.41	2023-08-02	18:49:59
214.8264	23.91	35.00	7.9097	9.42	2023-08-02	19:49:59
214.8680	24.19	35.00	7.8816	9.42	2023-08-02	20:49:59
214.9097	24.81	35.00	7.7915	9.43	2023-08-02	21:49:59
214.9514	25.00	35.00	7.6722	9.44	2023-08-02	22:49:59
214.9930	24.97	35.00	7.5691	9.44	2023-08-02	23:49:59
215.0347	23.07	35.00	7.7793	9.43	2023-08-03	00:49:59
215.0764	22.74	35.00	7.8527	9.41	2023-08-03	01:49:59
215.1180	22.69	35.00	7.8902	9.39	2023-08-03	02:49:59
215.1597	22.66	35.00	7.9091	9.39	2023-08-03	03:49:59
215.2014	22.48	35.00	7.9161	9.38	2023-08-03	04:49:59
215.2430	22.43	35.00	7.9162	9.38	2023-08-03	05:49:59
215.2847	22.48	35.00	7.9141	9.37	2023-08-03	06:49:59
215.3264	22.33	35.00	7.9959	9.37	2023-08-03	07:49:59
215.3680	22.18	35.00	7.9027	9.36	2023-08-03	08:49:59
215.4097	21.86	35.00	7.8640	9.36	2023-08-03	09:49:59
215.4514	21.76	35.00	7.7583	9.35	2023-08-03	10:49:59
215.4930	21.96	35.00	7.6301	9.34	2023-08-03	11:49:59
215.5347	22.23	35.00	7.5694	9.35	2023-08-03	12:49:59
215.5764	22.41	35.00	7.5240	9.35	2023-08-03	13:49:59
215.6180	22.46	35.00	7.6981	9.35	2023-08-03	14:49:59
215.6597	22.76	35.00	7.7951	9.36	2023-08-03	15:49:59
215.7014	22.96	35.00	7.8490	9.36	2023-08-03	16:49:59
215.7430	23.22	35.00	7.8794	9.37	2023-08-03	17:49:59
215.7847	23.29	35.00	7.8928	9.38	2023-08-03	18:49:59
215.8264	23.47	35.00	7.8978	9.38	2023-08-03	19:49:59
215.8680	23.68	35.00	7.9100	9.38	2023-08-03	20:49:59
215.9097	24.04	35.00	7.8774	9.39	2023-08-03	21:49:59
215.9514	24.50	35.00	7.8218	9.39	2023-08-03	22:49:59
215.9930	24.48	35.00	7.7387	9.40	2023-08-03	23:49:59
216.0347	24.45	35.00	7.6373	9.40	2023-08-04	00:49:59
216.0764	23.34	35.00	7.7686	9.40	2023-08-04	01:49:59
216.1180	23.34	35.00	7.8510	9.39	2023-08-04	02:49:59
216.1597	23.19	35.00	7.8935	9.38	2023-08-04	03:49:59
216.2014	22.96	35.00	7.9172	9.37	2023-08-04	04:49:59
216.2430	22.64	35.00	7.9280	9.36	2023-08-04	05:49:59
216.2847	22.51	35.00	7.9162	9.36	2023-08-04	06:49:59
216.3264	22.43	35.00	7.9145	9.35	2023-08-04	07:49:59
216.3680	22.33	35.00	7.9083	9.34	2023-08-04	08:49:59
216.4097	22.26	35.00	7.8831	9.33	2023-08-04	09:49:59
216.4514	21.91	35.00	7.8407	9.33	2023-08-04	10:49:59
216.4930	21.86	35.00	7.7394	9.32	2023-08-04	11:49:59
216.5347	22.03	35.00	7.6187	9.32	2023-08-04	12:49:59
216.5764	22.21	35.00	7.5177	9.32	2023-08-04	13:49:59
216.6180	22.28	35.00	7.6187	9.32	2023-08-04	14:49:59
216.6597	22.56	35.00	7.7453	9.33	2023-08-04	15:49:59
216.7014	22.64	35.00	7.8045	9.33	2023-08-04	16:49:59
216.7430	22.84	35.00	7.8453	9.33	2023-08-04	17:49:59
216.7847	22.99	35.00	7.8448	9.33	2023-08-04	18:49:59
216.8264	23.09	35.00	7.8490	9.34	2023-08-04	19:49:59
216.8680	23.24	35.00	7.8602	9.35	2023-08-04	20:49:59
216.9097	23.34	35.00	7.8525	9.35	2023-08-04	21:49:59
216.9514	23.75	35.00	7.8235	9.35	2023-08-04	22:49:59
216.9930	24.22	35.00	7.7495	9.36	2023-08-04	23:49:59
217.0347	24.19	35.00	7.6578	9.36	2023-08-05	00:49:59
217.0764	24.17	35.00	7.5804	9.37	2023-08-05	01:49:59
217.1180	23.17	35.00	7.6878	9.36	2023-08-05	02:49:59
217.1597	23.04	35.00	7.7779	9.35	2023-08-05	03:49:59
217.2014	23.04	35.00	7.8105	9.34	2023-08-05	04:49:59
217.2430	23.04	35.00	7.8276	9.34	2023-08-05	05:49:59
217.2847	22.99	35.00	7.8406	9.33	2023-08-05	06:49:59
217.3264	22.96	35.00	7.8555	9.33	2023-08-05	07:49:59
217.3680	22.96	35.00	7.8463	9.33	2023-08-05	08:49:59
217.4097	22.89	35.00	7.8562	9.33	2023-08-05	09:49:59
217.4514	22.84	35.00	7.8155	9.32	2023-08-05	10:49:59
217.4930	22.76	35.00	7.7390	9.32	2023-08-05	11:49:59
217.5347	22.94	35.00	7.6512	9.32	2023-08-05	12:49:59
217.5764	23.27	35.00	7.5299	9.32	2023-08-05	13:49:59
217.6180	23.40	35.00	7.3989	9.33	2023-08-05	14:49:59
217.6597	23.52	35.00	7.5789	9.33	2023-08-05	15:49:59
217.7014	23.86	35.00	7.6848	9.34	2023-08-05	16:49:59
217.7430	23.96	35.00	7.7549	9.34	2023-08-05	17:49:59
217.7847	24.22	35.00	7.7947	9.35	2023-08-05	18:49:59
217.8264	24.32	35.00	7.8107	9.36	2023-08-05	19:49:59
217.8680	24.37	35.00	7.8231	9.36	2023-08-05	20:49:59
217.9097	24.45	35.00	7.8299	9.36	2023-08-05	21:49:59
217.9514	24.50	35.00	7.8165	9.36	2023-08-05	22:49:59
217.9930	24.66	35.00	7.7741	9.36	2023-08-05	23:49:59
218.0347	24.81	35.00	7.6973	9.36	2023-08-06	00:49:59
218.0764	24.79	35.00	7.5832	9.36	2023-08-06	01:49:59
218.1180	24.79	35.00	7.4655	9.37	2023-08-06	02:49:59
218.1597	23.91	35.00	7.6008	9.36	2023-08-06	03:49:59
218.2014	23.75	35.00	7.7134	9.35	2023-08-06	04:49:59
218.2430	23.73	35.00	7.7641	9.34	2023-08-06	05:49:59
218.2847	23.70	35.00	7.7938	9.34	2023-08-06	06:49:59
218.3264	23.57	35.00	7.7988	9.33	2023-08-06	07:49:59
218.3680	23.42	35.00	7.8082	9.33	2023-08-06	08:49:59
218.4097	23.34	35.00	7.8092	9.32	2023-08-06	09:49:59
218.4514	23.34	35.00	7.8150	9.32	2023-08-06	10:49:59
218.4930	23.29	35.00	7.7760	9.32	2023-08-06	11:49:59
218.5347	23.22	35.00	7.7086	9.31	2023-08-06	12:49:59
218.5764	23.47	35.00	7.6057	9.31	2023-08-06	13:49:59
218.6180	23.83	35.00	7.4974	9.31	2023-08-06	14:49:59
218.6597	24.09	35.00	7.4103	9.32	2023-08-06	15:49:59
218.7014	24.11	35.00	7.6216	9.33	2023-08-06	16:49:59
218.7430	24.30	35.00	7.7223	9.33	2023-08-06	17:49:59
218.7847	24.55	35.00	7.7825	9.33	2023-08-06	18:49:59
218.8264	24.61	35.00	7.8312	9.33	2023-08-06	19:49:59
218.8680	24.61	35.00	7.8601	9.34	2023-08-06	20:49:59
218.9097	24.42	35.00	7.8675	9.34	2023-08-06	21:49:59
218.9514	24.50	35.00	7.8804	9.34	2023-08-06	22:49:59
218.9930	24.58	35.00	7.8665	9.33	2023-08-06	23:49:59
219.0347	24.76	35.00	7.8155	9.34	2023-08-07	00:49:59
219.0764	24.81	35.00	7.7615	9.33	2023-08-07	01:49:59
219.1180	24.79	35.00	7.6729	9.34	2023-08-07	02:49:59
219.1597	24.76	35.00	7.5594	9.34	2023-08-07	03:49:59
219.2014	24.17	35.00	7.5271	9.34	2023-08-07	04:49:59
219.2430	23.88	35.00	7.6299	9.32	2023-08-07	05:49:59
219.2847	23.83	35.00	7.7216	9.32	2023-08-07	06:49:59
219.3264	23.86	35.00	7.7702	9.31	2023-08-07	07:49:59
219.3680	23.65	35.00	7.7898	9.31	2023-08-07	08:49:59
219.4097	23.47	35.00	7.8068	9.30	2023-08-07	09:49:59
219.4514	23.42	35.00	7.7976	9.29	2023-08-07	10:49:59
219.4930	23.55	35.00	7.7997	9.29	2023-08-07	11:49:59
219.5347	23.63	35.00	7.7798	9.29	2023-08-07	12:49:59
219.5764	23.65	35.00	7.7311	9.29	2023-08-07	13:49:59
219.6180	23.86	35.00	7.6402	9.29	2023-08-07	14:49:59
219.6597	23.99	35.00	7.5413	9.29	2023-08-07	15:49:59
219.7014	23.81	35.00	7.5417	9.29	2023-08-07	16:49:59
219.7430	24.14	35.00	7.6578	9.30	2023-08-07	17:49:59
219.7847	24.19	35.00	7.7320	9.30	2023-08-07	18:49:59
219.8264	24.06	35.00	7.7669	9.30	2023-08-07	19:49:59
219.8680	23.86	35.00	7.8001	9.29	2023-08-07	20:49:59
219.9097	23.78	35.00	7.8085	9.29	2023-08-07	21:49:59
219.9514	23.73	35.00	7.8124	9.29	2023-08-07	22:49:59
219.9930	23.70	35.00	7.8173	9.28	2023-08-07	23:49:59
220.0347	23.73	35.00	7.8195	9.28	2023-08-08	00:49:59
220.0764	23.68	35.00	7.7825	9.28	2023-08-08	01:49:59
220.1180	23.60	35.00	7.7368	9.27	2023-08-08	02:49:59
220.1597	23.55	35.00	7.6587	9.27	2023-08-08	03:49:59
220.2014	23.50	35.00	7.5801	9.27	2023-08-08	04:49:59
220.2430	23.14	35.00	7.5375	9.27	2023-08-08	05:49:59
220.2847	22.91	35.00	7.6208	9.26	2023-08-08	06:49:59
220.3264	22.89	35.00	7.6827	9.25	2023-08-08	07:49:59
220.3680	22.76	35.00	7.7127	9.25	2023-08-08	08:49:59
220.4097	22.71	35.00	7.7451	9.24	2023-08-08	09:49:59
220.4514	22.66	35.00	7.7505	9.24	2023-08-08	10:49:59
220.4930	22.58	35.00	7.7307	9.24	2023-08-08	11:49:59
220.5347	22.66	35.00	7.7309	9.23	2023-08-08	12:49:59
220.5764	22.74	35.00	7.7442	9.23	2023-08-08	13:49:59
220.6180	22.79	35.00	7.7102	9.23	2023-08-08	14:49:59
220.6597	22.84	35.00	7.6633	9.23	2023-08-08	15:49:59
220.7014	22.81	35.00	7.6266	9.23	2023-08-08	16:49:59
220.7430	22.84	35.00	7.5804	9.23	2023-08-08	17:49:59
220.7847	22.81	35.00	7.5797	9.23	2023-08-08	18:49:59
220.8264	23.14	35.00	7.6380	9.23	2023-08-08	19:49:59
220.8680	23.27	35.00	7.6828	9.24	2023-08-08	20:49:59
220.9097	23.40	35.00	7.7260	9.24	2023-08-08	21:49:59
220.9514	23.37	35.00	7.7454	9.24	2023-08-08	22:49:59
220.9930	23.37	35.00	7.7573	9.24	2023-08-08	23:49:59
221.0347	23.29	35.00	7.7652	9.24	2023-08-09	00:49:59
221.0764	23.24	35.00	7.7740	9.24	2023-08-09	01:49:59
221.1180	23.17	35.00	7.7666	9.23	2023-08-09	02:49:59
221.1597	23.09	35.00	7.6927	9.23	2023-08-09	03:49:59
221.2014	23.09	35.00	7.6098	9.22	2023-08-09	04:49:59
221.2430	23.09	35.00	7.5191	9.22	2023-08-09	05:49:59
221.2847	23.07	35.00	7.4521	9.22	2023-08-09	06:49:59
221.3264	22.94	35.00	7.4248	9.22	2023-08-09	07:49:59
221.3680	22.94	35.00	7.5342	9.22	2023-08-09	08:49:59
221.4097	22.86	35.00	7.7298	9.22	2023-08-09	09:49:59
221.4514	22.79	35.00	7.7051	9.21	2023-08-09	10:49:59
221.4930	22.81	35.00	7.7109	9.21	2023-08-09	11:49:59
221.5347	22.81	35.00	7.7264	9.21	2023-08-09	12:49:59
221.5764	22.86	35.00	7.7136	9.21	2023-08-09	13:49:59
221.6180	23.01	35.00	7.6676	9.21	2023-08-09	14:49:59
221.6597	23.14	35.00	7.4822	9.21	2023-08-09	15:49:59
221.7014	23.45	35.00	7.2325	9.22	2023-08-09	16:49:59
221.7430	23.73	35.00	7.2002	9.22	2023-08-09	17:49:59
221.7847	23.60	35.00	7.6983	9.23	2023-08-09	18:49:59
221.8264	23.73	35.00	7.7986	9.23	2023-08-09	19:49:59
221.8680	23.83	35.00	7.8106	9.23	2023-08-09	20:49:59
221.9097	23.73	35.00	7.8267	9.23	2023-08-09	21:49:59
221.9514	23.81	35.00	7.8562	9.23	2023-08-09	22:49:59
221.9930	23.47	35.00	7.8175	9.23	2023-08-09	23:49:59
222.0347	23.27	35.00	7.7852	9.22	2023-08-10	00:49:59
222.0764	23.29	35.00	7.8156	9.21	2023-08-10	01:49:59
222.1180	23.50	35.00	7.7960	9.21	2023-08-10	02:49:59
222.1597	23.52	35.00	7.6764	9.21	2023-08-10	03:49:59
222.2014	23.45	35.00	7.4878	9.21	2023-08-10	04:49:59
222.2430	23.45	35.00	7.2671	9.21	2023-08-10	05:49:59
222.2847	23.45	35.00	7.1075	9.21	2023-08-10	06:49:59
222.3264	23.40	35.00	7.1671	9.21	2023-08-10	07:49:59
222.3680	22.53	35.00	7.6630	9.20	2023-08-10	08:49:59
222.4097	22.41	35.00	7.6847	9.19	2023-08-10	09:49:59
222.4514	22.48	35.00	7.6643	9.18	2023-08-10	10:49:59
222.4930	22.51	35.00	7.6580	9.18	2023-08-10	11:49:59
222.5347	22.46	35.00	7.6506	9.18	2023-08-10	12:49:59
222.5764	22.51	35.00	7.6522	9.17	2023-08-10	13:49:59
222.6180	22.79	35.00	7.6607	9.17	2023-08-10	14:49:59
222.6597	23.01	35.00	7.6633	9.18	2023-08-10	15:49:59
222.7014	23.37	35.00	7.5906	9.18	2023-08-10	16:49:59
222.7430	23.96	35.00	7.4088	9.19	2023-08-10	17:49:59
222.7847	24.14	35.00	7.3696	9.21	2023-08-10	18:49:59
222.8264	23.75	35.00	7.7665	9.21	2023-08-10	19:49:59
222.8680	23.78	35.00	7.8145	9.21	2023-08-10	20:49:59
222.9097	23.75	35.00	7.8381	9.21	2023-08-10	21:49:59
222.9514	23.83	35.00	7.8359	9.21	2023-08-10	22:49:59
222.9930	23.83	35.00	7.8182	9.21	2023-08-10	23:49:59
223.0347	23.83	35.00	7.8161	9.21	2023-08-11	00:49:59
223.0764	23.88	35.00	7.8089	9.20	2023-08-11	01:49:59
223.1180	23.78	35.00	7.7955	9.20	2023-08-11	02:49:59
223.1597	23.65	35.00	7.7755	9.20	2023-08-11	03:49:59
223.2014	23.52	35.00	7.6747	9.19	2023-08-11	04:49:59
223.2430	23.40	35.00	7.5210	9.19	2023-08-11	05:49:59
223.2847	23.34	35.00	7.3501	9.18	2023-08-11	06:49:59
223.3264	23.45	35.00	7.1500	9.18	2023-08-11	07:49:59
223.3680	23.47	35.00	7.1607	9.18	2023-08-11	08:49:59
223.4097	23.45	35.00	7.6014	9.18	2023-08-11	09:49:59
223.4514	23.40	35.00	7.6984	9.18	2023-08-11	10:49:59
223.4930	23.19	35.00	7.7144	9.18	2023-08-11	11:49:59
223.5347	22.99	35.00	7.6713	9.17	2023-08-11	12:49:59
223.5764	22.76	35.00	7.6844	9.17	2023-08-11	13:49:59
223.6180	23.07	35.00	7.6926	9.16	2023-08-11	14:49:59
223.6597	23.60	35.00	7.6801	9.17	2023-08-11	15:49:59
223.7014	24.09	35.00	7.6836	9.18	2023-08-11	16:49:59
223.7430	24.58	35.00	7.5584	9.19	2023-08-11	17:49:59
223.7847	25.05	35.00	7.3342	9.20	2023-08-11	18:49:59
223.8264	25.31	35.00	7.2528	9.21	2023-08-11	19:49:59
223.8680	23.93	35.00	7.6787	9.21	2023-08-11	20:49:59
223.9097	24.50	35.00	7.7923	9.20	2023-08-11	21:49:59
223.9514	24.87	35.00	7.8260	9.20	2023-08-11	22:49:59
223.9930	24.71	35.00	7.8348	9.21	2023-08-11	23:49:59
224.0347	24.48	35.00	7.8426	9.21	2023-08-12	00:49:59
224.0764	24.40	35.00	7.8440	9.20	2023-08-12	01:49:59
224.1180	24.35	35.00	7.8281	9.20	2023-08-12	02:49:59
224.1597	24.27	35.00	7.7740	9.19	2023-08-12	03:49:59
224.2014	24.27	35.00	7.7812	9.19	2023-08-12	04:49:59
224.2430	24.14	35.00	7.6385	9.18	2023-08-12	05:49:59
224.2847	24.04	35.00	7.5312	9.18	2023-08-12	06:49:59
224.3264	24.01	35.00	7.4260	9.18	2023-08-12	07:49:59
224.3680	24.09	35.00	7.2596	9.18	2023-08-12	08:49:59
224.4097	24.04	35.00	7.2293	9.18	2023-08-12	09:49:59
224.4514	23.32	35.00	7.5520	9.17	2023-08-12	10:49:59
224.4930	23.12	35.00	7.6457	9.16	2023-08-12	11:49:59
224.5347	23.24	35.00	7.7084	9.15	2023-08-12	12:49:59
224.5764	23.37	35.00	7.7183	9.15	2023-08-12	13:49:59
224.6180	23.57	35.00	7.7378	9.15	2023-08-12	14:49:59
224.6597	23.78	35.00	7.7539	9.16	2023-08-12	15:49:59
224.7014	24.09	35.00	7.7597	9.16	2023-08-12	16:49:59
224.7430	24.35	35.00	7.7418	9.17	2023-08-12	17:49:59
224.7847	24.97	35.00	7.6048	9.18	2023-08-12	18:49:59
224.8264	25.55	35.00	7.4388	9.19	2023-08-12	19:49:59
224.8680	25.55	35.00	7.4690	9.20	2023-08-12	20:49:59
224.9097	25.15	35.00	7.7519	9.20	2023-08-12	21:49:59
224.9514	24.76	35.00	7.8104	9.20	2023-08-12	22:49:59
224.9930	24.61	35.00	7.8331	9.18	2023-08-12	23:49:59
225.0347	24.40	35.00	7.8438	9.18	2023-08-13	00:49:59
225.0764	24.22	35.00	7.8238	9.17	2023-08-13	01:49:59
225.1180	24.35	35.00	7.8134	9.17	2023-08-13	02:49:59
225.1597	24.48	35.00	7.7637	9.17	2023-08-13	03:49:59
225.2014	24.37	35.00	7.7922	9.17	2023-08-13	04:49:59
225.2430	24.19	35.00	7.7797	9.16	2023-08-13	05:49:59
225.2847	24.22	35.00	7.7041	9.16	2023-08-13	06:49:59
225.3264	24.32	35.00	7.6133	9.16	2023-08-13	07:49:59
225.3680	24.55	35.00	7.5078	9.16	2023-08-13	08:49:59
225.4097	24.66	35.00	7.3768	9.16	2023-08-13	09:49:59
225.4514	24.50	35.00	7.3653	9.17	2023-08-13	10:49:59
225.4930	24.19	35.00	7.5976	9.16	2023-08-13	11:49:59
225.5347	24.32	35.00	7.6768	9.16	2023-08-13	12:49:59
225.5764	24.37	35.00	7.7253	9.16	2023-08-13	13:49:59
225.6180	24.35	35.00	7.7553	9.16	2023-08-13	14:49:59
225.6597	24.40	35.00	7.7480	9.15	2023-08-13	15:49:59
225.7014	24.58	35.00	7.7752	9.16	2023-08-13	16:49:59
225.7430	24.84	35.00	7.7976	9.16	2023-08-13	17:49:59
225.7847	24.89	35.00	7.8089	9.16	2023-08-13	18:49:59
225.8264	25.23	35.00	7.7265	9.17	2023-08-13	19:49:59
225.8680	25.52	35.00	7.6116	9.17	2023-08-13	20:49:59
225.9097	25.52	35.00	7.5383	9.18	2023-08-13	21:49:59
225.9514	25.39	35.00	7.6560	9.18	2023-08-13	22:49:59
225.9930	25.31	35.00	7.7672	9.18	2023-08-13	23:49:59
226.0347	25.29	35.00	7.7974	9.18	2023-08-14	00:49:59
226.0764	25.29	35.00	7.8218	9.17	2023-08-14	01:49:59
226.1180	25.15	35.00	7.8242	9.17	2023-08-14	02:49:59
226.1597	25.05	35.00	7.8183	9.17	2023-08-14	03:49:59
226.2014	24.97	35.00	7.8070	9.16	2023-08-14	04:49:59
226.2430	24.95	35.00	7.8176	9.16	2023-08-14	05:49:59
226.2847	24.89	35.00	7.7826	9.16	2023-08-14	06:49:59
226.3264	24.61	35.00	7.7486	9.15	2023-08-14	07:49:59
226.3680	24.48	35.00	7.6398	9.14	2023-08-14	08:49:59
226.4097	24.48	35.00	7.4971	9.14	2023-08-14	09:49:59
226.4514	24.45	35.00	7.4018	9.14	2023-08-14	10:49:59
226.4930	24.14	35.00	7.4234	9.13	2023-08-14	11:49:59
226.5347	23.96	35.00	7.5358	9.13	2023-08-14	12:49:59
226.5764	23.91	35.00	7.6267	9.12	2023-08-14	13:49:59
226.6180	23.93	35.00	7.6828	9.11	2023-08-14	14:49:59
226.6597	23.96	35.00	7.7221	9.12	2023-08-14	15:49:59
226.7014	24.06	35.00	7.7405	9.11	2023-08-14	16:49:59
226.7430	24.40	35.00	7.7506	9.11	2023-08-14	17:49:59
226.7847	24.66	35.00	7.7638	9.12	2023-08-14	18:49:59
226.8264	24.84	35.00	7.7509	9.13	2023-08-14	19:49:59
226.8680	25.36	35.00	7.7025	9.13	2023-08-14	20:49:59
226.9097	25.58	35.00	7.6189	9.14	2023-08-14	21:49:59
226.9514	25.36	35.00	7.5887	9.15	2023-08-14	22:49:59
226.9930	24.87	35.00	7.6872	9.14	2023-08-14	23:49:59
227.0347	24.74	35.00	7.7501	9.14	2023-08-15	00:49:59
227.0764	24.71	35.00	7.7859	9.13	2023-08-15	01:49:59
227.1180	24.63	35.00	7.7980	9.13	2023-08-15	02:49:59
227.1597	24.40	35.00	7.7946	9.12	2023-08-15	03:49:59
227.2014	24.30	35.00	7.8043	9.11	2023-08-15	04:49:59
227.2430	24.24	35.00	7.7951	9.11	2023-08-15	05:49:59
227.2847	24.35	35.00	7.8055	9.10	2023-08-15	06:49:59
227.3264	24.42	35.00	7.7684	9.11	2023-08-15	07:49:59
227.3680	24.42	35.00	7.6881	9.10	2023-08-15	08:49:59
227.4097	24.50	35.00	7.6109	9.10	2023-08-15	09:49:59
227.4514	24.58	35.00	7.4191	9.10	2023-08-15	10:49:59
227.4930	24.40	35.00	7.2167	9.10	2023-08-15	11:49:59
227.5347	23.86	35.00	7.4624	9.10	2023-08-15	12:49:59
227.5764	23.81	35.00	7.5358	9.09	2023-08-15	13:49:59
227.6180	23.86	35.00	7.6154	9.08	2023-08-15	14:49:59
227.6597	23.86	35.00	7.6612	9.08	2023-08-15	15:49:59
227.7014	23.91	35.00	7.6708	9.08	2023-08-15	16:49:59
227.7430	23.88	35.00	7.6820	9.08	2023-08-15	17:49:59
227.7847	23.88	35.00	7.7111	9.08	2023-08-15	18:49:59
227.8264	23.91	35.00	7.7196	9.07	2023-08-15	19:49:59
227.8680	24.04	35.00	7.6738	9.07	2023-08-15	20:49:59
227.9097	24.22	35.00	7.5703	9.07	2023-08-15	21:49:59
227.9514	24.30	35.00	7.4237	9.08	2023-08-15	22:49:59
227.9930	23.91	35.00	7.5529	9.08	2023-08-15	23:49:59
228.0347	23.78	35.00	7.6785	9.07	2023-08-16	00:49:59
228.0764	23.68	35.00	7.7082	9.07	2023-08-16	01:49:59
228.1180	23.65	35.00	7.7354	9.06	2023-08-16	02:49:59
228.1597	23.65	35.00	7.7451	9.06	2023-08-16	03:49:59
228.2014	23.52	35.00	7.7645	9.06	2023-08-16	04:49:59
228.2430	23.47	35.00	7.7685	9.05	2023-08-16	05:49:59
228.2847	23.42	35.00	7.7787	9.05	2023-08-16	06:49:59
228.3264	23.42	35.00	7.7768	9.05	2023-08-16	07:49:59
228.3680	23.32	35.00	7.7380	9.04	2023-08-16	08:49:59
228.4097	23.17	35.00	7.6595	9.03	2023-08-16	09:49:59
228.4514	23.17	35.00	7.5601	9.03	2023-08-16	10:49:59
228.4930	23.22	35.00	7.4459	9.03	2023-08-16	11:49:59
228.5347	23.19	35.00	7.3902	9.03	2023-08-16	12:49:59
228.5764	23.12	35.00	7.4722	9.03	2023-08-16	13:49:59
228.6180	23.27	35.00	7.5734	9.03	2023-08-16	14:49:59
228.6597	23.47	35.00	7.6107	9.03	2023-08-16	15:49:59
228.7014	23.55	35.00	7.6671	9.04	2023-08-16	16:49:59
228.7430	23.65	35.00	7.6819	9.03	2023-08-16	17:49:59
228.7847	23.86	35.00	7.7027	9.04	2023-08-16	18:49:59
228.8264	23.99	35.00	7.7335	9.05	2023-08-16	19:49:59
228.8680	23.99	35.00	7.7207	9.05	2023-08-16	20:49:59
228.9097	24.09	35.00	7.6765	9.05	2023-08-16	21:49:59
228.9514	24.17	35.00	7.5667	9.05	2023-08-16	22:49:59
228.9930	24.14	35.00	7.4929	9.05	2023-08-16	23:49:59
229.0347	23.78	35.00	7.5634	9.05	2023-08-17	00:49:59
229.0764	23.63	35.00	7.8005	9.04	2023-08-17	01:49:59
229.1180	23.57	35.00	7.5264	9.03	2023-08-17	02:49:59
229.1597	23.63	35.00	7.7131	9.03	2023-08-17	03:49:59
229.2014	23.57	35.00	7.7081	9.03	2023-08-17	04:49:59
229.2430	23.47	35.00	7.7452	9.03	2023-08-17	05:49:59
229.2847	23.42	35.00	7.7704	9.02	2023-08-17	06:49:59
229.3264	23.42	35.00	7.7372	9.02	2023-08-17	07:49:59
229.3680	23.42	35.00	7.6974	9.02	2023-08-17	08:49:59
229.4097	23.29	35.00	7.5865	9.01	2023-08-17	09:49:59
229.4514	23.24	35.00	7.4281	9.01	2023-08-17	10:49:59
229.4930	23.27	35.00	7.1584	9.01	2023-08-17	11:49:59
229.5347	23.27	35.00	7.1288	9.01	2023-08-17	12:49:59
229.5764	23.22	35.00	7.6455	9.00	2023-08-17	13:49:59
229.6180	23.24	35.00	7.7068	9.00	2023-08-17	14:49:59
229.6597	23.29	35.00	7.7277	9.00	2023-08-17	15:49:59
229.7014	23.40	35.00	7.7483	9.00	2023-08-17	16:49:59
229.7430	23.40	35.00	7.7526	9.00	2023-08-17	17:49:59
229.7847	23.42	35.00	7.7611	9.00	2023-08-17	18:49:59
229.8264	23.42	35.00	7.7611	9.00	2023-08-17	19:49:59
229.8680	23.42	35.00	7.7499	9.01	2023-08-17	20:49:59
229.9097	23.40	35.00	7.6960	9.00	2023-08-17	21:49:59
229.9514	23.40	35.00	7.5290	9.00	2023-08-17	22:49:59
229.9930	23.40	35.00	7.3375	8.99	2023-08-17	23:49:59
230.0347	23.34	35.00	7.3563	8.99	2023-08-18	00:49:59
230.0764	23.09	35.00	7.7076	8.99	2023-08-18	01:49:59
230.1180	23.04	35.00	7.7344	8.98	2023-08-18	02:49:59
230.1597	22.99	35.00	7.7289	8.98	2023-08-18	03:49:59
230.2014	23.01	35.00	7.7221	8.98	2023-08-18	04:49:59
230.2430	22.96	35.00	7.7083	8.98	2023-08-18	05:49:59
230.2847	22.89	35.00	7.7269	8.97	2023-08-18	06:49:59
230.3264	22.86	35.00	7.7177	8.97	2023-08-18	07:49:59
230.3680	22.89	35.00	7.6935	8.96	2023-08-18	08:49:59
230.4097	22.89	35.00	7.6377	8.96	2023-08-18	09:49:59
230.4514	22.84	35.00	7.4808	8.96	2023-08-18	10:49:59
230.4930	22.86	35.00	7.2603	8.96	2023-08-18	11:49:59
230.5347	22.94	35.00	7.1716	8.96	2023-08-18	12:49:59
230.5764	22.96	35.00	7.4581	8.96	2023-08-18	13:49:59
230.6180	23.04	35.00	7.6669	8.96	2023-08-18	14:49:59
230.6597	23.12	35.00	7.7549	8.96	2023-08-18	15:49:59
230.7014	23.27	35.00	7.7805	8.96	2023-08-18	16:49:59
230.7430	23.29	35.00	7.7797	8.96	2023-08-18	17:49:59
230.7847	23.34	35.00	7.7704	8.96	2023-08-18	18:49:59
230.8264	23.40	35.00	7.7841	8.96	2023-08-18	19:49:59
230.8680	23.47	35.00	7.7603	8.97	2023-08-18	20:49:59
230.9097	23.52	35.00	7.7459	8.97	2023-08-18	21:49:59
230.9514	23.65	35.00	7.6386	8.96	2023-08-18	22:49:59
230.9930	23.73	35.00	7.4432	8.97	2023-08-18	23:49:59
231.0347	23.75	35.00	7.2860	8.97	2023-08-19	00:49:59
231.0764	23.52	35.00	7.4115	8.97	2023-08-19	01:49:59
231.1180	23.24	35.00	7.7212	8.96	2023-08-19	02:49:59
231.1597	23.17	35.00	7.7605	8.96	2023-08-19	03:49:59
231.2014	23.07	35.00	7.7448	8.95	2023-08-19	04:49:59
231.2430	22.99	35.00	7.7429	8.95	2023-08-19	05:49:59
231.2847	22.96	35.00	7.7215	8.95	2023-08-19	06:49:59
231.3264	22.89	35.00	7.7180	8.94	2023-08-19	07:49:59
231.3680	22.79	35.00	7.7035	8.94	2023-08-19	08:49:59
231.4097	22.69	35.00	7.6892	8.93	2023-08-19	09:49:59
231.4514	22.46	35.00	7.6190	8.92	2023-08-19	10:49:59
231.4930	22.28	35.00	7.3773	8.92	2023-08-19	11:49:59
231.5347	22.31	35.00	7.1653	8.91	2023-08-19	12:49:59
231.5764	22.41	35.00	7.0992	8.91	2023-08-19	13:49:59
231.6180	22.79	35.00	7.7062	8.91	2023-08-19	14:49:59
231.6597	22.96	35.00	7.7781	8.92	2023-08-19	15:49:59
231.7014	23.17	35.00	7.7922	8.92	2023-08-19	16:49:59
231.7430	23.24	35.00	7.7900	8.93	2023-08-19	17:49:59
231.7847	23.27	35.00	7.7672	8.93	2023-08-19	18:49:59
231.8264	23.37	35.00	7.7662	8.93	2023-08-19	19:49:59
231.8680	23.55	35.00	7.8028	8.94	2023-08-19	20:49:59
231.9097	23.63	35.00	7.7979	8.94	2023-08-19	21:49:59
231.9514	23.75	35.00	7.7887	8.94	2023-08-19	22:49:59
231.9930	23.96	35.00	7.6585	8.94	2023-08-19	23:49:59
232.0347	23.93	35.00	7.4460	8.95	2023-08-20	00:49:59
232.0764	23.83	35.00	7.3294	8.95	2023-08-20	01:49:59
232.1180	23.09	35.00	7.6724	8.94	2023-08-20	02:49:59
232.1597	22.99	35.00	7.7628	8.93	2023-08-20	03:49:59
232.2014	22.94	35.00	7.7801	8.92	2023-08-20	04:49:59
232.2430	22.89	35.00	7.8014	8.92	2023-08-20	05:49:59
232.2847	22.84	35.00	7.8042	8.91	2023-08-20	06:49:59
232.3264	22.79	35.00	7.8038	8.91	2023-08-20	07:49:59
232.3680	22.69	35.00	7.7922	8.90	2023-08-20	08:49:59
232.4097	22.61	35.00	7.7783	8.90	2023-08-20	09:49:59
232.4514	22.48	35.00	7.7301	8.90	2023-08-20	10:49:59
232.4930	22.31	35.00	7.6014	8.89	2023-08-20	11:49:59
232.5347	22.43	35.00	7.3914	8.88	2023-08-20	12:49:59
232.5764	22.61	35.00	7.2557	8.88	2023-08-20	13:49:59
232.6180	22.66	35.00	7.5851	8.88	2023-08-20	14:49:59
232.6597	22.96	35.00	7.7657	8.89	2023-08-20	15:49:59
232.7014	23.12	35.00	7.7641	8.90	2023-08-20	16:49:59
232.7430	23.24	35.00	7.8285	8.90	2023-08-20	17:49:59
232.7847	23.32	35.00	7.8335	8.90	2023-08-20	18:49:59
232.8264	23.40	35.00	7.8477	8.90	2023-08-20	19:49:59
232.8680	23.45	35.00	7.8372	8.91	2023-08-20	20:49:59
232.9097	23.63	35.00	7.8548	8.91	2023-08-20	21:49:59
232.9514	23.65	35.00	7.8279	8.91	2023-08-20	22:49:59
232.9930	23.81	35.00	7.7569	8.91	2023-08-20	23:49:59
233.0347	24.01	35.00	7.5639	8.92	2023-08-21	00:49:59
233.0764	23.99	35.00	7.4068	8.92	2023-08-21	01:49:59
233.1180	23.86	35.00	7.4039	8.92	2023-08-21	02:49:59
233.1597	22.99	35.00	7.7574	8.91	2023-08-21	03:49:59
233.2014	22.99	35.00	7.8049	8.90	2023-08-21	04:49:59
233.2430	23.04	35.00	7.8322	8.89	2023-08-21	05:49:59
233.2847	23.04	35.00	7.8368	8.89	2023-08-21	06:49:59
233.3264	22.99	35.00	7.8441	8.88	2023-08-21	07:49:59
233.3680	22.99	35.00	7.7952	8.88	2023-08-21	08:49:59
233.4097	22.89	35.00	7.8181	8.88	2023-08-21	09:49:59
233.4514	22.84	35.00	7.7800	8.88	2023-08-21	10:49:59
233.4930	22.81	35.00	7.7180	8.87	2023-08-21	11:49:59
233.5347	22.91	35.00	7.5669	8.87	2023-08-21	12:49:59
233.5764	23.19	35.00	7.3764	8.87	2023-08-21	13:49:59
233.6180	23.34	35.00	7.3951	8.88	2023-08-21	14:49:59
233.6597	23.34	35.00	7.7871	8.88	2023-08-21	15:49:59
233.7014	23.57	35.00	7.8185	8.89	2023-08-21	16:49:59
233.7430	23.70	35.00	7.8523	8.89	2023-08-21	17:49:59
233.7847	23.81	35.00	7.8624	8.90	2023-08-21	18:49:59
233.8264	24.11	35.00	7.8796	8.90	2023-08-21	19:49:59
233.8680	24.27	35.00	7.8937	8.91	2023-08-21	20:49:59
233.9097	24.35	35.00	7.8785	8.91	2023-08-21	21:49:59
233.9514	24.27	35.00	7.8610	8.91	2023-08-21	22:49:59
233.9930	24.27	35.00	7.8208	8.91	2023-08-21	23:49:59
234.0347	24.53	35.00	7.7423	8.91	2023-08-22	00:49:59
234.0764	24.74	35.00	7.5415	8.92	2023-08-22	01:49:59
234.1180	24.76	35.00	7.4168	8.92	2023-08-22	02:49:59
234.1597	23.88	35.00	7.7148	8.92	2023-08-22	03:49:59
234.2014	23.52	35.00	7.7856	8.90	2023-08-22	04:49:59
234.2430	23.29	35.00	7.8109	8.89	2023-08-22	05:49:59
234.2847	23.19	35.00	7.7845	8.88	2023-08-22	06:49:59
234.3264	23.01	35.00	7.7755	8.87	2023-08-22	07:49:59
234.3680	22.96	35.00	7.7815	8.86	2023-08-22	08:49:59
234.4097	22.91	35.00	7.7682	8.85	2023-08-22	09:49:59
234.4514	22.86	35.00	7.7487	8.85	2023-08-22	10:49:59
234.4930	22.86	35.00	7.7348	8.85	2023-08-22	11:49:59
234.5347	23.04	35.00	7.6915	8.85	2023-08-22	12:49:59
234.5764	17.71	35.00	0.0000	8.81	2023-08-22	13:49:59
234.6180	16.53	35.00	8.1753	8.71	2023-08-22	14:49:59
234.6597	20.72	35.00	5.1440	8.68	2023-08-22	15:49:59
234.7014	22.46	35.00	0.0000	8.72	2023-08-22	16:49:59
234.7430	22.03	35.00	0.0000	8.76	2023-08-22	17:49:59
234.7847	21.16	35.00	7.6431	8.79	2023-08-22	18:49:59
234.8264	20.79	35.00	7.6589	8.80	2023-08-22	19:49:59
234.8680	18.59	35.00	0.0000	8.78	2023-08-22	20:49:59
234.9097	18.54	35.00	7.6923	8.72	2023-08-22	21:49:59
234.9514	18.45	35.00	0.0000	8.70	2023-08-22	22:49:59
234.9930	18.23	35.00	8.1187	8.70	2023-08-22	23:49:59
235.0347	18.37	35.00	0.0000	8.69	2023-08-23	00:49:59
235.0764	18.14	35.00	0.0000	8.69	2023-08-23	01:49:59
235.1180	17.85	35.00	0.0000	8.68	2023-08-23	02:49:59
235.1597	17.66	35.00	0.0000	8.67	2023-08-23	03:49:59
235.2014	17.54	35.00	0.0000	8.66	2023-08-23	04:49:59
235.2430	17.47	35.00	0.0000	8.65	2023-08-23	05:49:59
235.2847	17.33	35.00	7.8361	8.65	2023-08-23	06:49:59
235.3264	17.36	35.00	7.8894	8.66	2023-08-23	07:49:59
235.3680	17.45	35.00	0.0000	8.66	2023-08-23	08:49:59
235.4097	17.59	35.00	0.0000	8.66	2023-08-23	09:49:59
235.4514	17.69	35.00	0.0000	8.67	2023-08-23	10:49:59
235.4930	17.78	35.00	7.3962	8.67	2023-08-23	11:49:59
235.5347	17.85	35.00	0.0000	8.68	2023-08-23	12:49:59
235.5764	22.33	35.00	0.0000	8.70	2023-08-23	13:49:59
235.6180	21.91	35.00	8.0699	8.69	2023-08-23	14:49:59
235.6597	21.61	35.00	8.0690	8.68	2023-08-23	15:49:59
235.7014	21.44	35.00	7.9628	8.68	2023-08-23	16:49:59
235.7430	21.31	35.00	7.9177	8.69	2023-08-23	17:49:59
235.7847	21.24	35.00	7.8905	8.69	2023-08-23	18:49:59