Year Day	Temperature C	CO2	Battery Voltage
168.0931	22.79		0.00
168.2597	22.26		0.00
168.4264	22.21		0.00
168.5931	22.23		0.00
168.7597	22.31		0.00
168.9264	23.88		0.00
169.0931	25.97		0.00
169.2597	24.74		0.00
169.4264	22.33		0.00
169.5931	21.11		0.00
169.6256	21.24		11.71
169.6264			
169.6459	21.61	807.4	12.00
169.6461			
169.6668	21.71	601.7	11.99
169.6669			
169.6876	22.06	617.2	11.99
169.6877			
169.7084	21.91	628.6	11.99
169.7086			
169.7293	22.28	652.2	11.99
169.7294			
169.7501	22.21	591.9	11.99
169.7502			
169.7709	22.48	458.0	11.99
169.7711			
169.7918	22.48	456.4	11.99
169.7919			
169.8126	22.53	446.8	12.00
169.8127			
169.8334	22.43	361.2	11.99
169.8336			
169.8543	22.46	377.4	12.00
169.8544			
169.8751	22.26	345.9	11.99
169.8752			
169.8959	22.21	334.5	11.99
169.8961			
169.9168	22.21	348.3	11.99
169.9169			
169.9376	22.03	346.2	11.99
169.9377			
169.9584	21.83	353.8	11.99
169.9586			
169.9793	21.71	333.6	11.99
169.9794			
170.0001	21.58	342.6	11.99
170.0002			
170.0209	21.44	397.1	11.99
170.0211			
170.0418	21.53	439.0	11.99
170.0419			
170.0626	21.31	463.6	11.99
170.0627			
170.0834	21.04	492.9	11.99
170.0836			
170.1043	20.92	622.8	11.99
170.1044			
170.1251	20.87	682.6	11.98
170.1252			
170.1459	20.77	717.6	11.98
170.1461			
170.1668	20.77	788.2	11.98
170.1669			
170.1876	21.06	762.9	11.98
170.1877			
170.2084	20.72	769.2	11.98
170.2086			
170.2293	20.77	759.8	11.98
170.2294			
170.2501	20.67	766.4	11.98
170.2502			
170.2709	20.79	815.4	11.98
170.2711			
170.2918	20.74	825.1	11.98
170.2919			
170.3126	20.72	833.6	11.98
170.3127			
170.3334	20.82	854.0	11.98
170.3336			
170.3543	20.89	813.1	11.98
170.3544			
170.3751	21.06	780.5	11.98
170.3752			
170.3959	21.04	735.9	11.98
170.3961			
170.4168	20.99	744.3	11.98
170.4169			
170.4376	20.99	745.2	11.98
170.4377			
170.4584	20.97	757.7	11.98
170.4586			
170.4793	20.99	765.3	11.98
170.4794			
170.5001	20.89	798.7	11.98
170.5002			
170.5209	20.79	842.5	11.98
170.5211			
170.5418	20.97	896.5	11.98
170.5419			
170.5626	21.21	885.1	11.98
170.5627			
170.5834	21.41	872.8	11.98
170.5836			
170.6043	21.46	848.9	11.98
170.6044			
170.6251	21.61	801.4	11.99
170.6252			
170.6459	21.81	736.4	11.99
170.6461			
170.6668	22.03	698.3	11.99
170.6669			
170.6876	22.23	674.3	11.99
170.6877			
170.7084	22.38	635.9	11.99
170.7086			
170.7293	22.56	633.8	11.99
170.7294			
170.7501	22.56	592.0	11.99
170.7502			
170.7709	22.61	560.0	11.99
170.7711			
170.7918	22.84	515.6	11.99
170.7919			
170.8126	22.84	382.3	11.99
170.8127			
170.8334	22.79	418.3	11.99
170.8336			
170.8543	22.69	439.4	11.99
170.8544			
170.8751	22.48	419.9	11.99
170.8752			
170.8959	22.36	374.9	11.99
170.8961			
170.9168	22.31	402.5	11.99
170.9169			
170.9376	22.13	395.7	11.99
170.9377			
170.9584	22.06	406.8	11.98
170.9586			
170.9793	22.01	413.2	11.99
170.9794			
171.0001	22.08	451.4	11.98
171.0002			
171.0209	21.73	452.0	11.98
171.0211			
171.0418	21.91	471.3	11.98
171.0419			
171.0626	21.88	469.0	11.98
171.0627			
171.0834	21.78	526.5	11.98
171.0836			
171.1043	21.44	611.9	11.98
171.1044			
171.1251	21.61	699.5	11.98
171.1252			
171.1459	21.58	638.8	11.98
171.1461			
171.1668	21.31	786.5	11.98
171.1669			
171.1876	21.26	897.8	11.98
171.1877			
171.2084	20.97	972.0	11.98
171.2086			
171.2293	21.09	1159.7	11.97
171.2294			
171.2501	20.89	1227.3	11.97
171.2502			
171.2709	21.09	1228.5	11.97
171.2711			
171.2918	21.26	1157.4	11.97
171.2919			
171.3126	21.16	1290.4	11.97
171.3127			
171.3334	21.06	1236.1	11.97
171.3336			
171.3543	21.04	1105.4	11.97
171.3544			
171.3751	20.89	1108.9	11.97
171.3752			
171.3959	21.11	1178.0	11.97
171.3961			
171.4168	21.19	1124.1	11.97
171.4169			
171.4376	21.19	1083.7	11.97
171.4377			
171.4584	21.36	1091.0	11.97
171.4586			
171.4793	21.39	1038.7	11.97
171.4794			
171.5001	21.36	1085.2	11.97
171.5002			
171.5209	21.58	1136.6	11.97
171.5211			
171.5418	21.53	1186.4	11.97
171.5419			
171.5626	21.44	1201.4	11.97
171.5627			
171.5834	21.66	1255.7	11.97
171.5836			
171.6043	21.93	1172.4	11.97
171.6044			
171.6251	22.26	1106.8	11.97
171.6252			
171.6459	22.26	905.1	11.97
171.6461			
171.6668	22.81	911.9	11.97
171.6669			
171.6876	22.84	874.0	11.98
171.6877			
171.7084	22.74	785.9	11.98
171.7086			
171.7293	23.07	806.6	11.98
171.7294			
171.7501	23.17	736.6	11.98
171.7502			
171.7709	23.32	673.0	11.98
171.7711			
171.7918	23.55	665.6	11.98
171.7919			
171.8126	23.37	466.3	11.98
171.8127			
171.8334	23.60	418.4	11.98
171.8336			
171.8543	23.50	399.9	11.98
171.8544			
171.8751	23.37	394.9	11.98
171.8752			
171.8959	23.22	357.9	11.98
171.8961			
171.9168	23.14	396.1	11.97
171.9169			
171.9376	22.99	388.2	11.97
171.9377			
171.9584	23.01	396.0	11.97
171.9586			
171.9793	22.86	444.4	11.97
171.9794			
172.0001	22.56	436.5	11.97
172.0002			
172.0209	22.56	484.5	11.97
172.0211			
172.0418	22.41	502.4	11.97
172.0419			
172.0626	22.36	518.2	11.96
172.0627			
172.0834	21.68	588.3	11.96
172.0836			
172.1043	21.53	754.7	11.96
172.1044			
172.1251	21.73	796.9	11.96
172.1252			
172.1459	21.76	1012.0	11.96
172.1461			
172.1668	21.68	1090.8	11.96
172.1669			
172.1876	21.41	1236.5	11.96
172.1877			
172.2084	21.46	1348.0	11.96
172.2086			
172.2293	21.53	1498.2	11.96
172.2294			
172.2501	21.63	1503.1	11.96
172.2502			
172.2709	21.61	1498.7	11.95
172.2711			
172.2918	21.63	1481.4	11.95
172.2919			
172.3126	21.68	1519.3	11.95
172.3127			
172.3334	21.76	1400.3	11.96
172.3336			
172.3543	21.78	1358.7	11.95
172.3544			
172.3751	21.78	1432.4	11.95
172.3752			
172.3959	21.93	1339.0	11.96
172.3961			
172.4168	21.98	1306.6	11.95
172.4169			
172.4376	22.08	1092.1	11.95
172.4377			
172.4584	22.13	988.7	11.95
172.4586			
172.4793	22.16	1021.8	11.96
172.4794			
172.5001	22.08	1030.7	11.96
172.5002			
172.5209	22.18	982.0	11.96
172.5211			
172.5418	22.41	879.1	11.95
172.5419			
172.5626	22.43	895.5	11.95
172.5627			
172.5834	22.48	873.0	11.96
172.5836			
172.6043	22.41	889.2	11.96
172.6044			
172.6251	22.41	934.7	11.95
172.6252			
172.6459	22.43	923.7	11.96
172.6461			
172.6668	22.51	901.3	11.95
172.6669			
172.6876	22.46	865.3	11.95
172.6877			
172.7084	22.38	705.3	11.95
172.7086			
172.7293	22.38	644.0	11.95
172.7294			
172.7501	22.31	602.8	11.95
172.7502			
172.7709	22.33	545.9	11.95
172.7711			
172.7918	22.31	523.7	11.95
172.7919			
172.8126	22.23	504.5	11.95
172.8127			
172.8334	22.23	583.1	11.95
172.8336			
172.8543	22.23	540.6	11.95
172.8544			
172.8751	22.23	559.8	11.95
172.8752			
172.8959	22.23	566.8	11.95
172.8961			
172.9168	22.26	588.1	11.95
172.9169			
172.9376	22.21	618.3	11.95
172.9377			
172.9584	22.21	635.8	11.95
172.9586			
172.9793	22.21	659.6	11.95
172.9794			
173.0001	22.18	689.1	11.95
173.0002			
173.0209	22.16	699.1	11.95
173.0211			
173.0418	22.11	696.5	11.94
173.0419			
173.0626	22.03	714.8	11.94
173.0627			
173.0834	21.96	763.2	11.95
173.0836			
173.1043	21.96	858.0	11.94
173.1044			
173.1251	21.93	884.0	11.94
173.1252			
173.1464	21.83		11.67
173.1472			
173.1668	21.83	960.4	11.96
173.1669			
173.1876	21.78	1090.9	11.96
173.1877			
173.2084	21.61	1405.2	11.95
173.2086			
173.2293	21.56	1517.2	11.95
173.2294			
173.2501	21.36	1663.2	11.95
173.2502			
173.2709	21.34	1786.2	11.94
173.2711			
173.2918	21.21	1879.5	11.94
173.2919			
173.3126	21.24	1981.5	11.94
173.3127			
173.3334	21.36	1967.2	11.93
173.3336			
173.3543	21.41	1810.0	11.93
173.3544			
173.3751	21.39	1730.9	11.93
173.3752			
173.3959	21.41	1703.2	11.93
173.3961			
173.4168	21.41	1681.6	11.93
173.4169			
173.4376	21.51	1625.0	11.93
173.4377			
173.4584	21.48	1575.0	11.93
173.4586			
173.4793	21.63	1505.3	11.93
173.4794			
173.5001	21.61	1415.2	11.93
173.5002			
173.5209	21.76	1316.6	11.93
173.5211			
173.5418	21.63	1276.6	11.93
173.5419			
173.5626	22.06	1207.6	11.93
173.5627			
173.5834	22.13	1117.4	11.93
173.5836			
173.6043	22.36	1052.8	11.93
173.6044			
173.6251	22.38	1015.2	11.93
173.6252			
173.6459	22.74	998.9	11.93
173.6461			
173.6668	22.89	956.3	11.93
173.6669			
173.6876	22.99	930.2	11.93
173.6877			
173.7084	23.27	942.6	11.93
173.7086			
173.7293	23.12	895.1	11.93
173.7294			
173.7501	23.12	675.4	11.93
173.7502			
173.7709	22.81	497.5	11.93
173.7711			
173.7918	22.66	346.2	11.93
173.7919			
173.8126	22.76	376.6	11.93
173.8127			
173.8334	22.69	329.9	11.93
173.8336			
173.8543	22.86	407.7	11.93
173.8544			
173.8751	22.84	328.9	11.93
173.8752			
173.8959	22.79	393.2	11.93
173.8961			
173.9168	22.28	510.4	11.93
173.9169			
173.9376	22.61	555.4	11.92
173.9377			
173.9584	22.53	590.0	11.92
173.9586			
173.9793	22.51	604.6	11.92
173.9794			
174.0001	22.38	636.3	11.92
174.0002			
174.0209	22.31	666.6	11.92
174.0211			
174.0418	22.31	627.5	11.92
174.0419			
174.0626	22.21	677.3	11.92
174.0627			
174.0834	21.91	664.9	11.92
174.0836			
174.1043	22.08	728.4	11.92
174.1044			
174.1251	22.08	715.9	11.92
174.1252			
174.1459	21.81	758.4	11.92
174.1461			
174.1668	21.91	896.9	11.92
174.1669			
174.1876	21.96	992.1	11.92
174.1877			
174.2084	21.73	852.3	11.92
174.2086			
174.2293	21.41	1108.9	11.91
174.2294			
174.2501	21.29	1243.5	11.91
174.2502			
174.2709	21.16	1468.3	11.91
174.2711			
174.2918	21.34	1510.1	11.91
174.2919			
174.3126	21.16	1416.0	11.91
174.3127			
174.3334	21.04	1203.4	11.91
174.3336			
174.3543	21.26	1118.6	11.91
174.3544			
174.3751	21.19	1126.2	11.91
174.3752			
174.3959	20.47	1812.5	11.91
174.3961			
174.4168	19.82	2367.2	11.90
174.4169			
174.4376	19.77	2350.0	11.90
174.4377			
174.4584	20.77	2323.8	11.90
174.4586			
174.4793	20.77	1806.0	11.90
174.4794			
174.5001	20.70	1940.6	11.90
174.5002			
174.5209	20.84	1853.2	11.90
174.5211			
174.5418	20.92	1637.7	11.90
174.5419			
174.5626	21.09	1571.3	11.90
174.5627			
174.5834	21.02	1538.6	11.90
174.5836			
174.6043	21.21	1533.8	11.90
174.6044			
174.6251	21.36	1446.7	11.90
174.6252			
174.6459	21.61	1345.9	11.90
174.6461			
174.6668	21.76	1261.0	11.90
174.6669			
174.6876	21.78	1301.2	11.90
174.6877			
174.7084	21.91	1385.3	11.90
174.7086			
174.7293	21.83	1713.0	11.90
174.7294			
174.7501	22.01	1690.2	11.90
174.7502			
174.7709	22.08	1382.7	11.90
174.7711			
174.7918	22.11	1485.7	11.91
174.7919			
174.8126	22.16	1261.7	11.90
174.8127			
174.8334	22.33	1186.7	11.91
174.8336			
174.8543	22.48	973.9	11.91
174.8544			
174.8751	22.81	721.0	11.91
174.8752			
174.8959	22.84	559.0	11.91
174.8961			
174.9168	22.89	520.3	11.91
174.9169			
174.9376	22.76	439.9	11.91
174.9377			
174.9584	22.58	537.8	11.91
174.9586			
174.9793	22.38	613.7	11.90
174.9794			
175.0001	22.51	633.7	11.90
175.0002			
175.0209	22.21	636.9	11.90
175.0211			
175.0418	22.46	657.5	11.90
175.0419			
175.0626	22.46	655.3	11.90
175.0627			
175.0834	22.38	684.7	11.90
175.0836			
175.1043	22.38	686.6	11.90
175.1044			
175.1251	22.31	701.0	11.90
175.1252			
175.1459	22.23	735.3	11.89
175.1461			
175.1668	22.23	744.5	11.89
175.1669			
175.1876	22.08	727.8	11.89
175.1877			
175.2084	21.93	726.9	11.89
175.2086			
175.2293	21.66	764.0	11.89
175.2294			
175.2501	21.51	1049.5	11.89
175.2502			
175.2709	21.39	1219.7	11.89
175.2711			
175.2918	21.21	1489.4	11.89
175.2919			
175.3126	21.31	1713.6	11.89
175.3127			
175.3334	21.21	1934.9	11.88
175.3336			
175.3543	21.04	2080.6	11.89
175.3544			
175.3751	21.11	2216.7	11.88
175.3752			
175.3959	21.19	2217.0	11.88
175.3961			
175.4168	21.46	1947.5	11.88
175.4169			
175.4376	21.44	2033.4	11.88
175.4377			
175.4584	21.36	1793.5	11.88
175.4586			
175.4793	21.31	1957.9	11.88
175.4794			
175.5001	21.16	1804.5	11.88
175.5002			
175.5209	21.24	1620.1	11.88
175.5211			
175.5418	21.44	1563.9	11.88
175.5419			
175.5626	22.13	1353.9	11.88
175.5627			
175.5834	21.78	1334.8	11.88
175.5836			
175.6043	21.98	1277.2	11.89
175.6044			
175.6251	22.23	1419.5	11.89
175.6252			
175.6459	22.23	1238.1	11.89
175.6461			
175.6668	22.74	1154.7	11.89
175.6669			
175.6876	22.76	911.7	11.89
175.6877			
175.7084	22.74	952.6	11.89
175.7086			
175.7293	22.86	903.0	11.89
175.7294			
175.7501	22.89	885.8	11.89
175.7502			
175.7709	23.07	879.2	11.89
175.7711			
175.7918	23.01	860.4	11.89
175.7919			
175.8126	23.14	939.5	11.89
175.8127			
175.8334	23.24	873.8	11.89
175.8336			
175.8543	23.14	807.8	11.89
175.8544			
175.8751	23.07	618.3	11.89
175.8752			
175.8959	23.19	599.9	11.89
175.8961			
175.9168	22.96	469.7	11.89
175.9169			
175.9376	22.99	496.5	11.89
175.9377			
175.9584	22.86	466.3	11.89
175.9586			
175.9793	22.89	479.0	11.88
175.9794			
176.0001	22.76	471.2	11.88
176.0002			
176.0209	22.56	497.4	11.88
176.0211			
176.0418	22.36	455.4	11.88
176.0419			
176.0626	22.58	501.8	11.88
176.0627			
176.0834	22.66	513.3	11.88
176.0836			
176.1043	22.08	542.7	11.88
176.1044			
176.1251	22.03	533.1	11.88
176.1252			
176.1459	21.73	545.7	11.88
176.1461			
176.1668	21.66	568.3	11.87
176.1669			
176.1876	21.83	549.1	11.87
176.1877			
176.2084	21.71	543.1	11.87
176.2086			
176.2293	21.53	547.6	11.87
176.2294			
176.2501	21.81	582.4	11.87
176.2502			
176.2709	21.73	607.3	11.87
176.2711			
176.2918	21.34	643.2	11.87
176.2919			
176.3126	21.29	742.1	11.87
176.3127			
176.3334	21.02	728.7	11.86
176.3336			
176.3543	20.77	1198.5	11.86
176.3544			
176.3751	20.97	1389.1	11.86
176.3752			
176.3959	20.97	1473.8	11.86
176.3961			
176.4168	21.09	1579.9	11.86
176.4169			
176.4376	21.16	1806.2	11.86
176.4377			
176.4584	21.06	1665.5	11.86
176.4586			
176.4793	21.31	1680.3	11.86
176.4794			
176.5001	21.29	1599.0	11.86
176.5002			
176.5209	21.34	1608.9	11.86
176.5211			
176.5418	21.36	1484.1	11.86
176.5419			
176.5626	21.58	1447.2	11.86
176.5627			
176.5834	21.66	1288.9	11.86
176.5836			
176.6043	21.58	1191.8	11.86
176.6044			
176.6251	21.71	1093.2	11.86
176.6252			
176.6459	21.93	1023.7	11.87
176.6461			
176.6673	21.78		11.59
176.6680			
176.6876	22.08	883.1	11.89
176.6877			
176.7084	22.11	905.3	11.88
176.7086			
176.7293	22.48	885.4	11.88
176.7294			
176.7501	22.41	801.3	11.88
176.7502			
176.7709	22.48	763.6	11.88
176.7711			
176.7918	22.36	788.2	11.87
176.7919			
176.8126	22.23	783.4	11.87
176.8127			
176.8334	22.46	816.9	11.87
176.8336			
176.8543	22.43	684.3	11.87
176.8544			
176.8751	22.31	640.3	11.87
176.8752			
176.8959	22.21	524.6	11.87
176.8961			
176.9168	22.06	461.7	11.86
176.9169			
176.9376	21.78	442.4	11.86
176.9377			
176.9584	21.88	518.8	11.86
176.9586			
176.9793	21.76	571.1	11.85
176.9794			
177.0001	21.71	589.0	11.86
177.0002			
177.0209	21.73	632.1	11.86
177.0211			
177.0418	21.63	667.4	11.85
177.0419			
177.0626	21.68	702.8	11.85
177.0627			
177.0834	21.73	701.3	11.85
177.0836			
177.1043	21.76	709.7	11.85
177.1044			
177.1251	21.76	728.1	11.85
177.1252			
177.1459	21.63	741.1	11.85
177.1461			
177.1668	21.71	770.2	11.85
177.1669			
177.1876	21.78	777.2	11.85
177.1877			
177.2084	21.71	819.6	11.85
177.2086			
177.2293	21.78	863.2	11.85
177.2294			
177.2501	21.71	902.8	11.85
177.2502			
177.2709	21.66	912.4	11.85
177.2711			
177.2918	21.61	903.6	11.85
177.2919			
177.3126	21.44	965.3	11.84
177.3127			
177.3334	21.39	1384.2	11.85
177.3336			
177.3543	21.31	1448.1	11.84
177.3544			
177.3751	21.24	1519.8	11.84
177.3752			
177.3959	21.19	1845.0	11.84
177.3961			
177.4168	21.19	1896.8	11.84
177.4169			
177.4376	21.19	1679.0	11.84
177.4377			
177.4584	21.16	1849.3	11.84
177.4586			
177.4793	21.11	1844.8	11.84
177.4794			
177.5001	21.19	1840.5	11.84
177.5002			
177.5209	21.34	1615.2	11.84
177.5211			
177.5418	21.34	1557.2	11.84
177.5419			
177.5626	21.34	1482.0	11.84
177.5627			
177.5834	21.41	1610.4	11.84
177.5836			
177.6043	21.46	1402.8	11.84
177.6044			
177.6251	21.61	1236.9	11.84
177.6252			
177.6459	21.53	1174.0	11.84
177.6461			
177.6668	21.53	1017.7	11.84
177.6669			
177.6876	21.68	984.9	11.84
177.6877			
177.7084	21.83	885.2	11.84
177.7086			
177.7293	22.01	863.0	11.84
177.7294			
177.7501	22.13	853.2	11.84
177.7502			
177.7709	22.51	793.6	11.84
177.7711			
177.7918	22.71	737.9	11.84
177.7919			
177.8126	22.69	676.4	11.84
177.8127			
177.8334	22.86	685.3	11.84
177.8336			
177.8543	22.81	673.6	11.84
177.8544			
177.8751	22.71	691.2	11.84
177.8752			
177.8959	22.76	671.5	11.84
177.8961			
177.9168	22.74	645.7	11.84
177.9169			
177.9376	22.56	592.8	11.84
177.9377			
177.9584	22.51	568.1	11.84
177.9586			
177.9793	22.38	564.5	11.84
177.9794			
178.0001	22.36	580.6	11.84
178.0002			
178.0209	22.23	590.7	11.84
178.0211			
178.0418	22.23	580.6	11.84
178.0419			
178.0626	22.21	607.4	11.84
178.0627			
178.0834	22.31	649.4	11.84
178.0836			
178.1043	22.28	672.1	11.83
178.1044			
178.1251	22.36	674.0	11.83
178.1252			
178.1459	22.28	684.5	11.83
178.1461			
178.1668	22.36	695.8	11.83
178.1669			
178.1876	22.31	703.7	11.83
178.1877			
178.2084	22.31	736.6	11.83
178.2086			
178.2293	22.28	754.1	11.83
178.2294			
178.2501	22.28	805.3	11.83
178.2502			
178.2709	22.26	817.5	11.83
178.2711			
178.2918	22.18	870.2	11.83
178.2919			
178.3126	22.06	926.1	11.83
178.3127			
178.3334	22.16	1090.1	11.83
178.3336			
178.3543	22.03	1022.2	11.83
178.3544			
178.3751	21.93	1201.6	11.82
178.3752			
178.3959	21.88	1376.7	11.82
178.3961			
178.4168	21.83	1560.3	11.82
178.4169			
178.4376	21.81	1685.4	11.82
178.4377			
178.4584	21.81	1722.1	11.82
178.4586			
178.4793	21.81	1785.4	11.82
178.4794			
178.5001	21.88	1756.6	11.82
178.5002			
178.5209	21.96	1635.7	11.82
178.5211			
178.5418	22.03	1391.8	11.82
178.5419			
178.5626	22.08	1468.0	11.82
178.5627			
178.5834	22.13	1490.5	11.82
178.5836			
178.6043	22.21	1423.4	11.82
178.6044			
178.6251	22.33	1333.8	11.82
178.6252			
178.6459	22.46	1308.3	11.82
178.6461			
178.6668	22.48	1250.6	11.82
178.6669			
178.6876	22.48	1152.1	11.82
178.6877			
178.7084	22.48	1059.3	11.82
178.7086			
178.7293	22.66	1038.2	11.82
178.7294			
178.7501	22.61	918.6	11.82
178.7502			
178.7709	22.81	851.3	11.82
178.7711			
178.7918	22.64	684.5	11.82
178.7919			
178.8126	22.74	724.0	11.82
178.8127			
178.8334	22.79	689.0	11.82
178.8336			
178.8543	22.81	543.1	11.82
178.8544			
178.8751	22.81	516.6	11.82
178.8752			
178.8959	22.96	582.3	11.82
178.8961			
178.9168	22.91	563.9	11.82
178.9169			
178.9376	22.84	576.1	11.82
178.9377			
178.9584	22.69	519.3	11.82
178.9586			
178.9793	22.56	512.2	11.82
178.9794			
179.0001	22.46	424.5	11.82
179.0002			
179.0209	22.23	467.8	11.82
179.0211			
179.0418	22.23	551.4	11.82
179.0419			
179.0626	22.13	656.2	11.82
179.0627			
179.0834	22.11	683.3	11.82
179.0836			
179.1043	22.31	696.4	11.81
179.1044			
179.1251	22.01	722.0	11.81
179.1252			
179.1459	22.38	752.7	11.81
179.1461			
179.1668	22.33	723.7	11.81
179.1669			
179.1876	22.41	736.5	11.81
179.1877			
179.2084	22.51	740.2	11.81
179.2086			
179.2293	22.53	758.3	11.81
179.2294			
179.2501	22.48	765.4	11.81
179.2502			
179.2709	22.51	762.2	11.81
179.2711			
179.2918	22.46	825.0	11.81
179.2919			
179.3126	22.43	859.5	11.81
179.3127			
179.3334	22.33	905.9	11.81
179.3336			
179.3543	22.23	980.7	11.81
179.3544			
179.3751	22.06	1082.9	11.81
179.3752			
179.3959	21.91	1388.0	11.81
179.3961			
179.4168	21.96	1635.4	11.81
179.4169			
179.4376	22.06	1741.6	11.81
179.4377			
179.4584	22.08	1739.9	11.81
179.4586			
179.4793	22.08	1750.4	11.81
179.4794			
179.5001	22.13	1795.9	11.81
179.5002			
179.5209	22.13	1696.4	11.81
179.5211			
179.5418	22.16	1721.2	11.81
179.5419			
179.5626	22.23	1722.7	11.81
179.5627			
179.5834	22.36	1598.2	11.81
179.5836			
179.6043	22.46	1445.3	11.81
179.6044			
179.6251	22.56	1294.4	11.81
179.6252			
179.6459	22.61	1323.8	11.81
179.6461			
179.6668	22.71	1231.4	11.81
179.6669			
179.6876	22.84	1162.9	11.81
179.6877			
179.7084	23.01	1100.0	11.81
179.7086			
179.7293	23.12	1018.5	11.81
179.7294			
179.7501	23.01	987.0	11.81
179.7502			
179.7709	23.32	928.1	11.81
179.7711			
179.7918	23.63	882.6	11.81
179.7919			
179.8126	23.65	760.7	11.81
179.8127			
179.8334	23.81	624.9	11.81
179.8336			
179.8543	23.83	555.3	11.81
179.8544			
179.8751	23.75	522.1	11.81
179.8752			
179.8959	23.86	455.1	11.81
179.8961			
179.9168	23.78	487.0	11.81
179.9169			
179.9376	23.65	524.2	11.81
179.9377			
179.9584	23.50	550.4	11.81
179.9586			
179.9793	23.29	562.7	11.81
179.9794			
180.0001	23.04	555.2	11.81
180.0002			
180.0209	22.91	573.1	11.81
180.0211			
180.0418	22.58	582.2	11.81
180.0419			
180.0626	22.48	596.9	11.80
180.0627			
180.0834	22.66	598.8	11.80
180.0836			
180.1043	22.69	660.2	11.80
180.1044			
180.1251	22.76	706.2	11.80
180.1252			
180.1459	22.66	750.3	11.80
180.1461			
180.1668	22.79	728.0	11.80
180.1669			
180.1881	22.71		11.54
180.1889			
180.2084	22.84	729.7	11.82
180.2086			
180.2293	22.81	761.7	11.82
180.2294			
180.2501	22.66	785.5	11.81
180.2502			
180.2709	22.79	891.4	11.81
180.2711			
180.2918	22.86	857.3	11.81
180.2919			
180.3126	22.84	907.1	11.81
180.3127			
180.3334	22.89	976.0	11.80
180.3336			
180.3543	22.74	1034.9	11.80
180.3544			
180.3751	22.53	1129.2	11.80
180.3752			
180.3959	22.53	1191.9	11.80
180.3961			
180.4168	22.26	1337.2	11.80
180.4169			
180.4376	22.41	1560.9	11.80
180.4377			
180.4584	22.41	1568.2	11.80
180.4586			
180.4793	22.38	1738.6	11.80
180.4794			
180.5001	22.46	1699.7	11.80
180.5002			
180.5209	22.64	1730.0	11.79
180.5211			
180.5418	22.66	1504.1	11.79
180.5419			
180.5626	22.94	1561.5	11.79
180.5627			
180.5834	23.09	1358.0	11.79
180.5836			
180.6043	23.24	1352.8	11.79
180.6044			
180.6251	23.42	1271.7	11.79
180.6252			
180.6459	23.57	1244.1	11.80
180.6461			
180.6668	23.65	1092.5	11.80
180.6669			
180.6876	23.73	1074.3	11.80
180.6877			
180.7084	23.88	943.6	11.80
180.7086			
180.7293	24.06	842.6	11.80
180.7294			
180.7501	24.11	897.2	11.80
180.7502			
180.7709	24.27	828.2	11.80
180.7711			
180.7918	24.24	738.7	11.80
180.7919			
180.8126	24.45	705.6	11.80
180.8127			
180.8334	24.27	660.7	11.80
180.8336			
180.8543	24.45	671.0	11.80
180.8544			
180.8751	24.35	507.9	11.80
180.8752			
180.8959	24.71	553.4	11.80
180.8961			
180.9168	24.68	489.3	11.80
180.9169			
180.9376	24.45	437.3	11.80
180.9377			
180.9584	24.19	377.6	11.80
180.9586			
180.9793	23.91	388.6	11.80
180.9794			
181.0001	23.86	420.9	11.79
181.0002			
181.0209	23.52	448.7	11.79
181.0211			
181.0418	23.60	485.2	11.79
181.0419			
181.0626	23.42	516.9	11.79
181.0627			
181.0834	23.47	553.9	11.78
181.0836			
181.1043	23.32	557.8	11.78
181.1044			
181.1251	23.27	561.2	11.78
181.1252			
181.1459	23.29	578.0	11.78
181.1461			
181.1668	23.29	632.3	11.78
181.1669			
181.1876	23.27	659.2	11.78
181.1877			
181.2084	23.24	655.2	11.78
181.2086			
181.2293	23.22	706.6	11.78
181.2294			
181.2501	23.29	728.4	11.78
181.2502			
181.2709	23.40	741.8	11.78
181.2711			
181.2918	23.52	750.6	11.78
181.2919			
181.3126	23.57	755.4	11.78
181.3127			
181.3334	23.57	796.1	11.78
181.3336			
181.3543	23.55	835.3	11.78
181.3544			
181.3751	23.50	922.0	11.78
181.3752			
181.3959	23.22	960.0	11.78
181.3961			
181.4168	23.09	1108.9	11.78
181.4169			
181.4376	23.09	1191.5	11.78
181.4377			
181.4584	23.04	1260.2	11.78
181.4586			
181.4793	23.04	1381.9	11.77
181.4794			
181.5001	23.22	1497.6	11.78
181.5002			
181.5209	23.22	1482.6	11.77
181.5211			
181.5418	23.42	1465.9	11.78
181.5419			
181.5626	23.50	1364.0	11.77
181.5627			
181.5834	23.63	1334.5	11.78
181.5836			
181.6043	23.86	1245.1	11.78
181.6044			
181.6251	24.09	1110.1	11.78
181.6252			
181.6459	24.19	1032.1	11.78
181.6461			
181.6668	24.32	1078.1	11.78
181.6669			
181.6876	24.42	1065.2	11.78
181.6877			
181.7084	24.55	995.0	11.78
181.7086			
181.7293	24.71	900.7	11.78
181.7294			
181.7501	24.76	818.6	11.78
181.7502			
181.7709	24.87	758.4	11.78
181.7711			
181.7918	25.00	791.5	11.78
181.7919			
181.8126	24.97	748.5	11.79
181.8127			
181.8334	25.05	685.3	11.78
181.8336			
181.8543	24.97	630.3	11.78
181.8544			
181.8751	25.00	658.2	11.78
181.8752			
181.8959	25.00	638.9	11.78
181.8961			
181.9168	25.02	489.0	11.78
181.9169			
181.9376	25.00	513.2	11.78
181.9377			
181.9584	24.89	483.6	11.78
181.9586			
181.9793	24.61	447.8	11.78
181.9794			
182.0001	24.32	466.6	11.78
182.0002			
182.0209	24.32	452.1	11.78
182.0211			
182.0418	24.11	515.3	11.78
182.0419			
182.0626	24.14	555.0	11.77
182.0627			
182.0834	23.99	611.7	11.77
182.0836			
182.1043	23.99	662.7	11.77
182.1044			
182.1251	24.09	637.6	11.77
182.1252			
182.1459	23.88	658.0	11.77
182.1461			
182.1668	23.70	730.1	11.77
182.1669			
182.1876	23.73	834.8	11.77
182.1877			
182.2084	23.75	825.8	11.77
182.2086			
182.2293	23.65	826.2	11.77
182.2294			
182.2501	23.60	830.0	11.77
182.2502			
182.2709	23.57	842.0	11.77
182.2711			
182.2918	23.68	893.9	11.76
182.2919			
182.3126	23.57	928.2	11.77
182.3127			
182.3334	23.96	923.8	11.77
182.3336			
182.3543	23.86	874.8	11.76
182.3544			
182.3751	23.83	945.3	11.77
182.3752			
182.3959	23.60	969.5	11.76
182.3961			
182.4168	23.60	1030.6	11.76
182.4169			
182.4376	23.24	1207.2	11.77
182.4377			
182.4584	23.47	1239.1	11.76
182.4586			
182.4793	23.57	1271.4	11.76
182.4794			
182.5001	23.55	1267.8	11.76
182.5002			
182.5209	23.73	1364.4	11.76
182.5211			
182.5418	23.93	1294.2	11.76
182.5419			
182.5626	23.93	1120.7	11.76
182.5627			
182.5834	24.11	1306.9	11.76
182.5836			
182.6043	24.30	1132.1	11.76
182.6044			
182.6251	24.37	1232.9	11.77
182.6252			
182.6459	24.50	1161.0	11.77
182.6461			
182.6668	24.58	1168.7	11.77
182.6669			
182.6876	24.66	1146.5	11.77
182.6877			
182.7084	24.74	961.0	11.77
182.7086			
182.7293	24.92	1014.5	11.77
182.7294			
182.7501	25.10	932.7	11.77
182.7502			
182.7709	25.21	928.1	11.77
182.7711			
182.7918	25.26	890.4	11.77
182.7919			
182.8126	25.23	796.5	11.77
182.8127			
182.8334	25.21	746.1	11.77
182.8336			
182.8543	25.08	717.8	11.77
182.8544			
182.8751	25.10	600.1	11.77
182.8752			
182.8959	25.05	584.3	11.77
182.8961			
182.9168	25.10	602.0	11.77
182.9169			
182.9376	25.05	600.7	11.77
182.9377			
182.9584	25.08	635.0	11.77
182.9586			
182.9793	25.08	649.7	11.77
182.9794			
183.0001	25.00	441.2	11.77
183.0002			
183.0209	25.02	489.1	11.77
183.0211			
183.0418	24.92	479.6	11.77
183.0419			
183.0626	24.84	581.0	11.77
183.0627			
183.0834	24.61	655.3	11.76
183.0836			
183.1043	24.55	724.4	11.76
183.1044			
183.1251	23.91	763.0	11.76
183.1252			
183.1459	24.42	1016.8	11.76
183.1461			
183.1668	24.06	925.9	11.76
183.1669			
183.1876	23.52	1293.4	11.76
183.1877			
183.2084	23.86	1497.0	11.76
183.2086			
183.2293	23.65	1381.6	11.76
183.2294			
183.2501	24.17	1425.1	11.76
183.2502			
183.2709	24.11	1196.8	11.76
183.2711			
183.2918	24.11	1183.2	11.76
183.2919			
183.3126	24.24	1152.3	11.76
183.3127			
183.3334	24.24	1172.2	11.76
183.3336			
183.3543	24.01	1127.7	11.76
183.3544			
183.3751	23.96	1174.9	11.76
183.3752			
183.3959	24.01	1257.4	11.75
183.3961			
183.4168	23.93	1256.0	11.75
183.4169			
183.4376	23.96	1323.2	11.75
183.4377			
183.4584	23.93	1352.8	11.75
183.4586			
183.4793	23.96	1320.4	11.75
183.4794			
183.5001	23.86	1168.4	11.75
183.5002			
183.5209	23.91	1107.5	11.75
183.5211			
183.5418	23.63	1056.3	11.75
183.5419			
183.5626	23.73	1579.4	11.75
183.5627			
183.5834	23.42	1560.5	11.75
183.5836			
183.6043	23.45	1580.1	11.75
183.6044			
183.6251	23.24	1564.6	11.74
183.6252			
183.6459	23.24	1568.1	11.74
183.6461			
183.6668	23.29	1535.6	11.74
183.6669			
183.6876	23.47	1496.2	11.74
183.6877			
183.7089	23.40		11.49
183.7097			
183.7293	23.42	1242.8	11.77
183.7294			
183.7501	23.47	1235.9	11.77
183.7502			
183.7709	23.42	1067.8	11.76
183.7711			
183.7918	23.40	942.3	11.76
183.7919			
183.8126	23.42	942.8	11.76
183.8127			
183.8334	23.40	786.3	11.75
183.8336			
183.8543	23.52	817.2	11.75
183.8544			
183.8751	23.29	891.7	11.75
183.8752			
183.8959	23.32	831.8	11.75
183.8961			
183.9168	23.40	929.1	11.74
183.9169			
183.9376	23.40	987.2	11.75
183.9377			
183.9584	23.19	969.5	11.74
183.9586			
183.9793	23.27	998.4	11.74
183.9794			
184.0001	23.22	1028.4	11.74
184.0002			
184.0209	23.01	1147.3	11.74
184.0211			
184.0418	22.96	1128.6	11.74
184.0419			
184.0626	22.79	1150.0	11.74
184.0627			
184.0834	22.79	1148.5	11.74
184.0836			
184.1043	22.21	1189.5	11.74
184.1044			
184.1251	22.11	1357.2	11.73
184.1252			
184.1459	22.01	1557.6	11.73
184.1461			
184.1668	21.91	1728.7	11.73
184.1669			
184.1876	22.03	1895.0	11.73
184.1877			
184.2084	21.73	1979.7	11.73
184.2086			
184.2293	22.06	2181.7	11.73
184.2294			
184.2501	21.91	2205.4	11.73
184.2502			
184.2709	21.76	2291.6	11.72
184.2711			
184.2918	21.61	2458.3	11.73
184.2919			
184.3126	21.68	2594.4	11.72
184.3127			
184.3334	21.61	2591.6	11.72
184.3336			
184.3543	21.88	2571.6	11.73
184.3544			
184.3751	22.06	2567.9	11.72
184.3752			
184.3959	22.03	2606.6	11.72
184.3961			
184.4168	22.11	2537.0	11.72
184.4169			
184.4376	22.11	2601.6	11.72
184.4377			
184.4584	21.24	2564.8	11.72
184.4586			
184.4793	21.21	2303.1	11.72
184.4794			
184.5001	21.56	2242.9	11.72
184.5002			
184.5209	21.66	2239.0	11.72
184.5211			
184.5418	21.81	2226.5	11.72
184.5419			
184.5626	21.91	2195.2	11.72
184.5627			
184.5834	21.78	2112.3	11.72
184.5836			
184.6043	21.78	2134.4	11.72
184.6044			
184.6251	21.63	2191.0	11.72
184.6252			
184.6459	21.71	2051.2	11.72
184.6461			
184.6668	21.83	2136.4	11.72
184.6669			
184.6876	21.71	2116.2	11.72
184.6877			
184.7084	21.76	1926.3	11.72
184.7086			
184.7293	21.71	1863.2	11.72
184.7294			
184.7501	21.71	1832.5	11.72
184.7502			
184.7709	21.68	1780.8	11.72
184.7711			
184.7918	21.76	1765.1	11.72
184.7919			
184.8126	21.83	1682.6	11.72
184.8127			
184.8334	21.76	1644.2	11.72
184.8336			
184.8543	21.63	1611.9	11.72
184.8544			
184.8751	21.66	1682.2	11.72
184.8752			
184.8959	21.71	1686.3	11.72
184.8961			
184.9168	21.48	1654.1	11.71
184.9169			
184.9376	21.41	1596.5	11.72
184.9377			
184.9584	21.46	1568.5	11.71
184.9586			
184.9793	21.26	1636.1	11.71
184.9794			
185.0001	21.24	1580.4	11.71
185.0002			
185.0209	20.99	1599.6	11.71
185.0211			
185.0418	20.87	1505.2	11.71
185.0419			
185.0626	20.57	1581.6	11.71
185.0627			
185.0834	20.08	1535.1	11.70
185.0836			
185.1043	20.11	1533.1	11.70
185.1044			
185.1251	20.45	1628.3	11.70
185.1252			
185.1459	20.16	1721.1	11.70
185.1461			
185.1668	20.16	1896.4	11.70
185.1669			
185.1876	20.16	2009.0	11.70
185.1877			
185.2084	20.18	2119.6	11.70
185.2086			
185.2293	20.06	2102.1	11.70
185.2294			
185.2501	20.04	2159.7	11.70
185.2502			
185.2709	20.33	2018.2	11.70
185.2711			
185.2918	20.16	1823.3	11.70
185.2919			
185.3126	19.94	1879.2	11.69
185.3127			
185.3334	20.18	2093.0	11.69
185.3336			
185.3543	20.08	2207.2	11.70
185.3544			
185.3751	20.43	2317.9	11.70
185.3752			
185.3959	20.55	2526.8	11.70
185.3961			
185.4168	20.25	2626.1	11.70
185.4169			
185.4376	20.35	2517.1	11.69
185.4377			
185.4584	20.40	2573.9	11.70
185.4586			
185.4793	20.18	2596.8	11.69
185.4794			
185.5001	20.13	2510.1	11.70
185.5002			
185.5209	20.06	2470.4	11.69
185.5211			
185.5418	19.94	2425.8	11.69
185.5419			
185.5626	19.99	2438.4	11.69
185.5627			
185.5834	19.96	2491.0	11.69
185.5836			
185.6043	19.94	2480.9	11.69
185.6044			
185.6251	20.01	2403.7	11.69
185.6252			
185.6459	20.23	2525.1	11.69
185.6461			
185.6668	20.38	2357.1	11.69
185.6669			
185.6876	20.60	2388.0	11.69
185.6877			
185.7084	20.74	2190.9	11.69
185.7086			
185.7293	20.70	2160.2	11.69
185.7294			
185.7501	20.77	2166.2	11.69
185.7502			
185.7709	20.82	2091.8	11.69
185.7711			
185.7918	20.87	1970.4	11.69
185.7919			
185.8126	20.87	1848.7	11.69
185.8127			
185.8334	20.92	1751.6	11.69
185.8336			
185.8543	20.79	1716.7	11.69
185.8544			
185.8751	20.84	1842.6	11.69
185.8752			
185.8959	20.82	1735.3	11.69
185.8961			
185.9168	20.92	1557.2	11.69
185.9169			
185.9376	20.84	1615.2	11.69
185.9377			
185.9584	20.97	1488.1	11.69
185.9586			
185.9793	20.89	1368.1	11.69
185.9794			
186.0001	20.92	1546.3	11.69
186.0002			
186.0209	21.06	1489.4	11.69
186.0211			
186.0418	20.82	1486.8	11.69
186.0419			
186.0626	20.77	1496.8	11.69
186.0627			
186.0834	20.84	1560.4	11.69
186.0836			
186.1043	20.77	1558.7	11.69
186.1044			
186.1251	20.70	1632.2	11.69
186.1252			
186.1459	20.62	1788.4	11.69
186.1461			
186.1668	20.35	1918.8	11.69
186.1669			
186.1876	19.45	2236.9	11.68
186.1877			
186.2084	19.55	2735.1	11.68
186.2086			
186.2293	19.62	2897.8	11.68
186.2294			
186.2501	19.89	3195.0	11.68
186.2502			
186.2709	19.65	3348.1	11.68
186.2711			
186.2918	19.99	3313.9	11.68
186.2919			
186.3126	20.01	3408.7	11.68
186.3127			
186.3334	20.25	2891.4	11.68
186.3336			
186.3543	19.99	2799.3	11.68
186.3544			
186.3751	20.11	2809.3	11.68
186.3752			
186.3959	20.11	2946.4	11.68
186.3961			
186.4168	20.25	2780.4	11.68
186.4169			
186.4376	20.11	2686.8	11.68
186.4377			
186.4584	19.96	2849.6	11.68
186.4586			
186.4793	20.16	2937.8	11.67
186.4794			
186.5001	19.19	2675.3	11.68
186.5002			
186.5209	19.38	2751.1	11.67
186.5211			
186.5418	19.94	2940.4	11.67
186.5419			
186.5626	20.16	2654.0	11.67
186.5627			
186.5834	20.04	2504.6	11.67
186.5836			
186.6043	20.06	2607.7	11.67
186.6044			
186.6251	20.18	2588.4	11.67
186.6252			
186.6459	20.72	2449.9	11.67
186.6461			
186.6668	20.87	2220.7	11.67
186.6669			
186.6876	21.09	2313.3	11.68
186.6877			
186.7084	21.16	2035.6	11.68
186.7086			
186.7293	21.29	2036.6	11.68
186.7294			
186.7501	21.34	1918.6	11.68
186.7502			
186.7709	21.66	1825.0	11.68
186.7711			
186.7918	21.88	1865.3	11.69
186.7919			
186.8126	21.93	1671.3	11.69
186.8127			
186.8334	21.91	1536.9	11.69
186.8336			
186.8543	21.91	1478.2	11.69
186.8544			
186.8751	21.91	1333.3	11.69
186.8752			
186.8959	21.91	1292.3	11.69
186.8961			
186.9168	21.76	1231.2	11.68
186.9169			
186.9376	21.71	1207.0	11.68
186.9377			
186.9584	21.63	1160.3	11.68
186.9586			
186.9793	21.61	1175.4	11.68
186.9794			
187.0001	21.56	1106.4	11.68
187.0002			
187.0209	21.51	1153.4	11.68
187.0211			
187.0418	21.48	1116.5	11.68
187.0419			
187.0626	21.36	1108.0	11.68
187.0627			
187.0834	21.41	1183.8	11.68
187.0836			
187.1043	21.31	1178.9	11.68
187.1044			
187.1251	21.24	1226.7	11.68
187.1252			
187.1459	21.06	1291.9	11.67
187.1461			
187.1668	21.06	1489.7	11.67
187.1669			
187.1876	21.11	1565.5	11.67
187.1877			
187.2084	21.16	1512.8	11.67
187.2086			
187.2298	21.16		11.40
187.2305			
187.2501	21.11	1633.7	11.70
187.2502			
187.2709	21.06	1729.6	11.69
187.2711			
187.2918	21.04	1684.0	11.69
187.2919			
187.3126	21.04	1771.0	11.69
187.3127			
187.3334	21.09	1925.5	11.68
187.3336			
187.3543	21.02	1924.3	11.68
187.3544			
187.3751	21.19	1986.8	11.68
187.3752			
187.3959	21.16	1860.9	11.67
187.3961			
187.4168	21.26	1956.6	11.67
187.4169			
187.4376	21.31	1891.4	11.67
187.4377			
187.4584	21.36	1805.2	11.67
187.4586			
187.4793	21.48	1653.9	11.67
187.4794			
187.5001	21.51	1621.6	11.67
187.5002			
187.5209	21.58	1524.9	11.67
187.5211			
187.5418	21.71	1463.8	11.67
187.5419			
187.5626	21.78	1453.6	11.67
187.5627			
187.5834	21.88	1461.4	11.67
187.5836			
187.6043	21.88	1401.6	11.67
187.6044			
187.6251	21.93	1447.2	11.67
187.6252			
187.6459	22.16	1425.7	11.67
187.6461			
187.6668	22.38	1338.4	11.67
187.6669			
187.6876	22.51	1410.5	11.67
187.6877			
187.7084	22.64	1460.9	11.67
187.7086			
187.7293	22.94	1473.3	11.67
187.7294			
187.7501	23.09	1437.9	11.68
187.7502			
187.7709	23.04	1386.2	11.68
187.7711			
187.7918	23.17	1333.9	11.68
187.7919			
187.8126	23.22	1188.1	11.68
187.8127			
187.8334	23.17	992.6	11.68
187.8336			
187.8543	23.22	887.7	11.68
187.8544			
187.8751	23.24	795.6	11.68
187.8752			
187.8959	23.19	758.5	11.67
187.8961			
187.9168	23.14	699.4	11.67
187.9169			
187.9376	22.94	678.7	11.67
187.9377			
187.9584	22.84	663.5	11.67
187.9586			
187.9793	22.89	671.7	11.67
187.9794			
188.0001	22.89	702.5	11.67
188.0002			
188.0209	22.79	732.1	11.67
188.0211			
188.0418	22.79	775.5	11.67
188.0419			
188.0626	22.76	762.5	11.67
188.0627			
188.0834	22.58	774.3	11.67
188.0836			
188.1043	22.56	830.9	11.67
188.1044			
188.1251	22.46	823.2	11.66
188.1252			
188.1459	22.41	870.3	11.66
188.1461			
188.1668	22.33	873.6	11.66
188.1669			
188.1876	22.16	1001.4	11.66
188.1877			
188.2084	22.13	1221.5	11.66
188.2086			
188.2293	22.11	1257.2	11.66
188.2294			
188.2501	22.11	1392.6	11.66
188.2502			
188.2709	22.06	1374.8	11.66
188.2711			
188.2918	22.06	1506.4	11.66
188.2919			
188.3126	21.68	1615.2	11.66
188.3127			
188.3334	21.81	1776.1	11.66
188.3336			
188.3543	21.86	1637.6	11.66
188.3544			
188.3751	21.96	1607.9	11.66
188.3752			
188.3959	21.68	1628.3	11.66
188.3961			
188.4168	21.93	1846.6	11.66
188.4169			
188.4376	21.98	1780.0	11.66
188.4377			
188.4584	22.01	1686.9	11.66
188.4586			
188.4793	22.06	1639.8	11.66
188.4794			
188.5001	22.03	1673.7	11.66
188.5002			
188.5209	22.06	1643.2	11.65
188.5211			
188.5418	22.18	1542.5	11.66
188.5419			
188.5626	22.26	1516.6	11.66
188.5627			
188.5834	22.53	1463.5	11.65
188.5836			
188.6043	22.74	1503.0	11.66
188.6044			
188.6251	22.76	1330.9	11.66
188.6252			
188.6459	23.04	1379.8	11.66
188.6461			
188.6668	23.19	1357.9	11.66
188.6669			
188.6876	23.45	1349.4	11.66
188.6877			
188.7084	23.65	1306.4	11.66
188.7086			
188.7293	23.91	1176.0	11.66
188.7294			
188.7501	24.30	1245.5	11.67
188.7502			
188.7709	23.96	1254.8	11.67
188.7711			
188.7918	24.11	1173.5	11.67
188.7919			
188.8126	24.22	1072.6	11.67
188.8127			
188.8334	24.35	1063.2	11.67
188.8336			
188.8543	24.61	983.2	11.67
188.8544			
188.8751	24.30	965.2	11.67
188.8752			
188.8959	24.35	793.2	11.67
188.8961			
188.9168	24.27	761.2	11.67
188.9169			
188.9376	24.24	716.8	11.66
188.9377			
188.9584	24.06	693.8	11.67
188.9586			
188.9793	24.06	730.8	11.66
188.9794			
189.0001	23.91	687.8	11.66
189.0002			
189.0209	23.99	723.9	11.66
189.0211			
189.0418	23.96	740.0	11.66
189.0419			
189.0626	23.93	761.4	11.66
189.0627			
189.0834	23.63	776.8	11.66
189.0836			
189.1043	23.55	740.1	11.66
189.1044			
189.1251	23.47	829.2	11.66
189.1252			
189.1459	23.24	835.6	11.66
189.1461			
189.1668	23.29	982.7	11.65
189.1669			
189.1876	23.32	992.9	11.65
189.1877			
189.2084	23.09	1044.9	11.65
189.2086			
189.2293	23.07	1179.2	11.66
189.2294			
189.2501	23.01	1357.8	11.65
189.2502			
189.2709	22.94	1467.0	11.65
189.2711			
189.2918	22.94	1610.0	11.65
189.2919			
189.3126	22.94	1687.6	11.65
189.3127			
189.3334	22.91	1790.8	11.65
189.3336			
189.3543	22.71	1877.6	11.65
189.3544			
189.3751	23.01	2159.7	11.65
189.3752			
189.3959	22.79	1964.8	11.65
189.3961			
189.4168	22.66	1843.2	11.65
189.4169			
189.4376	22.58	1917.5	11.65
189.4377			
189.4584	22.76	1931.0	11.65
189.4586			
189.4793	22.71	1902.5	11.65
189.4794			
189.5001	22.41	1921.3	11.65
189.5002			
189.5209	22.71	2087.2	11.65
189.5211			
189.5418	22.76	1871.3	11.65
189.5419			
189.5626	22.99	1740.5	11.65
189.5627			
189.5834	22.69	1446.6	11.65
189.5836			
189.6043	23.01	1554.1	11.64
189.6044			
189.6251	23.07	1432.7	11.65
189.6252			
189.6459	23.04	1391.6	11.65
189.6461			
189.6668	23.29	1554.4	11.65
189.6669			
189.6876	23.32	1366.4	11.65
189.6877			
189.7084	23.37	1425.2	11.65
189.7086			
189.7293	23.37	1381.7	11.65
189.7294			
189.7501	23.52	1325.9	11.65
189.7502			
189.7709	23.63	1173.4	11.65
189.7711			
189.7918	23.81	1068.6	11.65
189.7919			
189.8126	23.65	1086.3	11.65
189.8127			
189.8334	23.60	1168.7	11.65
189.8336			
189.8543	23.63	1259.9	11.65
189.8544			
189.8751	23.60	1309.4	11.65
189.8752			
189.8959	23.57	1258.0	11.65
189.8961			
189.9168	23.50	1197.6	11.65
189.9169			
189.9376	23.24	1158.9	11.65
189.9377			
189.9584	23.27	1167.3	11.65
189.9586			
189.9793	23.04	1098.2	11.65
189.9794			
190.0001	22.74	1160.6	11.64
190.0002			
190.0209	22.74	1120.1	11.64
190.0211			
190.0418	22.99	1169.4	11.64
190.0419			
190.0626	22.71	1147.3	11.64
190.0627			
190.0834	22.48	1144.0	11.64
190.0836			
190.1043	22.36	1206.8	11.64
190.1044			
190.1251	22.33	1291.2	11.63
190.1252			
190.1459	22.64	1332.4	11.64
190.1461			
190.1668	22.91	1368.8	11.63
190.1669			
190.1876	23.09	1352.3	11.64
190.1877			
190.2084	23.12	1316.4	11.64
190.2086			
190.2293	23.09	1333.9	11.64
190.2294			
190.2501	23.17	1401.6	11.64
190.2502			
190.2709	23.22	1412.2	11.64
190.2711			
190.2918	23.12	1394.2	11.64
190.2919			
190.3126	23.09	1606.6	11.64
190.3127			
190.3334	23.01	1674.5	11.64
190.3336			
190.3543	22.94	1818.0	11.64
190.3544			
190.3751	22.86	1963.5	11.64
190.3752			
190.3959	22.84	2111.7	11.64
190.3961			
190.4168	22.81	2145.5	11.63
190.4169			
190.4376	22.86	2119.8	11.63
190.4377			
190.4584	22.91	2102.3	11.63
190.4586			
190.4793	22.91	2243.0	11.63
190.4794			
190.5001	22.94	2209.0	11.63
190.5002			
190.5209	22.99	2087.4	11.63
190.5211			
190.5418	23.04	1908.7	11.63
190.5419			
190.5626	23.04	1785.6	11.63
190.5627			
190.5834	22.94	1646.0	11.63
190.5836			
190.6043	22.96	1512.4	11.63
190.6044			
190.6251	22.96	1449.2	11.63
190.6252			
190.6459	22.94	1300.5	11.64
190.6461			
190.6668	22.79	1362.0	11.63
190.6669			
190.6876	22.74	1295.2	11.63
190.6877			
190.7084	22.69	1254.4	11.63
190.7086			
190.7293	22.64	1255.3	11.63
190.7294			
190.7506	22.61		11.37
190.7514			
190.7709	22.61	1268.8	11.66
190.7711			
190.7918	22.61	1210.9	11.65
190.7919			
190.8126	22.69	1297.4	11.65
190.8127			
190.8334	22.69	1280.0	11.65
190.8336			
190.8543	22.69	1277.9	11.64
190.8544			
190.8751	22.74	1190.9	11.64
190.8752			
190.8959	22.84	1215.9	11.64
190.8961			
190.9168	22.94	1121.9	11.64
190.9169			
190.9376	22.89	1117.2	11.64
190.9377			
190.9584	22.89	1149.5	11.64
190.9586			
190.9793	22.89	1200.7	11.63
190.9794			
191.0001	22.71	1216.6	11.63
191.0002			
191.0209	22.64	1145.2	11.63
191.0211			
191.0418	22.58	1179.5	11.63
191.0419			
191.0626	22.56	1291.8	11.63
191.0627			
191.0834	22.61	1367.2	11.63
191.0836			
191.1043	22.56	1315.6	11.63
191.1044			
191.1251	22.48	1314.9	11.63
191.1252			
191.1459	22.48	1455.9	11.62
191.1461			
191.1668	22.43	1551.3	11.63
191.1669			
191.1876	22.31	1549.3	11.62
191.1877			
191.2084	22.46	1687.3	11.62
191.2086			
191.2293	22.46	1596.9	11.62
191.2294			
191.2501	22.38	1615.1	11.62
191.2502			
191.2709	22.21	1704.9	11.62
191.2711			
191.2918	22.03	1957.3	11.62
191.2919			
191.3126	22.03	2039.9	11.62
191.3127			
191.3334	22.03	2216.9	11.62
191.3336			
191.3543	21.88	2221.8	11.62
191.3544			
191.3751	21.73	2243.6	11.62
191.3752			
191.3959	21.96	2307.1	11.62
191.3961			
191.4168	21.96	2304.0	11.61
191.4169			
191.4376	22.01	2085.1	11.62
191.4377			
191.4584	22.03	2263.4	11.62
191.4586			
191.4793	22.11	2375.1	11.61
191.4794			
191.5001	22.11	2223.5	11.62
191.5002			
191.5209	22.06	2409.7	11.61
191.5211			
191.5418	21.93	2318.1	11.61
191.5419			
191.5626	21.96	2468.3	11.61
191.5627			
191.5834	22.16	2462.3	11.61
191.5836			
191.6043	22.23	2218.3	11.62
191.6044			
191.6251	22.26	2188.8	11.61
191.6252			
191.6459	22.38	2303.3	11.61
191.6461			
191.6668	22.41	2051.4	11.61
191.6669			
191.6876	22.48	1963.3	11.61
191.6877			
191.7084	22.53	1893.5	11.61
191.7086			
191.7293	22.51	1811.6	11.61
191.7294			
191.7501	22.48	1783.9	11.62
191.7502			
191.7709	22.46	1831.3	11.61
191.7711			
191.7918	22.43	1731.6	11.61
191.7919			
191.8126	22.43	1743.4	11.61
191.8127			
191.8334	22.43	1903.5	11.61
191.8336			
191.8543	22.48	1925.3	11.61
191.8544			
191.8751	22.43	1866.5	11.61
191.8752			
191.8959	22.41	1926.9	11.61
191.8961			
191.9168	22.33	2044.8	11.61
191.9169			
191.9376	22.23	2143.5	11.61
191.9377			
191.9584	22.18	2209.3	11.61
191.9586			
191.9793	22.13	2279.2	11.61
191.9794			
192.0001	21.93	2334.2	11.61
192.0002			
192.0209	21.83	2371.3	11.61
192.0211			
192.0418	22.16	2318.1	11.61
192.0419			
192.0626	21.98	2005.2	11.61
192.0627			
192.0834	21.91	2339.8	11.61
192.0836			
192.1043	21.88	2269.9	11.60
192.1044			
192.1251	21.06	1976.5	11.61
192.1252			
192.1459	21.24	2217.1	11.60
192.1461			
192.1668	20.43	2212.8	11.60
192.1669			
192.1876	21.51	2334.0	11.60
192.1877			
192.2084	21.02	1885.6	11.60
192.2086			
192.2293	20.40	2006.9	11.60
192.2294			
192.2501	19.87	2329.3	11.59
192.2502			
192.2709	20.25	2579.2	11.59
192.2711			
192.2918	20.52	2757.4	11.59
192.2919			
192.3126	20.79	3720.0	11.59
192.3127			
192.3334	20.72	2877.3	11.59
192.3336			
192.3543	20.38	2890.7	11.59
192.3544			
192.3751	20.55	3468.1	11.59
192.3752			
192.3959	21.06	3224.7	11.59
192.3961			
192.4168	20.38	3090.8	11.59
192.4169			
192.4376	21.06	3071.6	11.59
192.4377			
192.4584	20.99	2968.1	11.59
192.4586			
192.4793	21.02	3048.8	11.59
192.4794			
192.5001	21.09	3224.5	11.59
192.5002			
192.5209	21.24	3123.7	11.59
192.5211			
192.5418	21.58	3011.1	11.59
192.5419			
192.5626	21.66	2894.0	11.59
192.5627			
192.5834	21.83	2568.2	11.59
192.5836			
192.6043	22.31	2152.8	11.60
192.6044			
192.6251	22.33	2137.0	11.60
192.6252			
192.6459	22.31	1935.9	11.60
192.6461			
192.6668	22.66	1802.7	11.60
192.6669			
192.6876	22.64	1744.0	11.60
192.6877			
192.7084	22.69	1584.3	11.60
192.7086			
192.7293	23.01	1448.5	11.61
192.7294			
192.7501	23.29	1385.6	11.61
192.7502			
192.7709	23.42	1347.5	11.61
192.7711			
192.7918	23.37	1317.8	11.61
192.7919			
192.8126	23.60	1254.5	11.61
192.8127			
192.8334	23.73	1295.6	11.61
192.8336			
192.8543	23.60	1287.7	11.61
192.8544			
192.8751	23.45	1291.1	11.61
192.8752			
192.8959	23.52	1092.0	11.61
192.8961			
192.9168	23.34	1181.3	11.61
192.9169			
192.9376	23.12	1029.0	11.60
192.9377			
192.9584	22.86	1031.1	11.61
192.9586			
192.9793	22.86	1153.1	11.60
192.9794			
193.0001	22.76	1161.4	11.60
193.0002			
193.0209	22.79	1144.2	11.60
193.0211			
193.0418	22.94	1298.2	11.60
193.0419			
193.0626	22.96	1184.7	11.59
193.0627			
193.0834	22.81	1209.1	11.59
193.0836			
193.1043	22.69	1439.2	11.60
193.1044			
193.1251	22.79	1244.9	11.59
193.1252			
193.1459	22.76	1338.5	11.59
193.1461			
193.1668	22.76	1306.5	11.59
193.1669			
193.1876	22.23	1251.8	11.59
193.1877			
193.2084	22.84	1364.6	11.59
193.2086			
193.2293	22.61	1262.8	11.59
193.2294			
193.2501	22.46	1329.2	11.59
193.2502			
193.2709	22.03	1369.9	11.59
193.2711			
193.2918	22.79	1634.2	11.59
193.2919			
193.3126	22.41	1472.0	11.59
193.3127			
193.3334	22.38	1592.1	11.59
193.3336			
193.3543	22.18	1778.6	11.59
193.3544			
193.3751	22.28	1886.4	11.59
193.3752			
193.3959	22.33	1749.1	11.59
193.3961			
193.4168	22.31	1733.2	11.59
193.4169			
193.4376	22.28	1824.5	11.59
193.4377			
193.4584	22.41	1938.6	11.59
193.4586			
193.4793	22.43	1904.9	11.59
193.4794			
193.5001	22.41	1816.1	11.59
193.5002			
193.5209	22.43	1773.3	11.59
193.5211			
193.5418	22.48	1769.9	11.59
193.5419			
193.5626	22.58	1748.1	11.59
193.5627			
193.5834	22.61	1751.6	11.59
193.5836			
193.6043	22.66	1619.2	11.59
193.6044			
193.6251	22.71	1507.1	11.59
193.6252			
193.6459	22.74	1497.3	11.59
193.6461			
193.6668	22.71	1479.4	11.59
193.6669			
193.6876	22.79	1387.4	11.59
193.6877			
193.7084	23.04	1322.9	11.59
193.7086			
193.7293	23.14	1281.4	11.59
193.7294			
193.7501	23.27	1211.0	11.59
193.7502			
193.7709	23.29	1210.9	11.59
193.7711			
193.7918	23.24	1385.7	11.59
193.7919			
193.8126	23.14	1409.7	11.59
193.8127			
193.8334	23.19	1224.9	11.59
193.8336			
193.8543	23.24	1312.8	11.59
193.8544			
193.8751	23.34	1136.7	11.59
193.8752			
193.8959	23.14	1018.0	11.59
193.8961			
193.9168	22.91	1110.0	11.59
193.9169			
193.9376	22.79	1351.2	11.59
193.9377			
193.9584	22.91	1377.2	11.58
193.9586			
193.9793	22.28	1447.1	11.58
193.9794			
194.0001	22.21	1613.1	11.58
194.0002			
194.0209	22.48	1670.0	11.58
194.0211			
194.0418	22.79	1415.9	11.58
194.0419			
194.0626	22.76	1331.1	11.58
194.0627			
194.0834	22.41	1227.7	11.58
194.0836			
194.1043	22.36	1514.4	11.58
194.1044			
194.1251	21.68	1525.8	11.58
194.1252			
194.1459	22.26	1841.4	11.58
194.1461			
194.1668	22.16	1421.0	11.57
194.1669			
194.1876	22.08	1369.8	11.58
194.1877			
194.2084	21.93	1415.5	11.57
194.2086			
194.2293	21.44	1370.7	11.57
194.2294			
194.2501	21.51	1586.2	11.57
194.2502			
194.2714	22.01		11.31
194.2722			
194.2918	21.36	1596.4	11.60
194.2919			
194.3126	21.48	1850.2	11.59
194.3127			
194.3334	21.46	1982.9	11.59
194.3336			
194.3543	21.16	2010.7	11.58
194.3544			
194.3751	21.11	2200.3	11.58
194.3752			
194.3959	20.79	2289.8	11.58
194.3961			
194.4168	21.29	2477.9	11.58
194.4169			
194.4376	21.44	2928.0	11.58
194.4377			
194.4584	21.39	2377.8	11.58
194.4586			
194.4793	21.11	2447.9	11.58
194.4794			
194.5001	21.14	2664.8	11.57
194.5002			
194.5209	21.44	3039.1	11.57
194.5211			
194.5418	21.51	2655.1	11.57
194.5419			
194.5626	21.68	2459.9	11.57
194.5627			
194.5834	21.81	2422.5	11.57
194.5836			
194.6043	21.83	2074.6	11.57
194.6044			
194.6251	21.98	2009.5	11.57
194.6252			
194.6459	21.71	2064.5	11.57
194.6461			
194.6668	21.91	2170.8	11.57
194.6669			
194.6876	21.93	1965.9	11.57
194.6877			
194.7084	21.98	1899.6	11.57
194.7086			
194.7293	22.16	1823.0	11.57
194.7294			
194.7501	21.61	2082.8	11.57
194.7502			
194.7709	21.98	2004.0	11.57
194.7711			
194.7918	22.01	2066.7	11.57
194.7919			
194.8126	22.11	1794.4	11.57
194.8127			
194.8334	22.08	1806.4	11.57
194.8336			
194.8543	22.06	1949.0	11.57
194.8544			
194.8751	22.03	1698.8	11.57
194.8752			
194.8959	22.11	1743.2	11.57
194.8961			
194.9168	22.11	1876.7	11.56
194.9169			
194.9376	22.08	1788.8	11.57
194.9377			
194.9584	22.11	1782.1	11.56
194.9586			
194.9793	22.26	1759.6	11.56
194.9794			
195.0001	22.23	1779.8	11.56
195.0002			
195.0209	22.16	1835.4	11.56
195.0211			
195.0418	22.08	1876.4	11.56
195.0419			
195.0626	22.03	1789.2	11.56
195.0627			
195.0834	22.11	1803.1	11.56
195.0836			
195.1043	22.03	1838.2	11.56
195.1044			
195.1251	21.93	1883.2	11.56
195.1252			
195.1459	21.83	1856.6	11.56
195.1461			
195.1668	21.73	1872.4	11.56
195.1669			
195.1876	21.58	1845.3	11.56
195.1877			
195.2084	21.68	2249.1	11.56
195.2086			
195.2293	21.68	2216.9	11.56
195.2294			
195.2501	21.78	2184.9	11.56
195.2502			
195.2709	21.76	1944.9	11.56
195.2711			
195.2918	21.66	2107.0	11.55
195.2919			
195.3126	21.73	2037.7	11.56
195.3127			
195.3334	21.93	2005.7	11.56
195.3336			
195.3543	21.73	2034.7	11.56
195.3544			
195.3751	21.48	2142.0	11.56
195.3752			
195.3959	21.63	2540.4	11.55
195.3961			
195.4168	21.61	2275.1	11.55
195.4169			
195.4376	21.48	2499.5	11.55
195.4377			
195.4584	21.56	2900.4	11.55
195.4586			
195.4793	21.58	2830.8	11.55
195.4794			
195.5001	21.58	2807.2	11.55
195.5002			
195.5209	21.61	2830.4	11.56
195.5211			
195.5418	21.68	2852.5	11.55
195.5419			
195.5626	21.76	2736.2	11.55
195.5627			
195.5834	21.86	2465.3	11.55
195.5836			
195.6043	21.88	2315.2	11.55
195.6044			
195.6251	21.98	2360.2	11.55
195.6252			
195.6459	22.06	2220.0	11.56
195.6461			
195.6668	22.16	2084.8	11.56
195.6669			
195.6876	22.23	1807.7	11.55
195.6877			
195.7084	22.36	1708.8	11.56
195.7086			
195.7293	22.31	1631.1	11.56
195.7294			
195.7501	22.36	1506.1	11.55
195.7502			
195.7709	22.58	1416.9	11.56
195.7711			
195.7918	22.94	1422.3	11.56
195.7919			
195.8126	22.74	1366.6	11.56
195.8127			
195.8334	22.89	1339.4	11.56
195.8336			
195.8543	23.14	1283.2	11.56
195.8544			
195.8751	23.09	1248.8	11.56
195.8752			
195.8959	23.37	1203.2	11.56
195.8961			
195.9168	23.22	1190.6	11.56
195.9169			
195.9376	23.34	1216.1	11.56
195.9377			
195.9584	23.22	1168.3	11.56
195.9586			
195.9793	23.22	1295.9	11.56
195.9794			
196.0001	23.12	1245.8	11.56
196.0002			
196.0209	22.96	1179.0	11.56
196.0211			
196.0418	22.84	1609.0	11.56
196.0419			
196.0626	22.38	1506.3	11.55
196.0627			
196.0834	22.46	1789.2	11.55
196.0836			
196.1043	22.74	1702.3	11.55
196.1044			
196.1251	22.74	1517.9	11.55
196.1252			
196.1459	22.76	1554.6	11.55
196.1461			
196.1668	22.71	1406.4	11.55
196.1669			
196.1876	22.69	1388.7	11.55
196.1877			
196.2084	22.71	1401.6	11.55
196.2086			
196.2293	22.74	1252.1	11.55
196.2294			
196.2501	22.79	1294.4	11.55
196.2502			
196.2709	22.74	1142.2	11.55
196.2711			
196.2918	22.53	1163.8	11.55
196.2919			
196.3126	22.11	1181.4	11.55
196.3127			
196.3334	21.88	1490.1	11.55
196.3336			
196.3543	22.31	1769.7	11.55
196.3544			
196.3751	22.01	1585.2	11.54
196.3752			
196.3959	22.08	1934.9	11.55
196.3961			
196.4168	22.28	1588.6	11.55
196.4169			
196.4376	21.93	1631.9	11.54
196.4377			
196.4584	22.11	2268.1	11.54
196.4586			
196.4793	21.96	2176.3	11.54
196.4794			
196.5001	21.93	2348.7	11.55
196.5002			
196.5209	22.11	2361.4	11.54
196.5211			
196.5418	22.23	2165.7	11.54
196.5419			
196.5626	22.13	1813.0	11.54
196.5627			
196.5834	22.33	1830.6	11.54
196.5836			
196.6043	22.36	1754.7	11.55
196.6044			
196.6251	22.53	1564.2	11.54
196.6252			
196.6459	22.56	1459.7	11.55
196.6461			
196.6668	22.71	1554.3	11.55
196.6669			
196.6876	22.91	1415.5	11.55
196.6877			
196.7084	22.94	1405.5	11.54
196.7086			
196.7293	23.12	1239.4	11.55
196.7294			
196.7501	23.12	1094.8	11.55
196.7502			
196.7709	23.37	1045.3	11.55
196.7711			
196.7918	23.32	899.4	11.55
196.7919			
196.8126	23.42	974.2	11.55
196.8127			
196.8334	23.91	903.6	11.55
196.8336			
196.8543	24.06	890.0	11.55
196.8544			
196.8751	24.19	828.8	11.55
196.8752			
196.8959	24.37	756.2	11.56
196.8961			
196.9168	24.42	724.7	11.56
196.9169			
196.9376	24.35	752.9	11.56
196.9377			
196.9584	24.22	815.9	11.56
196.9586			
196.9793	24.06	767.1	11.55
196.9794			
197.0001	23.93	847.9	11.55
197.0002			
197.0209	23.75	931.8	11.55
197.0211			
197.0418	23.45	861.4	11.55
197.0419			
197.0626	23.24	981.8	11.55
197.0627			
197.0834	23.37	964.6	11.55
197.0836			
197.1043	23.24	914.8	11.55
197.1044			
197.1251	23.01	1041.5	11.55
197.1252			
197.1459	22.89	1050.9	11.55
197.1461			
197.1668	23.12	1107.0	11.54
197.1669			
197.1876	23.24	1072.9	11.54
197.1877			
197.2084	23.12	1002.0	11.54
197.2086			
197.2293	23.19	1045.8	11.54
197.2294			
197.2501	23.24	977.9	11.54
197.2502			
197.2709	23.19	940.3	11.54
197.2711			
197.2918	23.32	933.5	11.54
197.2919			
197.3126	23.32	881.1	11.54
197.3127			
197.3334	23.32	848.6	11.54
197.3336			
197.3543	23.29	848.3	11.54
197.3544			
197.3751	23.29	848.3	11.54
197.3752			
197.3959	23.12	849.3	11.54
197.3961			
197.4168	23.22	1030.6	11.54
197.4169			
197.4376	23.07	982.4	11.54
197.4377			
197.4584	22.96	1063.5	11.54
197.4586			
197.4793	22.96	1189.2	11.54
197.4794			
197.5001	22.96	1247.5	11.54
197.5002			
197.5209	22.91	1261.5	11.54
197.5211			
197.5418	22.91	1346.6	11.54
197.5419			
197.5626	23.04	1390.0	11.54
197.5627			
197.5834	23.17	1383.0	11.54
197.5836			
197.6043	23.14	1120.1	11.54
197.6044			
197.6251	23.19	1210.2	11.54
197.6252			
197.6459	23.32	1138.0	11.54
197.6461			
197.6668	23.40	974.7	11.54
197.6669			
197.6876	23.78	927.3	11.54
197.6877			
197.7084	23.99	1054.9	11.54
197.7086			
197.7293	24.17	977.3	11.54
197.7294			
197.7501	24.14	897.2	11.54
197.7502			
197.7709	24.32	828.9	11.54
197.7711			
197.7923	24.30		11.29
197.7930			
197.8126	24.35	728.3	11.58
197.8127			
197.8334	24.50	712.1	11.57
197.8336			
197.8543	24.58	627.7	11.56
197.8544			
197.8751	24.53	608.3	11.56
197.8752			
197.8959	24.61	541.4	11.56
197.8961			
197.9168	24.50	569.9	11.56
197.9169			
197.9376	24.50	532.7	11.55
197.9377			
197.9584	24.37	529.4	11.55
197.9586			
197.9793	24.40	541.0	11.55
197.9794			
198.0001	24.27	573.6	11.55
198.0002			
198.0209	24.17	615.3	11.55
198.0211			
198.0418	23.93	669.1	11.55
198.0419			
198.0626	23.81	765.0	11.55
198.0627			
198.0834	23.70	830.8	11.54
198.0836			
198.1043	23.63	934.2	11.54
198.1044			
198.1251	23.55	967.0	11.54
198.1252			
198.1459	23.52	1011.2	11.54
198.1461			
198.1668	23.42	973.1	11.54
198.1669			
198.1876	23.40	1057.5	11.54
198.1877			
198.2084	23.55	1049.9	11.54
198.2086			
198.2293	23.47	1071.7	11.54
198.2294			
198.2501	23.45	1095.5	11.54
198.2502			
198.2709	23.47	1106.4	11.54
198.2711			
198.2918	23.52	1116.9	11.53
198.2919			
198.3126	23.52	1093.6	11.53
198.3127			
198.3334	23.57	1064.2	11.53
198.3336			
198.3543	23.60	1014.2	11.53
198.3544			
198.3751	23.47	959.0	11.53
198.3752			
198.3959	23.55	996.7	11.53
198.3961			
198.4168	23.50	1014.7	11.53
198.4169			
198.4376	23.40	1026.8	11.53
198.4377			
198.4584	23.40	1163.7	11.53
198.4586			
198.4793	23.40	1272.0	11.53
198.4794			
198.5001	23.42	1279.7	11.53
198.5002			
198.5209	23.50	1329.7	11.53
198.5211			
198.5418	23.47	1449.1	11.53
198.5419			
198.5626	23.45	1519.5	11.53
198.5627			
198.5834	23.47	1571.2	11.53
198.5836			
198.6043	23.45	1686.8	11.53
198.6044			
198.6251	23.65	1615.8	11.53
198.6252			
198.6459	23.78	1332.7	11.53
198.6461			
198.6668	23.96	1412.7	11.53
198.6669			
198.6876	24.19	1288.2	11.53
198.6877			
198.7084	24.48	1433.7	11.53
198.7086			
198.7293	24.81	1187.6	11.54
198.7294			
198.7501	24.81	1180.0	11.54
198.7502			
198.7709	25.13	1150.4	11.54
198.7711			
198.7918	25.34	955.2	11.54
198.7919			
198.8126	25.21	1010.4	11.54
198.8127			
198.8334	25.13	885.3	11.54
198.8336			
198.8543	25.34	840.2	11.54
198.8544			
198.8751	25.44	803.5	11.54
198.8752			
198.8959	25.34	721.9	11.54
198.8961			
198.9168	25.52	724.6	11.54
198.9169			
198.9376	25.29	592.4	11.54
198.9377			
198.9584	25.18	555.0	11.54
198.9586			
198.9793	25.10	571.4	11.54
198.9794			
199.0001	25.02	596.3	11.54
199.0002			
199.0209	25.00	603.2	11.54
199.0211			
199.0418	24.81	625.8	11.54
199.0419			
199.0626	24.89	811.3	11.53
199.0627			
199.0834	24.76	886.2	11.53
199.0836			
199.1043	24.55	967.4	11.53
199.1044			
199.1251	24.22	1100.9	11.53
199.1252			
199.1459	24.42	1236.4	11.53
199.1461			
199.1668	24.27	1173.1	11.53
199.1669			
199.1876	24.11	1265.4	11.53
199.1877			
199.2084	24.35	1161.1	11.52
199.2086			
199.2293	24.24	1069.3	11.53
199.2294			
199.2501	24.17	1219.7	11.53
199.2502			
199.2709	24.45	1115.0	11.52
199.2711			
199.2918	24.27	1118.3	11.52
199.2919			
199.3126	24.53	1206.5	11.53
199.3127			
199.3334	24.61	1109.6	11.53
199.3336			
199.3543	24.58	1034.0	11.53
199.3544			
199.3751	24.63	988.8	11.53
199.3752			
199.3959	24.66	1027.5	11.52
199.3961			
199.4168	24.68	935.9	11.52
199.4169			
199.4376	24.71	999.7	11.53
199.4377			
199.4584	24.68	909.9	11.53
199.4586			
199.4793	24.68	915.6	11.52
199.4794			
199.5001	24.50	903.0	11.52
199.5002			
199.5209	24.55	985.6	11.52
199.5211			
199.5418	24.48	1034.9	11.52
199.5419			
199.5626	24.45	1094.1	11.52
199.5627			
199.5834	24.50	1165.7	11.52
199.5836			
199.6043	24.55	1220.5	11.52
199.6044			
199.6251	24.81	1328.0	11.52
199.6252			
199.6459	24.87	1326.7	11.52
199.6461			
199.6668	24.84	1182.2	11.52
199.6669			
199.6876	24.81	1122.8	11.52
199.6877			
199.7084	24.84	1030.5	11.52
199.7086			
199.7293	24.95	1022.8	11.52
199.7294			
199.7501	25.02	1104.5	11.52
199.7502			
199.7709	25.00	1054.2	11.52
199.7711			
199.7918	24.97	976.9	11.52
199.7919			
199.8126	25.15	847.1	11.52
199.8127			
199.8334	25.10	833.1	11.52
199.8336			
199.8543	25.26	779.9	11.52
199.8544			
199.8751	25.34	701.6	11.52
199.8752			
199.8959	25.18	679.8	11.53
199.8961			
199.9168	25.21	634.3	11.52
199.9169			
199.9376	25.23	627.6	11.52
199.9377			
199.9584	25.21	621.4	11.52
199.9586			
199.9793	25.05	670.4	11.52
199.9794			
200.0001	24.97	649.5	11.52
200.0002			
200.0209	24.95	667.0	11.52
200.0211			
200.0418	24.89	693.6	11.52
200.0419			
200.0626	24.84	740.9	11.52
200.0627			
200.0834	24.76	814.2	11.52
200.0836			
200.1043	24.63	908.7	11.52
200.1044			
200.1251	24.48	1063.6	11.52
200.1252			
200.1459	24.40	1059.8	11.52
200.1461			
200.1668	24.22	1102.1	11.52
200.1669			
200.1876	24.17	1299.8	11.51
200.1877			
200.2084	24.06	1458.6	11.51
200.2086			
200.2293	24.01	1471.5	11.51
200.2294			
200.2501	23.99	1492.9	11.51
200.2502			
200.2709	24.04	1460.4	11.51
200.2711			
200.2918	23.96	1405.7	11.51
200.2919			
200.3126	23.88	1463.2	11.51
200.3127			
200.3334	23.93	1458.7	11.51
200.3336			
200.3543	23.91	1416.9	11.51
200.3544			
200.3751	24.04	1382.0	11.51
200.3752			
200.3959	24.01	1348.3	11.51
200.3961			
200.4168	24.24	1274.5	11.51
200.4169			
200.4376	24.19	1161.3	11.51
200.4377			
200.4584	24.30	1114.8	11.51
200.4586			
200.4793	24.37	1023.1	11.51
200.4794			
200.5001	24.09	965.9	11.51
200.5002			
200.5209	24.19	1071.2	11.51
200.5211			
200.5418	24.17	1108.2	11.51
200.5419			
200.5626	24.19	1206.2	11.51
200.5627			
200.5834	24.11	1232.5	11.51
200.5836			
200.6043	24.27	1295.8	11.51
200.6044			
200.6251	24.30	1310.1	11.51
200.6252			
200.6459	24.22	1196.4	11.51
200.6461			
200.6668	24.37	1245.8	11.51
200.6669			
200.6876	24.63	1183.2	11.51
200.6877			
200.7084	24.84	1168.0	11.51
200.7086			
200.7293	24.95	1022.9	11.51
200.7294			
200.7501	25.13	989.8	11.51
200.7502			
200.7709	25.36	987.1	11.51
200.7711			
200.7918	25.47	1005.0	11.52
200.7919			
200.8126	25.47	888.1	11.52
200.8127			
200.8334	25.50	822.2	11.52
200.8336			
200.8543	25.50	715.0	11.51
200.8544			
200.8751	25.39	631.3	11.51
200.8752			
200.8959	25.36	625.2	11.52
200.8961			
200.9168	25.26	610.7	11.51
200.9169			
200.9376	25.10	630.0	11.51
200.9377			
200.9584	25.08	573.4	11.51
200.9586			
200.9793	24.89	507.5	11.51
200.9794			
201.0001	25.00	485.5	11.51
201.0002			
201.0209	25.00	523.2	11.51
201.0211			
201.0418	24.95	553.8	11.51
201.0419			
201.0626	24.97	629.9	11.51
201.0627			
201.0834	24.95	566.1	11.51
201.0836			
201.1043	24.79	640.9	11.51
201.1044			
201.1251	24.76	740.9	11.51
201.1252			
201.1459	24.63	814.4	11.51
201.1461			
201.1668	24.45	889.3	11.51
201.1669			
201.1876	24.24	1020.0	11.51
201.1877			
201.2084	24.17	1177.2	11.50
201.2086			
201.2293	23.96	1214.4	11.50
201.2294			
201.2501	23.88	1387.2	11.50
201.2502			
201.2709	24.01	1487.0	11.50
201.2711			
201.2918	23.91	1473.8	11.50
201.2919			
201.3131	23.96		11.25
201.3139			
201.3334	24.06	1314.5	11.54
201.3336			
201.3543	23.78	1406.2	11.53
201.3544			
201.3751	23.99	1402.1	11.52
201.3752			
201.3959	24.04	1357.9	11.52
201.3961			
201.4168	24.17	1345.7	11.52
201.4169			
201.4376	24.19	1334.4	11.51
201.4377			
201.4584	24.35	1359.1	11.52
201.4586			
201.4793	24.06	1277.1	11.51
201.4794			
201.5001	24.22	1361.0	11.51
201.5002			
201.5209	24.30	1416.6	11.51
201.5211			
201.5418	24.66	1295.0	11.51
201.5419			
201.5626	24.61	1104.3	11.51
201.5627			
201.5834	24.53	1167.5	11.51
201.5836			
201.6043	24.74	1174.8	11.51
201.6044			
201.6251	25.00	1132.6	11.51
201.6252			
201.6459	25.08	1264.8	11.51
201.6461			
201.6668	25.21	1291.6	11.51
201.6669			
201.6876	25.58	1292.8	11.51
201.6877			
201.7084	25.71	1280.7	11.51
201.7086			
201.7293	25.73	1301.8	11.51
201.7294			
201.7501	25.89	1234.0	11.51
201.7502			
201.7709	25.76	1236.1	11.51
201.7711			
201.7918	25.81	1127.1	11.51
201.7919			
201.8126	25.84	1019.0	11.51
201.8127			
201.8334	26.05	930.9	11.51
201.8336			
201.8543	25.95	830.9	11.51
201.8544			
201.8751	26.03	784.8	11.51
201.8752			
201.8959	25.81	710.5	11.51
201.8961			
201.9168	25.87	678.5	11.51
201.9169			
201.9376	25.68	631.4	11.51
201.9377			
201.9584	25.55	607.1	11.51
201.9586			
201.9793	25.44	595.7	11.51
201.9794			
202.0001	25.23	565.3	11.51
202.0002			
202.0209	25.10	558.5	11.51
202.0211			
202.0418	25.00	563.2	11.51
202.0419			
202.0626	24.89	585.0	11.50
202.0627			
202.0834	24.84	623.5	11.50
202.0836			
202.1043	24.84	635.0	11.50
202.1044			
202.1251	24.84	650.6	11.50
202.1252			
202.1459	24.58	677.1	11.50
202.1461			
202.1668	24.53	761.4	11.50
202.1669			
202.1876	24.58	834.5	11.50
202.1877			
202.2084	24.27	914.0	11.50
202.2086			
202.2293	24.06	1216.3	11.50
202.2294			
202.2501	24.04	1365.4	11.50
202.2502			
202.2709	23.96	1554.1	11.49
202.2711			
202.2918	23.96	1692.6	11.50
202.2919			
202.3126	24.30	1834.5	11.49
202.3127			
202.3334	23.99	1601.1	11.49
202.3336			
202.3543	24.06	1755.2	11.49
202.3544			
202.3751	24.24	1887.4	11.49
202.3752			
202.3959	24.14	1743.4	11.49
202.3961			
202.4168	23.83	1796.4	11.49
202.4169			
202.4376	24.30	1866.9	11.49
202.4377			
202.4584	24.24	1631.7	11.49
202.4586			
202.4793	24.45	1557.4	11.49
202.4794			
202.5001	24.81	1299.3	11.49
202.5002			
202.5209	24.74	1215.0	11.50
202.5211			
202.5418	24.68	1333.1	11.50
202.5419			
202.5626	25.05	1190.3	11.50
202.5627			
202.5834	25.08	1078.4	11.50
202.5836			
202.6043	25.34	1094.9	11.50
202.6044			
202.6251	25.55	1194.1	11.50
202.6252			
202.6459	25.58	1285.0	11.50
202.6461			
202.6668	25.55	1356.5	11.50
202.6669			
202.6876	25.68	1264.4	11.50
202.6877			
202.7084	25.81	1235.0	11.50
202.7086			
202.7293	26.51	1215.1	11.50
202.7294			
202.7501	26.45	1172.2	11.51
202.7502			
202.7709	26.78	1181.7	11.51
202.7711			
202.7918	26.45	1194.1	11.51
202.7919			
202.8126	26.45	1054.3	11.51
202.8127			
202.8334	26.62	989.1	11.51
202.8336			
202.8543	26.53	909.5	11.51
202.8544			
202.8751	26.56	934.8	11.51
202.8752			
202.8959	26.48	852.7	11.51
202.8961			
202.9168	26.32	778.8	11.50
202.9169			
202.9376	26.24	751.7	11.50
202.9377			
202.9584	26.27	772.0	11.50
202.9586			
202.9793	25.95	677.6	11.50
202.9794			
203.0001	26.19	687.7	11.50
203.0002			
203.0209	25.95	654.3	11.50
203.0211			
203.0418	25.95	683.1	11.50
203.0419			
203.0626	25.95	705.8	11.50
203.0627			
203.0834	25.92	635.3	11.50
203.0836			
203.1043	25.79	683.5	11.50
203.1044			
203.1251	25.42	648.8	11.50
203.1252			
203.1459	25.50	712.1	11.50
203.1461			
203.1668	25.50	792.3	11.50
203.1669			
203.1876	25.52	804.8	11.50
203.1877			
203.2084	25.44	891.5	11.50
203.2086			
203.2293	25.02	868.6	11.49
203.2294			
203.2501	25.05	935.6	11.49
203.2502			
203.2709	24.95	899.6	11.49
203.2711			
203.2918	24.55	941.6	11.49
203.2919			
203.3126	24.11	985.2	11.48
203.3127			
203.3334	24.50	977.8	11.48
203.3336			
203.3543	24.35	995.7	11.48
203.3544			
203.3751	23.14	1054.4	11.48
203.3752			
203.3959	23.14	1472.6	11.48
203.3961			
203.4168	22.48	1686.8	11.47
203.4169			
203.4376	23.40	2091.2	11.47
203.4377			
203.4584	22.84	1786.4	11.47
203.4586			
203.4793	23.01	1996.8	11.47
203.4794			
203.5001	23.52	2096.5	11.47
203.5002			
203.5209	23.96	1909.6	11.47
203.5211			
203.5418	23.96	1717.9	11.48
203.5419			
203.5626	24.17	1733.9	11.48
203.5627			
203.5834	24.17	1564.4	11.48
203.5836			
203.6043	24.32	1492.0	11.48
203.6044			
203.6251	24.40	1368.5	11.48
203.6252			
203.6459	24.53	1294.8	11.48
203.6461			
203.6668	24.79	1236.0	11.48
203.6669			
203.6876	24.95	1143.9	11.48
203.6877			
203.7084	25.13	1085.9	11.48
203.7086			
203.7293	25.34	1111.5	11.48
203.7294			
203.7501	25.36	1039.5	11.49
203.7502			
203.7709	25.36	1104.0	11.49
203.7711			
203.7918	25.42	1051.2	11.48
203.7919			
203.8126	25.63	950.3	11.49
203.8127			
203.8334	25.60	972.1	11.49
203.8336			
203.8543	25.47	1168.6	11.49
203.8544			
203.8751	25.50	1237.8	11.49
203.8752			
203.8959	25.63	1377.0	11.49
203.8961			
203.9168	25.68	1018.9	11.49
203.9169			
203.9376	25.66	928.0	11.49
203.9377			
203.9584	25.66	775.3	11.49
203.9586			
203.9793	25.66	765.5	11.49
203.9794			
204.0001	25.71	711.6	11.49
204.0002			
204.0209	25.50	678.2	11.49
204.0211			
204.0418	25.13	684.2	11.48
204.0419			
204.0626	25.21	772.9	11.48
204.0627			
204.0834	25.23	780.3	11.48
204.0836			
204.1043	25.34	780.6	11.48
204.1044			
204.1251	25.34	724.2	11.48
204.1252			
204.1459	25.31	744.3	11.48
204.1461			
204.1668	25.10	749.7	11.48
204.1669			
204.1876	24.79	763.7	11.48
204.1877			
204.2084	24.95	806.8	11.48
204.2086			
204.2293	24.66	774.6	11.48
204.2294			
204.2501	24.74	923.4	11.48
204.2502			
204.2709	24.04	1301.4	11.48
204.2711			
204.2918	24.04	1554.6	11.48
204.2919			
204.3126	24.06	1833.6	11.47
204.3127			
204.3334	24.19	2060.7	11.47
204.3336			
204.3543	24.22	1946.3	11.47
204.3544			
204.3751	24.32	1462.5	11.47
204.3752			
204.3959	24.06	1600.1	11.47
204.3961			
204.4168	23.88	1721.4	11.47
204.4169			
204.4376	23.75	1685.6	11.47
204.4377			
204.4584	23.78	1799.1	11.47
204.4586			
204.4793	24.09	1866.6	11.47
204.4794			
204.5001	24.17	1769.8	11.47
204.5002			
204.5209	24.27	1622.2	11.47
204.5211			
204.5418	24.40	1774.8	11.47
204.5419			
204.5626	24.40	1762.6	11.47
204.5627			
204.5834	24.37	1660.1	11.47
204.5836			
204.6043	24.66	1634.6	11.47
204.6044			
204.6251	24.92	1423.4	11.47
204.6252			
204.6459	25.05	1434.4	11.48
204.6461			
204.6668	25.34	1311.4	11.48
204.6669			
204.6876	25.47	1260.8	11.48
204.6877			
204.7084	25.29	1242.7	11.48
204.7086			
204.7293	25.58	1203.7	11.48
204.7294			
204.7501	25.47	1234.2	11.48
204.7502			
204.7709	25.55	1214.2	11.48
204.7711			
204.7918	25.60	1170.5	11.48
204.7919			
204.8126	25.76	1251.3	11.48
204.8127			
204.8339	25.71		11.24
204.8347			
204.8543	25.76	1167.3	11.51
204.8544			
204.8751	25.79	1087.5	11.50
204.8752			
204.8959	25.89	1021.2	11.50
204.8961			
204.9168	25.81	930.5	11.50
204.9169			
204.9376	25.44	806.1	11.50
204.9377			
204.9584	25.66	859.5	11.49
204.9586			
204.9793	25.55	857.6	11.49
204.9794			
205.0001	25.52	826.2	11.49
205.0002			
205.0209	25.26	839.2	11.49
205.0211			
205.0418	25.29	791.3	11.48
205.0419			
205.0626	25.21	788.5	11.48
205.0627			
205.0834	25.21	770.7	11.48
205.0836			
205.1043	25.15	779.8	11.48
205.1044			
205.1251	24.87	777.0	11.48
205.1252			
205.1459	24.79	841.8	11.48
205.1461			
205.1668	24.92	912.3	11.48
205.1669			
205.1876	24.95	853.1	11.48
205.1877			
205.2084	25.21	896.6	11.47
205.2086			
205.2293	25.08	855.0	11.48
205.2294			
205.2501	24.76	887.8	11.47
205.2502			
205.2709	24.24	867.5	11.47
205.2711			
205.2918	24.11	1062.4	11.47
205.2919			
205.3126	23.55	1468.4	11.47
205.3127			
205.3334	23.29	1537.1	11.46
205.3336			
205.3543	23.47	2059.7	11.46
205.3544			
205.3751	23.32	2196.8	11.46
205.3752			
205.3959	23.75	2317.9	11.46
205.3961			
205.4168	23.29	2016.6	11.46
205.4169			
205.4376	23.47	2352.0	11.46
205.4377			
205.4584	23.22	2133.1	11.46
205.4586			
205.4793	23.34	2443.3	11.46
205.4794			
205.5001	23.14	2062.0	11.46
205.5002			
205.5209	23.75	2242.8	11.46
205.5211			
205.5418	23.52	2150.2	11.46
205.5419			
205.5626	24.35	1754.3	11.46
205.5627			
205.5834	24.37	1577.5	11.46
205.5836			
205.6043	24.19	1364.3	11.46
205.6044			
205.6251	24.68	1537.7	11.46
205.6252			
205.6459	24.76	1241.8	11.47
205.6461			
205.6668	25.05	1134.2	11.47
205.6669			
205.6876	25.05	1167.6	11.47
205.6877			
205.7084	25.84	1153.9	11.47
205.7086			
205.7293	25.89	973.4	11.47
205.7294			
205.7501	26.03	921.0	11.47
205.7502			
205.7709	26.24	946.2	11.48
205.7711			
205.7918	26.29	973.8	11.48
205.7919			
205.8126	26.13	922.3	11.47
205.8127			
205.8334	26.11	831.7	11.48
205.8336			
205.8543	26.03	933.4	11.48
205.8544			
205.8751	26.00	785.7	11.47
205.8752			
205.8959	26.03	725.7	11.47
205.8961			
205.9168	25.89	722.8	11.47
205.9169			
205.9376	25.79	707.6	11.47
205.9377			
205.9584	25.63	680.7	11.47
205.9586			
205.9793	25.50	666.9	11.47
205.9794			
206.0001	25.50	656.0	11.47
206.0002			
206.0209	25.34	702.7	11.47
206.0211			
206.0418	25.08	689.3	11.47
206.0419			
206.0626	25.13	712.6	11.47
206.0627			
206.0834	24.89	761.5	11.46
206.0836			
206.1043	24.68	716.3	11.46
206.1044			
206.1251	25.02	770.0	11.46
206.1252			
206.1459	24.89	771.9	11.46
206.1461			
206.1668	24.89	823.1	11.46
206.1669			
206.1876	24.06	767.6	11.46
206.1877			
206.2084	24.32	826.5	11.46
206.2086			
206.2293	23.63	816.6	11.46
206.2294			
206.2501	23.73	910.7	11.46
206.2502			
206.2709	23.70	956.0	11.46
206.2711			
206.2918	23.47	965.8	11.46
206.2919			
206.3126	23.55	1084.3	11.45
206.3127			
206.3334	23.42	1502.6	11.45
206.3336			
206.3543	23.19	1566.6	11.45
206.3544			
206.3751	23.78	1759.2	11.45
206.3752			
206.3959	23.52	1682.1	11.45
206.3961			
206.4168	23.63	1819.7	11.45
206.4169			
206.4376	23.65	1915.0	11.45
206.4377			
206.4584	23.68	1990.4	11.45
206.4586			
206.4793	23.57	2000.5	11.45
206.4794			
206.5001	23.78	2037.5	11.45
206.5002			
206.5209	23.81	1843.0	11.45
206.5211			
206.5418	24.14	1895.1	11.45
206.5419			
206.5626	24.27	1622.2	11.45
206.5627			
206.5834	24.30	1514.1	11.45
206.5836			
206.6043	24.40	1436.4	11.46
206.6044			
206.6251	24.30	1308.9	11.46
206.6252			
206.6459	24.27	1278.4	11.46
206.6461			
206.6668	24.19	1142.6	11.46
206.6669			
206.6876	24.32	1143.1	11.46
206.6877			
206.7084	24.30	1081.1	11.46
206.7086			
206.7293	24.24	1060.9	11.45
206.7294			
206.7501	24.22	1073.4	11.46
206.7502			
206.7709	24.14	1064.1	11.45
206.7711			
206.7918	24.17	1076.8	11.45
206.7919			
206.8126	24.09	1099.4	11.45
206.8127			
206.8334	24.01	1062.0	11.46
206.8336			
206.8543	23.88	1072.3	11.45
206.8544			
206.8751	23.78	1104.5	11.45
206.8752			
206.8959	23.73	1169.7	11.45
206.8961			
206.9168	23.73	1223.4	11.44
206.9169			
206.9376	23.70	1260.4	11.45
206.9377			
206.9584	23.70	1342.8	11.45
206.9586			
206.9793	23.65	1329.6	11.45
206.9794			
207.0001	23.65	1307.8	11.44
207.0002			
207.0209	23.60	1333.3	11.44
207.0211			
207.0418	23.60	1401.4	11.44
207.0419			
207.0626	23.52	1463.0	11.44
207.0627			
207.0834	23.47	1489.3	11.45
207.0836			
207.1043	23.57	1536.4	11.44
207.1044			
207.1251	23.55	1532.3	11.44
207.1252			
207.1459	23.63	1495.8	11.44
207.1461			
207.1668	23.63	1414.6	11.44
207.1669			
207.1876	23.60	1392.7	11.44
207.1877			
207.2084	23.57	1424.4	11.44
207.2086			
207.2293	23.57	1478.6	11.44
207.2294			
207.2501	23.63	1442.5	11.44
207.2502			
207.2709	23.65	1471.0	11.44
207.2711			
207.2918	23.47	1437.4	11.44
207.2919			
207.3126	23.55	1599.8	11.44
207.3127			
207.3334	23.40	1557.5	11.44
207.3336			
207.3543	23.22	1664.3	11.44
207.3544			
207.3751	23.12	1886.9	11.44
207.3752			
207.3959	23.09	2042.6	11.44
207.3961			
207.4168	23.09	2071.7	11.44
207.4169			
207.4376	23.01	2267.6	11.44
207.4377			
207.4584	23.14	2424.7	11.44
207.4586			
207.4793	23.22	2199.0	11.43
207.4794			
207.5001	23.04	2100.4	11.44
207.5002			
207.5209	23.17	2419.0	11.44
207.5211			
207.5418	23.24	2278.4	11.44
207.5419			
207.5626	23.29	2185.9	11.44
207.5627			
207.5834	23.42	2079.6	11.44
207.5836			
207.6043	23.55	1957.1	11.44
207.6044			
207.6251	23.70	1915.9	11.44
207.6252			
207.6459	23.96	1840.4	11.44
207.6461			
207.6668	23.88	1781.6	11.44
207.6669			
207.6876	24.06	1595.2	11.44
207.6877			
207.7084	24.06	1570.0	11.44
207.7086			
207.7293	24.40	1438.6	11.44
207.7294			
207.7501	24.58	1407.5	11.44
207.7502			
207.7709	24.95	1365.6	11.44
207.7711			
207.7918	24.74	1435.4	11.44
207.7919			
207.8126	24.95	1339.2	11.45
207.8127			
207.8334	25.13	1235.8	11.45
207.8336			
207.8543	24.95	1154.6	11.45
207.8544			
207.8751	24.87	1124.7	11.45
207.8752			
207.8959	24.87	1135.6	11.44
207.8961			
207.9168	24.79	1162.2	11.45
207.9169			
207.9376	24.66	1182.3	11.45
207.9377			
207.9584	24.68	1205.9	11.44
207.9586			
207.9793	24.40	1273.9	11.44
207.9794			
208.0001	24.19	1245.1	11.44
208.0002			
208.0209	24.22	1229.1	11.44
208.0211			
208.0418	23.91	1243.4	11.44
208.0419			
208.0626	23.91	1306.8	11.44
208.0627			
208.0834	23.93	1363.4	11.44
208.0836			
208.1043	23.81	1301.3	11.44
208.1044			
208.1251	23.96	1399.1	11.44
208.1252			
208.1459	23.88	1322.4	11.44
208.1461			
208.1668	23.78	1443.0	11.43
208.1669			
208.1876	23.50	1421.3	11.43
208.1877			
208.2084	23.73	1503.2	11.43
208.2086			
208.2293	23.88	1367.5	11.43
208.2294			
208.2501	24.04	1286.5	11.43
208.2502			
208.2709	23.93	1147.9	11.43
208.2711			
208.2918	23.83	1212.7	11.43
208.2919			
208.3126	23.93	1353.3	11.43
208.3127			
208.3334	23.88	1464.9	11.43
208.3336			
208.3548	23.78		11.18
208.3555			
208.3751	23.27	1483.3	11.47
208.3752			
208.3959	23.04	1633.3	11.46
208.3961			
208.4168	23.14	1980.5	11.45
208.4169			
208.4376	22.56	2136.5	11.45
208.4377			
208.4584	22.56	2111.6	11.44
208.4586			
208.4793	22.79	2227.8	11.44
208.4794			
208.5001	23.34	2482.5	11.44
208.5002			
208.5209	23.19	2519.5	11.44
208.5211			
208.5418	23.32	2513.1	11.44
208.5419			
208.5626	22.96	2427.7	11.44
208.5627			
208.5834	23.68	2583.9	11.44
208.5836			
208.6043	24.01	2124.3	11.44
208.6044			
208.6251	23.99	1886.6	11.44
208.6252			
208.6459	24.09	1793.9	11.44
208.6461			
208.6668	24.32	1678.9	11.44
208.6669			
208.6876	24.50	1470.1	11.44
208.6877			
208.7084	24.61	1398.0	11.44
208.7086			
208.7293	24.76	1263.1	11.44
208.7294			
208.7501	25.02	1148.1	11.44
208.7502			
208.7709	25.05	1211.4	11.44
208.7711			
208.7918	24.95	1051.7	11.44
208.7919			
208.8126	25.23	999.5	11.45
208.8127			
208.8334	25.55	973.6	11.45
208.8336			
208.8543	25.73	944.8	11.44
208.8544			
208.8751	25.55	962.4	11.44
208.8752			
208.8959	25.63	897.5	11.44
208.8961			
208.9168	25.63	824.9	11.45
208.9169			
208.9376	25.44	803.7	11.44
208.9377			
208.9584	25.34	815.9	11.44
208.9586			
208.9793	25.13	876.4	11.44
208.9794			
209.0001	24.97	941.1	11.44
209.0002			
209.0209	24.95	934.3	11.44
209.0211			
209.0418	24.92	891.1	11.44
209.0419			
209.0626	24.79	876.2	11.44
209.0627			
209.0834	24.92	915.3	11.44
209.0836			
209.1043	24.76	824.3	11.44
209.1044			
209.1251	24.68	818.9	11.44
209.1252			
209.1459	24.37	856.7	11.43
209.1461			
209.1668	24.27	888.6	11.43
209.1669			
209.1876	24.30	944.2	11.43
209.1877			
209.2084	24.27	1004.8	11.43
209.2086			
209.2293	24.32	1065.4	11.43
209.2294			
209.2501	24.24	990.7	11.43
209.2502			
209.2709	24.27	1062.0	11.43
209.2711			
209.2918	24.30	1098.0	11.43
209.2919			
209.3126	24.19	1088.2	11.43
209.3127			
209.3334	24.32	1113.2	11.43
209.3336			
209.3543	24.19	1061.5	11.43
209.3544			
209.3751	23.86	1094.8	11.43
209.3752			
209.3959	23.50	1136.1	11.43
209.3961			
209.4168	23.27	1193.9	11.43
209.4169			
209.4376	23.57	1411.9	11.42
209.4377			
209.4584	23.40	1507.2	11.42
209.4586			
209.4793	23.50	1605.8	11.42
209.4794			
209.5001	23.34	1601.8	11.42
209.5002			
209.5209	23.34	1621.6	11.42
209.5211			
209.5418	23.34	1655.1	11.42
209.5419			
209.5626	23.17	1730.6	11.42
209.5627			
209.5834	23.40	2054.4	11.42
209.5836			
209.6043	23.24	1866.1	11.42
209.6044			
209.6251	23.34	2081.4	11.42
209.6252			
209.6459	23.70	1958.8	11.42
209.6461			
209.6668	23.81	1832.7	11.42
209.6669			
209.6876	23.93	1754.0	11.42
209.6877			
209.7084	23.99	1501.6	11.42
209.7086			
209.7293	23.83	1513.3	11.43
209.7294			
209.7501	23.91	1608.6	11.42
209.7502			
209.7709	24.17	1409.1	11.42
209.7711			
209.7918	24.24	1377.0	11.43
209.7919			
209.8126	24.30	1163.1	11.42
209.8127			
209.8334	24.30	1094.8	11.43
209.8336			
209.8543	24.42	1041.0	11.42
209.8544			
209.8751	24.50	1025.8	11.43
209.8752			
209.8959	24.48	1006.3	11.43
209.8961			
209.9168	24.48	1084.5	11.43
209.9169			
209.9376	24.24	1059.3	11.42
209.9377			
209.9584	24.24	1082.0	11.42
209.9586			
209.9793	23.78	1119.5	11.43
209.9794			
210.0001	23.37	1309.8	11.42
210.0002			
210.0209	23.81	1571.8	11.42
210.0211			
210.0418	23.93	1258.9	11.42
210.0419			
210.0626	23.63	1274.5	11.42
210.0627			
210.0834	23.52	1240.2	11.41
210.0836			
210.1043	23.45	1228.5	11.41
210.1044			
210.1251	23.57	1413.1	11.41
210.1252			
210.1459	23.52	1362.2	11.42
210.1461			
210.1668	23.60	1265.0	11.41
210.1669			
210.1876	23.73	1320.4	11.41
210.1877			
210.2084	23.57	1244.4	11.41
210.2086			
210.2293	23.27	1186.9	11.41
210.2294			
210.2501	23.50	1214.3	11.41
210.2502			
210.2709	23.78	1200.2	11.41
210.2711			
210.2918	23.93	1256.8	11.41
210.2919			
210.3126	23.70	1176.8	11.41
210.3127			
210.3334	23.73	1194.3	11.41
210.3336			
210.3543	23.34	1118.3	11.41
210.3544			
210.3751	23.57	1186.8	11.41
210.3752			
210.3959	22.31	1129.8	11.41
210.3961			
210.4168	22.18	1476.9	11.41
210.4169			
210.4376	22.08	1857.3	11.40
210.4377			
210.4584	22.58	1857.1	11.40
210.4586			
210.4793	23.12	1726.8	11.40
210.4794			
210.5001	23.14	1612.4	11.40
210.5002			
210.5209	23.22	1632.9	11.41
210.5211			
210.5418	23.37	1663.8	11.41
210.5419			
210.5626	23.52	1671.6	11.41
210.5627			
210.5834	23.78	1654.6	11.41
210.5836			
210.6043	23.88	1587.9	11.41
210.6044			
210.6251	24.14	1536.9	11.41
210.6252			
210.6459	24.14	1404.1	11.41
210.6461			
210.6668	24.30	1405.0	11.41
210.6669			
210.6876	24.37	1300.5	11.41
210.6877			
210.7084	24.61	1222.6	11.42
210.7086			
210.7293	24.68	1188.0	11.42
210.7294			
210.7501	24.79	1136.2	11.42
210.7502			
210.7709	24.79	1036.1	11.42
210.7711			
210.7918	24.68	915.1	11.42
210.7919			
210.8126	24.66	873.8	11.42
210.8127			
210.8334	24.66	857.4	11.42
210.8336			
210.8543	24.61	810.4	11.42
210.8544			
210.8751	24.55	769.3	11.41
210.8752			
210.8959	24.48	732.4	11.42
210.8961			
210.9168	24.42	708.5	11.41
210.9169			
210.9376	24.27	678.0	11.41
210.9377			
210.9584	24.17	670.0	11.41
210.9586			
210.9793	24.06	692.0	11.41
210.9794			
211.0001	23.96	733.1	11.41
211.0002			
211.0209	23.93	764.7	11.41
211.0211			
211.0418	23.86	820.9	11.41
211.0419			
211.0626	23.78	830.4	11.41
211.0627			
211.0834	23.83	875.6	11.41
211.0836			
211.1043	23.81	927.8	11.41
211.1044			
211.1251	23.78	938.0	11.41
211.1252			
211.1459	23.73	928.8	11.41
211.1461			
211.1668	23.73	921.8	11.41
211.1669			
211.1876	23.63	930.3	11.41
211.1877			
211.2084	23.63	935.1	11.41
211.2086			
211.2293	23.60	968.5	11.40
211.2294			
211.2501	23.68	1015.9	11.40
211.2502			
211.2709	23.78	1034.7	11.40
211.2711			
211.2918	23.63	1104.2	11.40
211.2919			
211.3126	23.68	1070.6	11.40
211.3127			
211.3334	23.68	1062.9	11.40
211.3336			
211.3543	23.65	1056.4	11.40
211.3544			
211.3751	23.78	1107.0	11.40
211.3752			
211.3959	23.63	1131.7	11.40
211.3961			
211.4168	23.50	1102.5	11.40
211.4169			
211.4376	23.40	1227.2	11.40
211.4377			
211.4584	23.47	1244.2	11.40
211.4586			
211.4793	23.45	1274.0	11.40
211.4794			
211.5001	23.37	1279.9	11.40
211.5002			
211.5209	23.40	1323.6	11.40
211.5211			
211.5418	23.45	1352.0	11.40
211.5419			
211.5626	23.60	1338.3	11.40
211.5627			
211.5834	23.70	1155.2	11.40
211.5836			
211.6043	23.81	1269.4	11.40
211.6044			
211.6251	24.01	1257.6	11.40
211.6252			
211.6459	24.17	1412.7	11.40
211.6461			
211.6668	24.27	1474.8	11.40
211.6669			
211.6876	24.45	1494.9	11.40
211.6877			
211.7084	24.55	1506.0	11.41
211.7086			
211.7293	24.48	1410.3	11.41
211.7294			
211.7501	24.68	1337.8	11.41
211.7502			
211.7709	24.92	1239.9	11.41
211.7711			
211.7918	25.00	1161.0	11.41
211.7919			
211.8126	25.23	1135.3	11.41
211.8127			
211.8334	25.15	1021.6	11.41
211.8336			
211.8543	25.23	934.7	11.41
211.8544			
211.8756	25.15		11.17
211.8764			
211.8959	24.89	742.5	11.45
211.8961			
211.9168	24.81	698.9	11.44
211.9169			
211.9376	24.79	634.7	11.43
211.9377			
211.9584	24.74	634.2	11.43
211.9586			
211.9793	24.55	657.2	11.43
211.9794			
212.0001	24.45	604.5	11.42
212.0002			
212.0209	24.42	597.1	11.42
212.0211			
212.0418	24.19	635.8	11.41
212.0419			
212.0626	23.93	655.2	11.41
212.0627			
212.0834	23.75	724.4	11.41
212.0836			
212.1043	23.57	757.7	11.41
212.1044			
212.1251	23.40	783.9	11.41
212.1252			
212.1459	23.34	820.5	11.40
212.1461			
212.1668	23.47	879.0	11.40
212.1669			
212.1876	23.37	892.5	11.40
212.1877			
212.2084	23.01	851.6	11.40
212.2086			
212.2293	22.91	840.8	11.40
212.2294			
212.2501	22.69	873.3	11.40
212.2502			
212.2709	22.23	911.2	11.39
212.2711			
212.2918	22.84	984.3	11.39
212.2919			
212.3126	22.81	1056.4	11.39
212.3127			
212.3334	22.81	1100.5	11.39
212.3336			
212.3543	22.79	1162.5	11.39
212.3544			
212.3751	22.71	1199.1	11.39
212.3752			
212.3959	22.51	1232.9	11.39
212.3961			
212.4168	21.41	1222.7	11.39
212.4169			
212.4376	21.36	1374.5	11.38
212.4377			
212.4584	21.04	1374.5	11.38
212.4586			
212.4793	20.92	1419.7	11.38
212.4794			
212.5001	20.92	1486.9	11.38
212.5002			
212.5209	20.97	1558.9	11.37
212.5211			
212.5418	21.21	1541.8	11.37
212.5419			
212.5626	21.73	1652.6	11.38
212.5627			
212.5834	21.76	1548.9	11.38
212.5836			
212.6043	21.93	1641.9	11.38
212.6044			
212.6251	22.66	1547.3	11.38
212.6252			
212.6459	22.66	1708.6	11.39
212.6461			
212.6668	22.91	1792.0	11.39
212.6669			
212.6876	23.24	1482.9	11.39
212.6877			
212.7084	23.37	1331.8	11.39
212.7086			
212.7293	23.50	1270.9	11.39
212.7294			
212.7501	23.73	1105.3	11.39
212.7502			
212.7709	23.86	933.8	11.40
212.7711			
212.7918	24.19	856.2	11.40
212.7919			
212.8126	24.11	808.2	11.40
212.8127			
212.8334	24.19	777.7	11.40
212.8336			
212.8543	24.14	712.8	11.40
212.8544			
212.8751	24.06	667.8	11.40
212.8752			
212.8959	24.09	617.3	11.40
212.8961			
212.9168	24.04	558.6	11.40
212.9169			
212.9376	23.96	536.2	11.40
212.9377			
212.9584	23.88	495.6	11.39
212.9586			
212.9793	23.70	440.4	11.40
212.9794			
213.0001	23.50	433.5	11.39
213.0002			
213.0209	23.32	442.9	11.39
213.0211			
213.0418	22.96	454.4	11.39
213.0419			
213.0626	22.79	500.6	11.39
213.0627			
213.0834	22.74	579.0	11.39
213.0836			
213.1043	22.64	588.3	11.39
213.1044			
213.1251	22.76	665.6	11.38
213.1252			
213.1459	22.96	695.6	11.38
213.1461			
213.1668	22.91	707.7	11.38
213.1669			
213.1876	23.09	741.6	11.38
213.1877			
213.2084	23.01	728.0	11.38
213.2086			
213.2293	22.79	814.8	11.38
213.2294			
213.2501	22.74	916.9	11.38
213.2502			
213.2709	22.71	853.7	11.38
213.2711			
213.2918	22.79	900.7	11.38
213.2919			
213.3126	22.94	904.2	11.38
213.3127			
213.3334	22.91	962.6	11.38
213.3336			
213.3543	22.86	955.6	11.38
213.3544			
213.3751	22.91	948.2	11.38
213.3752			
213.3959	23.12	996.4	11.38
213.3961			
213.4168	22.86	994.0	11.38
213.4169			
213.4376	22.66	1091.0	11.38
213.4377			
213.4584	22.33	1083.4	11.38
213.4586			
213.4793	22.03	1120.4	11.38
213.4794			
213.5001	22.03	1200.5	11.37
213.5002			
213.5209	22.41	1290.6	11.37
213.5211			
213.5418	22.41	1217.0	11.37
213.5419			
213.5626	22.81	1348.6	11.37
213.5627			
213.5834	22.94	1264.1	11.37
213.5836			
213.6043	23.01	1238.9	11.37
213.6044			
213.6251	23.40	1159.4	11.38
213.6252			
213.6459	23.27	1136.3	11.38
213.6461			
213.6668	23.52	1106.9	11.38
213.6669			
213.6876	23.81	1033.3	11.38
213.6877			
213.7084	23.88	947.8	11.38
213.7086			
213.7293	24.01	896.7	11.39
213.7294			
213.7501	24.06	854.3	11.38
213.7502			
213.7709	24.30	784.1	11.38
213.7711			
213.7918	24.40	775.2	11.38
213.7919			
213.8126	24.35	669.8	11.38
213.8127			
213.8334	24.55	645.1	11.38
213.8336			
213.8543	24.32	502.2	11.39
213.8544			
213.8751	24.22	534.5	11.38
213.8752			
213.8959	24.22	542.8	11.39
213.8961			
213.9168	24.14	496.2	11.39
213.9169			
213.9376	24.06	452.5	11.38
213.9377			
213.9584	23.99	386.9	11.38
213.9586			
213.9793	23.88	381.1	11.38
213.9794			
214.0001	23.83	375.3	11.38
214.0002			
214.0209	23.57	384.4	11.38
214.0211			
214.0418	23.42	424.1	11.38
214.0419			
214.0626	23.34	456.2	11.38
214.0627			
214.0834	23.32	495.1	11.37
214.0836			
214.1043	23.45	541.0	11.37
214.1044			
214.1251	23.27	567.0	11.37
214.1252			
214.1459	23.17	634.1	11.37
214.1461			
214.1668	23.17	702.5	11.37
214.1669			
214.1876	23.27	729.5	11.37
214.1877			
214.2084	23.29	808.1	11.37
214.2086			
214.2293	22.91	787.5	11.37
214.2294			
214.2501	22.99	850.0	11.37
214.2502			
214.2709	23.12	989.0	11.37
214.2711			
214.2918	22.81	957.5	11.37
214.2919			
214.3126	22.84	1091.9	11.37
214.3127			
214.3334	22.99	1125.1	11.37
214.3336			
214.3543	22.84	1123.4	11.37
214.3544			
214.3751	22.53	1238.5	11.37
214.3752			
214.3959	22.46	1214.5	11.36
214.3961			
214.4168	22.16	1209.3	11.36
214.4169			
214.4376	22.18	1295.1	11.36
214.4377			
214.4584	22.23	1240.4	11.36
214.4586			
214.4793	22.33	1186.8	11.36
214.4794			
214.5001	22.53	1171.5	11.36
214.5002			
214.5209	22.71	1187.2	11.36
214.5211			
214.5418	22.84	1207.6	11.36
214.5419			
214.5626	23.19	1223.2	11.36
214.5627			
214.5834	23.42	1138.4	11.36
214.5836			
214.6043	23.37	1105.5	11.37
214.6044			
214.6251	23.47	1128.4	11.37
214.6252			
214.6459	23.57	1229.0	11.37
214.6461			