Year Day	Temperature C	SalinityConst	pHConstSal	Battery Voltage	DateStr	TimeStr
164.6215	19.72	35.00	8.0135	10.56	2023-06-13	14:55:00
164.6632	19.79	35.00	8.0368	10.57	2023-06-13	15:54:59
164.7048	20.06	35.00	8.0094	10.57	2023-06-13	16:54:59
164.7465	20.52	35.00	7.9505	10.58	2023-06-13	17:54:59
164.7882	21.02	35.00	7.8871	10.58	2023-06-13	18:54:59
164.8298	21.39	35.00	7.8198	10.59	2023-06-13	19:54:59
164.8715	20.60	35.00	8.0124	10.59	2023-06-13	20:54:59
164.9132	20.45	35.00	8.0925	10.59	2023-06-13	21:54:59
164.9548	20.35	35.00	8.1273	10.58	2023-06-13	22:54:59
164.9965	20.01	35.00	8.1471	10.58	2023-06-13	23:54:59
165.0382	19.74	35.00	8.1536	10.58	2023-06-14	00:54:59
165.0798	19.50	35.00	8.1505	10.57	2023-06-14	01:54:59
165.1215	19.60	35.00	8.1406	10.57	2023-06-14	02:54:59
165.1632	19.57	35.00	8.0964	10.56	2023-06-14	03:54:59
165.2048	19.67	35.00	8.0766	10.56	2023-06-14	04:54:59
165.2465	19.67	35.00	8.0245	10.57	2023-06-14	05:54:59
165.2882	19.77	35.00	7.9115	10.56	2023-06-14	06:54:59
165.3298	20.01	35.00	7.7775	10.56	2023-06-14	07:54:59
165.3715	20.13	35.00	7.6668	10.57	2023-06-14	08:54:59
165.4132	19.24	35.00	7.8425	10.57	2023-06-14	09:54:59
165.4548	19.29	35.00	8.0054	10.56	2023-06-14	10:54:59
165.4965	19.14	35.00	8.0538	10.55	2023-06-14	11:54:59
165.5382	18.97	35.00	8.0732	10.55	2023-06-14	12:54:59
165.5798	18.97	35.00	8.0951	10.55	2023-06-14	13:54:59
165.6215	19.24	35.00	8.0843	10.55	2023-06-14	14:54:59
165.6632	19.62	35.00	8.0698	10.55	2023-06-14	15:54:59
165.7048	19.96	35.00	8.1017	10.55	2023-06-14	16:54:59
165.7465	20.89	35.00	8.1005	10.56	2023-06-14	17:54:59
165.7882	22.33	35.00	8.0333	10.57	2023-06-14	18:54:59
165.8298	22.99	35.00	7.9546	10.59	2023-06-14	19:54:59
165.8715	23.09	35.00	7.8787	10.60	2023-06-14	20:54:59
165.9132	20.97	35.00	8.0425	10.59	2023-06-14	21:54:59
165.9548	20.70	35.00	8.0681	10.58	2023-06-14	22:54:59
165.9965	20.38	35.00	8.0688	10.57	2023-06-14	23:54:59
166.0382	20.18	35.00	8.0767	10.56	2023-06-15	00:54:59
166.0798	20.50	35.00	8.0663	10.56	2023-06-15	01:54:59
166.1215	20.47	35.00	8.0465	10.56	2023-06-15	02:54:59
166.1632	20.33	35.00	8.0387	10.56	2023-06-15	03:54:59
166.2048	20.40	35.00	8.0510	10.55	2023-06-15	04:54:59
166.2465	20.21	35.00	8.0631	10.55	2023-06-15	05:54:59
166.2882	19.96	35.00	8.0110	10.55	2023-06-15	06:54:59
166.3298	19.96	35.00	7.8904	10.54	2023-06-15	07:54:59
166.3715	20.18	35.00	7.7817	10.54	2023-06-15	08:54:59
166.4132	20.47	35.00	7.6758	10.54	2023-06-15	09:54:59
166.4548	20.45	35.00	7.6327	10.54	2023-06-15	10:54:59
166.4965	20.18	35.00	7.9144	10.54	2023-06-15	11:54:59
166.5382	20.43	35.00	7.9600	10.54	2023-06-15	12:54:59
166.5798	20.50	35.00	7.9802	10.54	2023-06-15	13:54:59
166.6215	20.52	35.00	8.0098	10.54	2023-06-15	14:54:59
166.6632	20.60	35.00	8.0250	10.54	2023-06-15	15:54:59
166.7048	20.77	35.00	7.9818	10.54	2023-06-15	16:54:59
166.7465	20.89	35.00	7.9810	10.54	2023-06-15	17:54:59
166.7882	21.44	35.00	7.9451	10.54	2023-06-15	18:54:59
166.8298	22.06	35.00	7.8650	10.55	2023-06-15	19:54:59
166.8715	22.36	35.00	7.7631	10.56	2023-06-15	20:54:59
166.9132	22.41	35.00	7.7437	10.57	2023-06-15	21:54:59
166.9548	21.24	35.00	7.9238	10.56	2023-06-15	22:54:59
166.9965	21.21	35.00	7.9626	10.55	2023-06-15	23:54:59
167.0382	21.19	35.00	7.9694	10.54	2023-06-16	00:54:59
167.0798	21.06	35.00	7.9913	10.54	2023-06-16	01:54:59
167.1215	20.82	35.00	7.9995	10.54	2023-06-16	02:54:59
167.1632	20.65	35.00	7.9978	10.54	2023-06-16	03:54:59
167.2048	20.60	35.00	7.9768	10.54	2023-06-16	04:54:59
167.2465	20.65	35.00	7.9451	10.52	2023-06-16	05:54:59
167.2882	20.65	35.00	7.9283	10.52	2023-06-16	06:54:59
167.3298	20.50	35.00	7.8499	10.52	2023-06-16	07:54:59
167.3715	20.47	35.00	7.7198	10.52	2023-06-16	08:54:59
167.4132	20.65	35.00	7.5891	10.52	2023-06-16	09:54:59
167.4548	20.79	35.00	7.4906	10.52	2023-06-16	10:54:59
167.4965	20.21	35.00	7.7837	10.52	2023-06-16	11:54:59
167.5382	20.13	35.00	7.8787	10.52	2023-06-16	12:54:59
167.5798	20.04	35.00	7.9064	10.51	2023-06-16	13:54:59
167.6215	20.28	35.00	7.9299	10.51	2023-06-16	14:54:59
167.6632	20.35	35.00	7.9559	10.51	2023-06-16	15:54:59
167.7048	20.38	35.00	7.9777	10.51	2023-06-16	16:54:59
167.7465	21.02	35.00	7.9607	10.51	2023-06-16	17:54:59
167.7882	21.36	35.00	7.9615	10.52	2023-06-16	18:54:59
167.8298	22.21	35.00	7.9594	10.52	2023-06-16	19:54:59
167.8715	23.29	35.00	7.8753	10.54	2023-06-16	20:54:59
167.9132	23.65	35.00	7.7817	10.55	2023-06-16	21:54:59
167.9548	21.73	35.00	7.9268	10.55	2023-06-16	22:54:59
167.9965	21.19	35.00	7.9572	10.54	2023-06-16	23:54:59
168.0382	20.84	35.00	7.9677	10.52	2023-06-17	00:54:59
168.0798	20.43	35.00	7.9834	10.51	2023-06-17	01:54:59
168.1215	20.60	35.00	7.9709	10.51	2023-06-17	02:54:59
168.1632	20.74	35.00	7.9680	10.50	2023-06-17	03:54:59
168.2048	20.84	35.00	7.9608	10.50	2023-06-17	04:54:59
168.2465	20.79	35.00	7.9586	10.50	2023-06-17	05:54:59
168.2882	20.62	35.00	7.9573	10.49	2023-06-17	06:54:59
168.3298	20.47	35.00	7.9337	10.50	2023-06-17	07:54:59
168.3715	20.57	35.00	7.8030	10.48	2023-06-17	08:54:59
168.4132	20.94	35.00	7.6497	10.49	2023-06-17	09:54:59
168.4548	21.36	35.00	7.5228	10.50	2023-06-17	10:54:59
168.4965	21.61	35.00	7.4364	10.51	2023-06-17	11:54:59
168.5382	20.38	35.00	7.7515	10.51	2023-06-17	12:54:59
168.5798	20.35	35.00	7.8669	10.50	2023-06-17	13:54:59
168.6215	20.50	35.00	7.9025	10.49	2023-06-17	14:54:59
168.6632	20.65	35.00	7.9361	10.49	2023-06-17	15:54:59
168.7048	20.70	35.00	7.9455	10.49	2023-06-17	16:54:59
168.7465	20.74	35.00	7.9642	10.49	2023-06-17	17:54:59
168.7882	20.74	35.00	7.9483	10.49	2023-06-17	18:54:59
168.8298	20.72	35.00	7.9427	10.49	2023-06-17	19:54:59
168.8715	20.87	35.00	7.9046	10.49	2023-06-17	20:54:59
168.9132	21.19	35.00	7.7764	10.49	2023-06-17	21:54:59
168.9548	21.39	35.00	7.6680	10.49	2023-06-17	22:54:59
168.9965	20.18	35.00	7.8908	10.49	2023-06-17	23:54:59
169.0382	19.99	35.00	7.9346	10.48	2023-06-18	00:54:59
169.0798	20.06	35.00	7.9463	10.47	2023-06-18	01:54:59
169.1215	20.01	35.00	7.9472	10.47	2023-06-18	02:54:59
169.1632	19.94	35.00	7.9462	10.46	2023-06-18	03:54:59
169.2048	19.87	35.00	7.9473	10.46	2023-06-18	04:54:59
169.2465	19.91	35.00	7.9569	10.46	2023-06-18	05:54:59
169.2882	19.84	35.00	7.9257	10.45	2023-06-18	06:54:59
169.3298	19.77	35.00	7.9278	10.44	2023-06-18	07:54:59
169.3715	19.53	35.00	7.8756	10.43	2023-06-18	08:54:59
169.4132	19.41	35.00	7.7232	10.40	2023-06-18	09:54:59
169.4548	19.55	35.00	7.5621	10.44	2023-06-18	10:54:59
169.4965	19.82	35.00	7.3830	10.44	2023-06-18	11:54:59
169.5382	19.99	35.00	7.3136	10.45	2023-06-18	12:54:59
169.5798	19.41	35.00	7.7758	10.44	2023-06-18	13:54:59
169.6215	19.53	35.00	7.8762	10.44	2023-06-18	14:54:59
169.6632	19.79	35.00	7.9149	10.44	2023-06-18	15:54:59
169.7048	19.91	35.00	7.9419	10.44	2023-06-18	16:54:59
169.7465	20.01	35.00	7.9510	10.44	2023-06-18	17:54:59
169.7882	20.18	35.00	7.9741	10.44	2023-06-18	18:54:59
169.8298	20.60	35.00	7.9549	10.44	2023-06-18	19:54:59
169.8715	20.74	35.00	7.9481	10.44	2023-06-18	20:54:59
169.9132	21.19	35.00	7.8789	10.45	2023-06-18	21:54:59
169.9548	21.66	35.00	7.7426	10.45	2023-06-18	22:54:59
169.9965	21.58	35.00	7.6924	10.46	2023-06-18	23:54:59
170.0382	19.94	35.00	7.9042	10.44	2023-06-19	00:54:59
170.0798	19.70	35.00	7.9289	10.43	2023-06-19	01:54:59
170.1215	19.77	35.00	7.9372	10.42	2023-06-19	02:54:59
170.1632	19.77	35.00	7.9490	10.42	2023-06-19	03:54:59
170.2048	19.72	35.00	7.9440	10.41	2023-06-19	04:54:59
170.2465	19.65	35.00	7.9333	10.41	2023-06-19	05:54:59
170.2882	19.67	35.00	7.9507	10.41	2023-06-19	06:54:59
170.3298	19.60	35.00	7.9201	10.39	2023-06-19	07:54:59
170.3715	19.55	35.00	7.9036	10.36	2023-06-19	08:54:59
170.4132	19.43	35.00	7.8077	10.32	2023-06-19	09:54:59
170.4548	19.57	35.00	7.6369	10.37	2023-06-19	10:54:59
170.4965	20.01	35.00	7.4452	10.32	2023-06-19	11:54:59
170.5382	20.35	35.00	7.3260	10.37	2023-06-19	12:54:59
170.5798	20.18	35.00	7.4576	10.37	2023-06-19	13:54:59
170.6215	20.01	35.00	7.8367	10.37	2023-06-19	14:54:59
170.6632	20.04	35.00	7.9018	10.39	2023-06-19	15:54:59
170.7048	20.04	35.00	7.9354	10.37	2023-06-19	16:54:59
170.7465	20.30	35.00	7.9685	10.38	2023-06-19	17:54:59
170.7882	20.52	35.00	7.9860	10.38	2023-06-19	18:54:59
170.8298	20.74	35.00	7.9621	10.38	2023-06-19	19:54:59
170.8715	20.82	35.00	7.9637	10.35	2023-06-19	20:54:59
170.9132	20.87	35.00	7.9347	10.34	2023-06-19	21:54:59
170.9548	21.21	35.00	7.8173	10.35	2023-06-19	22:54:59
170.9965	21.36	35.00	7.6994	10.37	2023-06-19	23:54:59
171.0382	20.77	35.00	7.9207	10.38	2023-06-20	00:54:59
171.0798	20.38	35.00	7.9677	10.37	2023-06-20	01:54:59
171.1215	20.21	35.00	7.9864	10.36	2023-06-20	02:54:59
171.1632	20.01	35.00	7.9668	10.34	2023-06-20	03:54:59
171.2048	19.82	35.00	7.9712	10.33	2023-06-20	04:54:59
171.2465	19.82	35.00	7.9574	10.33	2023-06-20	05:54:59
171.2882	19.79	35.00	7.9548	10.33	2023-06-20	06:54:59
171.3298	19.74	35.00	7.9494	10.33	2023-06-20	07:54:59
171.3715	19.60	35.00	7.9277	10.29	2023-06-20	08:54:59
171.4132	19.38	35.00	7.9011	10.26	2023-06-20	09:54:59
171.4548	19.24	35.00	7.7999	10.24	2023-06-20	10:54:59
171.4965	19.43	35.00	7.6338	10.25	2023-06-20	11:54:59
171.5382	19.77	35.00	7.4664	10.29	2023-06-20	12:54:59
171.5798	20.01	35.00	7.4076	10.30	2023-06-20	13:54:59
171.6215	20.06	35.00	7.8498	10.30	2023-06-20	14:54:59
171.6632	20.43	35.00	7.9525	10.31	2023-06-20	15:54:59
171.7048	20.70	35.00	7.9900	10.32	2023-06-20	16:54:59
171.7465	20.94	35.00	8.0208	10.33	2023-06-20	17:54:59
171.7882	21.14	35.00	8.0377	10.33	2023-06-20	18:54:59
171.8298	21.29	35.00	8.0545	10.34	2023-06-20	19:54:59
171.8715	21.34	35.00	8.0390	10.33	2023-06-20	20:54:59
171.9132	21.29	35.00	8.0136	10.31	2023-06-20	21:54:59
171.9548	21.34	35.00	7.9861	10.31	2023-06-20	22:54:59
171.9965	21.46	35.00	7.8628	10.33	2023-06-20	23:54:59
172.0382	21.39	35.00	7.7742	10.33	2023-06-21	00:54:59
172.0798	20.77	35.00	7.9718	10.33	2023-06-21	01:54:59
172.1215	20.47	35.00	8.0257	10.32	2023-06-21	02:54:59
172.1632	19.91	35.00	8.0549	10.32	2023-06-21	03:54:59
172.2048	19.65	35.00	8.0724	10.30	2023-06-21	04:54:59
172.2465	19.62	35.00	8.0670	10.29	2023-06-21	05:54:59
172.2882	19.70	35.00	8.0629	10.29	2023-06-21	06:54:59
172.3298	19.65	35.00	8.0691	10.30	2023-06-21	07:54:59
172.3715	19.57	35.00	8.0568	10.26	2023-06-21	08:54:59
172.4132	19.41	35.00	8.0285	10.22	2023-06-21	09:54:59
172.4548	19.24	35.00	7.9633	10.21	2023-06-21	10:54:59
172.4965	19.48	35.00	7.8231	10.21	2023-06-21	11:54:59
172.5382	19.94	35.00	7.5972	10.23	2023-06-21	12:54:59
172.5798	20.25	35.00	7.4398	10.25	2023-06-21	13:54:59
172.6215	20.16	35.00	7.6131	10.26	2023-06-21	14:54:59
172.6632	20.13	35.00	8.0151	10.26	2023-06-21	15:54:59
172.7048	20.45	35.00	8.0753	10.27	2023-06-21	16:54:59
172.7465	20.52	35.00	8.1020	10.28	2023-06-21	17:54:59
172.7882	20.72	35.00	8.1272	10.28	2023-06-21	18:54:59
172.8298	20.92	35.00	8.1332	10.29	2023-06-21	19:54:59
172.8715	21.14	35.00	8.1278	10.29	2023-06-21	20:54:59
172.9132	21.16	35.00	8.1191	10.29	2023-06-21	21:54:59
172.9548	21.11	35.00	8.0962	10.27	2023-06-21	22:54:59
172.9965	21.31	35.00	8.0348	10.27	2023-06-21	23:54:59
173.0382	21.53	35.00	7.8863	10.29	2023-06-22	00:54:59
173.0798	21.46	35.00	7.8779	10.29	2023-06-22	01:54:59
173.1215	20.21	35.00	8.0851	10.29	2023-06-22	02:54:59
173.1632	19.89	35.00	8.1098	10.28	2023-06-22	03:54:59
173.2048	19.82	35.00	8.1067	10.28	2023-06-22	04:54:59
173.2465	19.60	35.00	8.0897	10.26	2023-06-22	05:54:59
173.2882	19.45	35.00	8.0896	10.26	2023-06-22	06:54:59
173.3298	19.38	35.00	8.0826	10.26	2023-06-22	07:54:59
173.3715	19.36	35.00	8.0891	10.26	2023-06-22	08:54:59
173.4132	19.26	35.00	8.0726	10.23	2023-06-22	09:54:59
173.4548	19.31	35.00	8.0433	10.20	2023-06-22	10:54:59
173.4965	19.33	35.00	7.9787	10.18	2023-06-22	11:54:59
173.5382	19.72	35.00	7.8294	10.18	2023-06-22	12:54:59
173.5798	20.21	35.00	7.6323	10.22	2023-06-22	13:54:59
173.6215	20.52	35.00	7.5447	10.23	2023-06-22	14:54:59
173.6632	19.89	35.00	8.0249	10.24	2023-06-22	15:54:59
173.7048	20.06	35.00	8.0947	10.25	2023-06-22	16:54:59
173.7465	20.25	35.00	8.1120	10.25	2023-06-22	17:54:59
173.7882	20.40	35.00	8.1224	10.25	2023-06-22	18:54:59
173.8298	20.38	35.00	8.1242	10.26	2023-06-22	19:54:59
173.8715	20.25	35.00	8.1345	10.26	2023-06-22	20:54:59
173.9132	20.30	35.00	8.1277	10.25	2023-06-22	21:54:59
173.9548	20.35	35.00	8.1130	10.24	2023-06-22	22:54:59
173.9965	20.40	35.00	8.0897	10.23	2023-06-22	23:54:59
174.0382	20.60	35.00	8.0177	10.23	2023-06-23	00:54:59
174.0798	20.79	35.00	7.9075	10.25	2023-06-23	01:54:59
174.1215	20.55	35.00	7.9267	10.25	2023-06-23	02:54:59
174.1632	19.77	35.00	8.0572	10.24	2023-06-23	03:54:59
174.2048	19.70	35.00	8.0670	10.23	2023-06-23	04:54:59
174.2465	19.60	35.00	8.0654	10.22	2023-06-23	05:54:59
174.2882	19.43	35.00	8.0673	10.22	2023-06-23	06:54:59
174.3298	19.26	35.00	8.0696	10.22	2023-06-23	07:54:59
174.3715	19.12	35.00	8.0667	10.22	2023-06-23	08:54:59
174.4132	19.14	35.00	8.0643	10.21	2023-06-23	09:54:59
174.4548	19.24	35.00	8.0299	10.19	2023-06-23	10:54:59
174.4965	19.41	35.00	7.9949	10.18	2023-06-23	11:54:59
174.5382	19.65	35.00	7.9011	10.16	2023-06-23	12:54:59
174.5798	20.08	35.00	7.7287	10.18	2023-06-23	13:54:59
174.6215	20.55	35.00	7.5810	10.20	2023-06-23	14:54:59
174.6632	20.57	35.00	7.6281	10.21	2023-06-23	15:54:59
174.7048	19.70	35.00	7.9393	10.21	2023-06-23	16:54:59
174.7465	20.04	35.00	7.9615	10.20	2023-06-23	17:54:59
174.7882	20.45	35.00	7.9685	10.21	2023-06-23	18:54:59
174.8298	20.50	35.00	7.9760	10.21	2023-06-23	19:54:59
174.8715	20.65	35.00	7.9912	10.21	2023-06-23	20:54:59
174.9132	20.77	35.00	8.0040	10.22	2023-06-23	21:54:59
174.9548	20.82	35.00	7.9740	10.22	2023-06-23	22:54:59
174.9965	20.84	35.00	7.9518	10.21	2023-06-23	23:54:59
175.0382	20.94	35.00	7.9214	10.20	2023-06-24	00:54:59
175.0798	21.34	35.00	7.8373	10.21	2023-06-24	01:54:59
175.1215	21.68	35.00	7.7494	10.22	2023-06-24	02:54:59
175.1632	20.87	35.00	7.8678	10.22	2023-06-24	03:54:59
175.2048	20.74	35.00	7.9407	10.21	2023-06-24	04:54:59
175.2465	20.67	35.00	7.9585	10.21	2023-06-24	05:54:59
175.2882	20.60	35.00	7.9492	10.20	2023-06-24	06:54:59
175.3298	20.55	35.00	7.9401	10.20	2023-06-24	07:54:59
175.3715	20.57	35.00	7.9335	10.20	2023-06-24	08:54:59
175.4132	20.47	35.00	7.9251	10.20	2023-06-24	09:54:59
175.4548	20.50	35.00	7.9255	10.19	2023-06-24	10:54:59
175.4965	20.57	35.00	7.8882	10.17	2023-06-24	11:54:59
175.5382	20.67	35.00	7.8554	10.16	2023-06-24	12:54:59
175.5798	20.99	35.00	7.7354	10.14	2023-06-24	13:54:59
175.6215	21.51	35.00	7.5452	10.16	2023-06-24	14:54:59
175.6632	21.78	35.00	7.4353	10.18	2023-06-24	15:54:59
175.7048	20.77	35.00	7.7823	10.19	2023-06-24	16:54:59
175.7465	20.72	35.00	7.8918	10.18	2023-06-24	17:54:59
175.7882	20.89	35.00	7.9260	10.18	2023-06-24	18:54:59
175.8298	21.34	35.00	7.9253	10.17	2023-06-24	19:54:59
175.8715	21.51	35.00	7.9285	10.18	2023-06-24	20:54:59
175.9132	21.61	35.00	7.9309	10.19	2023-06-24	21:54:59
175.9548	21.61	35.00	7.9350	10.19	2023-06-24	22:54:59
175.9965	21.68	35.00	7.9191	10.19	2023-06-24	23:54:59
176.0382	21.63	35.00	7.9067	10.17	2023-06-25	00:54:59
176.0798	21.66	35.00	7.8565	10.16	2023-06-25	01:54:59
176.1215	22.01	35.00	7.7547	10.17	2023-06-25	02:54:59
176.1632	22.23	35.00	7.6631	10.18	2023-06-25	03:54:59
176.2048	21.51	35.00	7.8056	10.18	2023-06-25	04:54:59
176.2465	21.11	35.00	7.8826	10.17	2023-06-25	05:54:59
176.2882	21.02	35.00	7.8898	10.16	2023-06-25	06:54:59
176.3298	20.97	35.00	7.8864	10.16	2023-06-25	07:54:59
176.3715	20.97	35.00	7.8923	10.16	2023-06-25	08:54:59
176.4132	20.99	35.00	7.8878	10.16	2023-06-25	09:54:59
176.4548	21.06	35.00	7.9010	10.16	2023-06-25	10:54:59
176.4965	21.02	35.00	7.8770	10.16	2023-06-25	11:54:59
176.5382	21.02	35.00	7.8543	10.13	2023-06-25	12:54:59
176.5798	21.19	35.00	7.8095	10.11	2023-06-25	13:54:59
176.6215	21.73	35.00	7.6655	10.11	2023-06-25	14:54:59
176.6632	22.33	35.00	7.5016	10.14	2023-06-25	15:54:59
176.7048	22.69	35.00	7.4452	10.15	2023-06-25	16:54:59
176.7465	21.83	35.00	7.7775	10.15	2023-06-25	17:54:59
176.7882	21.71	35.00	7.8871	10.14	2023-06-25	18:54:59
176.8298	21.73	35.00	7.8989	10.14	2023-06-25	19:54:59
176.8715	22.18	35.00	7.8881	10.14	2023-06-25	20:54:59
176.9132	22.28	35.00	7.8911	10.14	2023-06-25	21:54:59
176.9548	22.23	35.00	7.8923	10.15	2023-06-25	22:54:59
176.9965	22.16	35.00	7.8878	10.15	2023-06-25	23:54:59
177.0382	22.21	35.00	7.8604	10.14	2023-06-26	00:54:59
177.0798	22.16	35.00	7.8364	10.12	2023-06-26	01:54:59
177.1215	22.18	35.00	7.7864	10.11	2023-06-26	02:54:59
177.1632	22.61	35.00	7.6469	10.12	2023-06-26	03:54:59
177.2048	22.84	35.00	7.5398	10.13	2023-06-26	04:54:59
177.2465	22.13	35.00	7.6345	10.13	2023-06-26	05:54:59
177.2882	21.14	35.00	7.8039	10.12	2023-06-26	06:54:59
177.3298	21.02	35.00	7.8227	10.11	2023-06-26	07:54:59
177.3715	21.09	35.00	7.8195	10.10	2023-06-26	08:54:59
177.4132	21.14	35.00	7.8056	10.11	2023-06-26	09:54:59
177.4548	21.04	35.00	7.7998	10.10	2023-06-26	10:54:59
177.4965	21.06	35.00	7.8295	10.10	2023-06-26	11:54:59
177.5382	21.21	35.00	7.7894	10.09	2023-06-26	12:54:59
177.5798	21.39	35.00	7.7738	10.07	2023-06-26	13:54:59
177.6215	21.71	35.00	7.7312	10.07	2023-06-26	14:54:59
177.6632	22.56	35.00	7.5757	10.08	2023-06-26	15:54:59
177.7048	23.17	35.00	7.4342	10.10	2023-06-26	16:54:59
177.7465	23.01	35.00	7.4826	10.11	2023-06-26	17:54:59
177.7882	22.21	35.00	7.8009	10.11	2023-06-26	18:54:59
177.8298	22.58	35.00	7.8116	10.11	2023-06-26	19:54:59
177.8715	22.96	35.00	7.8167	10.11	2023-06-26	20:54:59
177.9132	22.91	35.00	7.8287	10.11	2023-06-26	21:54:59
177.9548	22.76	35.00	7.8336	10.11	2023-06-26	22:54:59
177.9965	22.76	35.00	7.8399	10.11	2023-06-26	23:54:59
178.0382	22.71	35.00	7.8293	10.11	2023-06-27	00:54:59
178.0798	22.69	35.00	7.7773	10.09	2023-06-27	01:54:59
178.1215	22.76	35.00	7.7647	10.09	2023-06-27	02:54:59
178.1632	22.86	35.00	7.6699	10.08	2023-06-27	03:54:59
178.2048	22.99	35.00	7.5478	10.08	2023-06-27	04:54:59
178.2465	23.12	35.00	7.4486	10.10	2023-06-27	05:54:59
178.2882	22.64	35.00	7.4560	10.10	2023-06-27	06:54:59
178.3298	21.93	35.00	7.7333	10.09	2023-06-27	07:54:59
178.3715	21.91	35.00	7.7412	10.07	2023-06-27	08:54:59
178.4132	21.88	35.00	7.7511	10.07	2023-06-27	09:54:59
178.4548	21.83	35.00	7.7509	10.07	2023-06-27	10:54:59
178.4965	21.91	35.00	7.7460	10.07	2023-06-27	11:54:59
178.5382	21.83	35.00	7.7253	10.07	2023-06-27	12:54:59
178.5798	21.83	35.00	7.7161	10.06	2023-06-27	13:54:59
178.6215	21.88	35.00	7.6765	10.05	2023-06-27	14:54:59
178.6632	22.31	35.00	7.4669	10.03	2023-06-27	15:54:59