Year Day	Temperature C	SalinityConst	pHConstSal	Battery Voltage	DateStr	TimeStr
162.5417	19.77	35.00	0.0000	10.54	2021-06-11	13:00:00
162.5625	18.90	35.00	0.0000	10.55	2021-06-11	13:29:59
162.5833	18.71	35.00	0.0000	10.55	2021-06-11	13:59:59
162.6042	18.90	35.00	0.0000	10.55	2021-06-11	14:29:59
162.6250	18.95	35.00	0.0000	10.55	2021-06-11	14:59:59
162.6458	18.97	35.00	0.0000	10.55	2021-06-11	15:29:59
162.6667	19.19	35.00	0.0000	10.55	2021-06-11	15:59:59
162.6875	19.38	35.00	0.0000	10.55	2021-06-11	16:29:59
162.7083	19.50	35.00	0.0000	10.55	2021-06-11	16:59:59
162.7292	19.57	35.00	0.0000	10.55	2021-06-11	17:29:59
162.7500	19.70	35.00	0.0000	10.55	2021-06-11	17:59:59
162.7708	19.79	35.00	0.0000	10.55	2021-06-11	18:29:59
162.7917	19.87	35.00	0.0000	10.55	2021-06-11	18:59:59
162.8125	20.01	35.00	0.0000	10.55	2021-06-11	19:29:59
162.8333	20.08	35.00	0.0000	10.55	2021-06-11	19:59:59
162.8542	20.13	35.00	0.0000	10.55	2021-06-11	20:29:59
162.8750	20.21	35.00	0.0000	10.55	2021-06-11	20:59:59
162.8958	20.21	35.00	0.0000	10.55	2021-06-11	21:29:59
162.9167	20.25	35.00	0.0000	10.56	2021-06-11	21:59:59
162.9375	20.38	35.00	0.0000	10.56	2021-06-11	22:29:59
162.9583	20.52	35.00	0.0000	10.56	2021-06-11	22:59:59
162.9792	20.67	35.00	0.0000	10.56	2021-06-11	23:29:59
163.0000	20.65	35.00	0.0000	10.56	2021-06-11	23:59:59
163.0208	20.57	35.00	0.0000	10.56	2021-06-12	00:29:59
163.0417	19.77	35.00	0.0000	10.56	2021-06-12	00:59:59
163.0625	19.43	35.00	0.0000	10.55	2021-06-12	01:29:59
163.0833	19.33	35.00	0.0000	10.55	2021-06-12	01:59:59
163.1042	19.26	35.00	0.0000	10.54	2021-06-12	02:29:59
163.1250	19.19	35.00	0.0000	10.54	2021-06-12	02:59:59
163.1458	19.07	35.00	0.0000	10.54	2021-06-12	03:29:59
163.1667	18.88	35.00	0.0000	10.53	2021-06-12	03:59:59
163.1875	18.80	35.00	0.0000	10.52	2021-06-12	04:29:59
163.2083	18.71	35.00	0.0000	10.52	2021-06-12	04:59:59
163.2292	18.68	35.00	0.0000	10.52	2021-06-12	05:29:59
163.2500	18.68	35.00	0.0000	10.52	2021-06-12	05:59:59
163.2708	18.64	35.00	0.0000	10.52	2021-06-12	06:29:59
163.2917	18.61	35.00	0.0000	10.52	2021-06-12	06:59:59
163.3125	18.61	35.00	0.0000	10.52	2021-06-12	07:29:59
163.3333	18.59	35.00	0.0000	10.51	2021-06-12	07:59:59
163.3542	18.61	35.00	0.0000	10.51	2021-06-12	08:29:59
163.3750	18.64	35.00	0.0000	10.51	2021-06-12	08:59:59
163.3958	18.64	35.00	0.0000	10.51	2021-06-12	09:29:59
163.4167	18.71	35.00	0.0000	10.51	2021-06-12	09:59:59
163.4375	18.78	35.00	0.0000	10.51	2021-06-12	10:29:59
163.4583	19.00	35.00	0.0000	10.51	2021-06-12	10:59:59
163.4792	19.19	35.00	0.0000	10.51	2021-06-12	11:29:59
163.5000	19.48	35.00	0.0000	10.51	2021-06-12	11:59:59
163.5208	19.65	35.00	0.0000	10.51	2021-06-12	12:29:59
163.5417	19.74	35.00	0.0000	10.52	2021-06-12	12:59:59
163.5625	19.74	35.00	0.0000	10.52	2021-06-12	13:29:59
163.5833	18.66	35.00	0.0000	10.52	2021-06-12	13:59:59
163.6042	18.33	35.00	0.0000	10.51	2021-06-12	14:29:59
163.6250	18.30	35.00	0.0000	10.50	2021-06-12	14:59:59
163.6458	18.23	35.00	0.0000	10.50	2021-06-12	15:29:59
163.6667	18.23	35.00	0.0000	10.50	2021-06-12	15:59:59
163.6875	18.23	35.00	0.0000	10.49	2021-06-12	16:29:59
163.7083	18.30	35.00	0.0000	10.49	2021-06-12	16:59:59
163.7292	18.42	35.00	0.0000	10.49	2021-06-12	17:29:59
163.7500	18.47	35.00	0.0000	10.49	2021-06-12	17:59:59
163.7708	18.52	35.00	0.0000	10.49	2021-06-12	18:29:59
163.7917	18.49	35.00	0.0000	10.49	2021-06-12	18:59:59
163.8125	18.45	35.00	0.0000	10.49	2021-06-12	19:29:59
163.8333	18.49	35.00	0.0000	10.49	2021-06-12	19:59:59
163.8542	18.66	35.00	0.0000	10.49	2021-06-12	20:29:59
163.8750	18.73	35.00	0.0000	10.49	2021-06-12	20:59:59
163.8958	18.78	35.00	0.0000	10.49	2021-06-12	21:29:59
163.9167	18.78	35.00	0.0000	10.49	2021-06-12	21:59:59
163.9375	18.83	35.00	0.0000	10.49	2021-06-12	22:29:59
163.9583	18.90	35.00	0.0000	10.48	2021-06-12	22:59:59
163.9792	19.04	35.00	0.0000	10.49	2021-06-12	23:29:59
164.0000	19.16	35.00	0.0000	10.49	2021-06-12	23:59:59
164.0208	19.21	35.00	0.0000	10.49	2021-06-13	00:29:59
164.0417	19.16	35.00	0.0000	10.49	2021-06-13	00:59:59
164.0625	18.68	35.00	0.0000	10.49	2021-06-13	01:29:59
164.0833	18.68	35.00	0.0000	10.49	2021-06-13	01:59:59
164.1042	18.66	35.00	0.0000	10.48	2021-06-13	02:29:59
164.1250	18.61	35.00	0.0000	10.48	2021-06-13	02:59:59
164.1458	18.61	35.00	0.0000	10.48	2021-06-13	03:29:59
164.1667	18.59	35.00	0.0000	10.48	2021-06-13	03:59:59
164.1875	18.54	35.00	0.0000	10.48	2021-06-13	04:29:59
164.2083	18.47	35.00	0.0000	10.48	2021-06-13	04:59:59
164.2292	18.42	35.00	0.0000	10.48	2021-06-13	05:29:59
164.2500	18.35	35.00	0.0000	10.47	2021-06-13	05:59:59
164.2708	18.33	35.00	0.0000	10.47	2021-06-13	06:29:59
164.2917	18.28	35.00	0.0000	10.47	2021-06-13	06:59:59
164.3125	18.26	35.00	0.0000	10.47	2021-06-13	07:29:59
164.3333	18.26	35.00	0.0000	10.47	2021-06-13	07:59:59
164.3542	18.23	35.00	0.0000	10.47	2021-06-13	08:29:59
164.3750	18.18	35.00	0.0000	10.46	2021-06-13	08:59:59
164.3958	18.21	35.00	0.0000	10.46	2021-06-13	09:29:59
164.4167	18.18	35.00	0.0000	10.46	2021-06-13	09:59:59
164.4375	18.14	35.00	0.0000	10.46	2021-06-13	10:29:59
164.4583	18.11	35.00	0.0000	10.46	2021-06-13	10:59:59
164.4792	18.14	35.00	0.0000	10.46	2021-06-13	11:29:59
164.5000	18.28	35.00	0.0000	10.46	2021-06-13	11:59:59
164.5208	18.49	35.00	0.0000	10.46	2021-06-13	12:29:59
164.5417	18.73	35.00	0.0000	10.46	2021-06-13	12:59:59
164.5625	18.97	35.00	0.0000	10.46	2021-06-13	13:29:59
164.5833	19.09	35.00	0.0000	10.46	2021-06-13	13:59:59
164.6042	19.07	35.00	0.0000	10.47	2021-06-13	14:29:59
164.6250	18.90	35.00	0.0000	10.47	2021-06-13	14:59:59
164.6458	19.16	35.00	0.0000	10.47	2021-06-13	15:29:59
164.6667	19.29	35.00	0.0000	10.47	2021-06-13	15:59:59
164.6875	19.43	35.00	0.0000	10.47	2021-06-13	16:29:59
164.7083	19.57	35.00	0.0000	10.47	2021-06-13	16:59:59
164.7292	19.77	35.00	0.0000	10.47	2021-06-13	17:29:59
164.7500	19.84	35.00	0.0000	10.47	2021-06-13	17:59:59
164.7708	19.91	35.00	0.0000	10.47	2021-06-13	18:29:59
164.7917	19.96	35.00	0.0000	10.48	2021-06-13	18:59:59
164.8125	19.99	35.00	0.0000	10.48	2021-06-13	19:29:59
164.8333	20.08	35.00	0.0000	10.48	2021-06-13	19:59:59
164.8542	20.04	35.00	0.0000	10.48	2021-06-13	20:29:59
164.8750	20.28	35.00	0.0000	10.48	2021-06-13	20:59:59
164.8958	20.45	35.00	0.0000	10.48	2021-06-13	21:29:59
164.9167	20.52	35.00	0.0000	10.48	2021-06-13	21:59:59
164.9375	20.57	35.00	0.0000	10.48	2021-06-13	22:29:59
164.9583	20.62	35.00	0.0000	10.48	2021-06-13	22:59:59
164.9792	20.70	35.00	0.0000	10.48	2021-06-13	23:29:59
165.0000	20.84	35.00	0.0000	10.48	2021-06-13	23:59:59
165.0208	21.02	35.00	0.0000	10.48	2021-06-14	00:29:59
165.0417	21.06	35.00	0.0000	10.48	2021-06-14	00:59:59
165.0625	21.02	35.00	0.0000	10.49	2021-06-14	01:29:59
165.0833	20.77	35.00	0.0000	10.49	2021-06-14	01:59:59
165.1042	20.13	35.00	0.0000	10.48	2021-06-14	02:29:59
165.1250	20.18	35.00	0.0000	10.48	2021-06-14	02:59:59
165.1458	20.13	35.00	0.0000	10.48	2021-06-14	03:29:59
165.1667	20.08	35.00	0.0000	10.47	2021-06-14	03:59:59
165.1875	20.06	35.00	0.0000	10.47	2021-06-14	04:29:59
165.2083	20.01	35.00	0.0000	10.47	2021-06-14	04:59:59
165.2292	19.99	35.00	0.0000	10.47	2021-06-14	05:29:59
165.2500	19.94	35.00	0.0000	10.47	2021-06-14	05:59:59
165.2708	19.87	35.00	0.0000	10.47	2021-06-14	06:29:59
165.2917	19.77	35.00	0.0000	10.46	2021-06-14	06:59:59
165.3125	19.65	35.00	0.0000	10.46	2021-06-14	07:29:59
165.3333	19.57	35.00	0.0000	10.46	2021-06-14	07:59:59
165.3542	19.53	35.00	0.0000	10.46	2021-06-14	08:29:59
165.3750	19.50	35.00	0.0000	10.46	2021-06-14	08:59:59
165.3958	19.53	35.00	0.0000	10.46	2021-06-14	09:29:59
165.4167	19.57	35.00	0.0000	10.46	2021-06-14	09:59:59
165.4375	19.57	35.00	0.0000	10.46	2021-06-14	10:29:59
165.4583	19.57	35.00	0.0000	10.45	2021-06-14	10:59:59
165.4792	19.48	35.00	0.0000	10.45	2021-06-14	11:29:59
165.5000	19.48	35.00	0.0000	10.45	2021-06-14	11:59:59
165.5208	19.60	35.00	0.0000	10.45	2021-06-14	12:29:59
165.5417	19.84	35.00	0.0000	10.45	2021-06-14	12:59:59
165.5625	20.04	35.00	0.0000	10.45	2021-06-14	13:29:59
165.5833	20.28	35.00	0.0000	10.45	2021-06-14	13:59:59
165.6042	20.50	35.00	0.0000	10.46	2021-06-14	14:29:59
165.6250	20.60	35.00	0.0000	10.46	2021-06-14	14:59:59
165.6458	20.01	35.00	0.0000	10.46	2021-06-14	15:29:59
165.6667	20.16	35.00	0.0000	10.46	2021-06-14	15:59:59
165.6875	20.55	35.00	0.0000	10.46	2021-06-14	16:29:59
165.7083	20.77	35.00	0.0000	10.46	2021-06-14	16:59:59
165.7292	20.79	35.00	0.0000	10.46	2021-06-14	17:29:59
165.7500	20.62	35.00	0.0000	10.46	2021-06-14	17:59:59
165.7708	20.72	35.00	0.0000	10.46	2021-06-14	18:29:59
165.7917	20.77	35.00	0.0000	10.46	2021-06-14	18:59:59
165.8125	20.82	35.00	0.0000	10.46	2021-06-14	19:29:59
165.8333	20.87	35.00	0.0000	10.46	2021-06-14	19:59:59
165.8542	20.87	35.00	0.0000	10.46	2021-06-14	20:29:59
165.8750	20.89	35.00	0.0000	10.46	2021-06-14	20:59:59
165.8958	20.94	35.00	0.0000	10.46	2021-06-14	21:29:59
165.9167	20.97	35.00	0.0000	10.46	2021-06-14	21:59:59
165.9375	20.94	35.00	0.0000	10.46	2021-06-14	22:29:59
165.9583	20.92	35.00	0.0000	10.46	2021-06-14	22:59:59
165.9792	20.89	35.00	0.0000	10.47	2021-06-14	23:29:59
166.0000	20.89	35.00	0.0000	10.46	2021-06-14	23:59:59
166.0208	20.94	35.00	0.0000	10.46	2021-06-15	00:29:59
166.0417	21.02	35.00	0.0000	10.46	2021-06-15	00:59:59
166.0625	21.06	35.00	0.0000	10.46	2021-06-15	01:29:59
166.0833	21.02	35.00	0.0000	10.46	2021-06-15	01:59:59
166.1042	21.02	35.00	0.0000	10.46	2021-06-15	02:29:59
166.1250	20.60	35.00	0.0000	10.46	2021-06-15	02:59:59
166.1458	20.43	35.00	0.0000	10.46	2021-06-15	03:29:59
166.1667	20.33	35.00	0.0000	10.45	2021-06-15	03:59:59
166.1875	20.28	35.00	0.0000	10.45	2021-06-15	04:29:59
166.2083	20.25	35.00	0.0000	10.44	2021-06-15	04:59:59
166.2292	20.28	35.00	0.0000	10.44	2021-06-15	05:29:59
166.2500	20.25	35.00	0.0000	10.44	2021-06-15	05:59:59
166.2708	20.28	35.00	0.0000	10.44	2021-06-15	06:29:59
166.2917	20.23	35.00	0.0000	10.44	2021-06-15	06:59:59
166.3125	20.23	35.00	0.0000	10.44	2021-06-15	07:29:59
166.3333	20.23	35.00	0.0000	10.44	2021-06-15	07:59:59
166.3542	20.23	35.00	0.0000	10.44	2021-06-15	08:29:59
166.3750	20.23	35.00	0.0000	10.44	2021-06-15	08:59:59
166.3958	20.21	35.00	0.0000	10.44	2021-06-15	09:29:59
166.4167	20.21	35.00	0.0000	10.44	2021-06-15	09:59:59
166.4375	20.18	35.00	0.0000	10.43	2021-06-15	10:29:59
166.4583	20.18	35.00	0.0000	10.43	2021-06-15	10:59:59
166.4792	20.21	35.00	0.0000	10.43	2021-06-15	11:29:59
166.5000	20.21	35.00	0.0000	10.43	2021-06-15	11:59:59
166.5208	20.23	35.00	0.0000	10.43	2021-06-15	12:29:59
166.5417	20.28	35.00	0.0000	10.43	2021-06-15	12:59:59
166.5625	20.40	35.00	0.0000	10.43	2021-06-15	13:29:59
166.5833	20.60	35.00	0.0000	10.43	2021-06-15	13:59:59
166.6042	20.70	35.00	0.0000	10.43	2021-06-15	14:29:59
166.6250	20.82	35.00	0.0000	10.44	2021-06-15	14:59:59
166.6458	20.94	35.00	0.0000	10.44	2021-06-15	15:29:59
166.6667	20.62	35.00	0.0000	10.44	2021-06-15	15:59:59
166.6875	20.25	35.00	0.0000	10.43	2021-06-15	16:29:59
166.7083	20.28	35.00	0.0000	10.43	2021-06-15	16:59:59
166.7292	20.28	35.00	0.0000	10.43	2021-06-15	17:29:59
166.7500	20.28	35.00	0.0000	10.43	2021-06-15	17:59:59
166.7708	20.30	35.00	0.0000	10.43	2021-06-15	18:29:59
166.7917	20.38	35.00	0.0000	10.43	2021-06-15	18:59:59
166.8125	20.60	35.00	0.0000	10.43	2021-06-15	19:29:59
166.8333	20.74	35.00	0.0000	10.43	2021-06-15	19:59:59
166.8542	20.84	35.00	0.0000	10.43	2021-06-15	20:29:59
166.8750	20.87	35.00	0.0000	10.43	2021-06-15	20:59:59
166.8958	20.97	35.00	0.0000	10.43	2021-06-15	21:29:59
166.9167	21.06	35.00	0.0000	10.43	2021-06-15	21:59:59
166.9375	21.11	35.00	0.0000	10.43	2021-06-15	22:29:59
166.9583	21.09	35.00	0.0000	10.43	2021-06-15	22:59:59
166.9792	21.02	35.00	0.0000	10.43	2021-06-15	23:29:59
167.0000	20.99	35.00	0.0000	10.43	2021-06-15	23:59:59
167.0208	20.97	35.00	0.0000	10.43	2021-06-16	00:29:59
167.0417	21.06	35.00	0.0000	10.43	2021-06-16	00:59:59
167.0625	21.26	35.00	0.0000	10.43	2021-06-16	01:29:59
167.0833	21.41	35.00	0.0000	10.43	2021-06-16	01:59:59
167.1042	21.51	35.00	0.0000	10.43	2021-06-16	02:29:59
167.1250	21.53	35.00	0.0000	10.43	2021-06-16	02:59:59
167.1458	21.41	35.00	0.0000	10.43	2021-06-16	03:29:59
167.1667	20.50	35.00	0.0000	10.43	2021-06-16	03:59:59
167.1875	20.35	35.00	0.0000	10.43	2021-06-16	04:29:59
167.2083	20.33	35.00	0.0000	10.42	2021-06-16	04:59:59
167.2292	20.21	35.00	0.0000	10.42	2021-06-16	05:29:59
167.2500	20.04	35.00	0.0000	10.42	2021-06-16	05:59:59
167.2708	20.01	35.00	0.0000	10.41	2021-06-16	06:29:59
167.2917	20.06	35.00	0.0000	10.41	2021-06-16	06:59:59
167.3125	20.01	35.00	0.0000	10.41	2021-06-16	07:29:59
167.3333	19.91	35.00	0.0000	10.41	2021-06-16	07:59:59
167.3542	19.87	35.00	0.0000	10.40	2021-06-16	08:29:59
167.3750	19.77	35.00	0.0000	10.40	2021-06-16	08:59:59
167.3958	19.60	35.00	-1.#IND	10.40	2021-06-16	09:29:59
167.4167	19.57	35.00	0.0000	10.40	2021-06-16	09:59:59
167.4375	19.65	35.00	0.0000	10.40	2021-06-16	10:29:59
167.4583	19.72	35.00	0.0000	10.40	2021-06-16	10:59:59
167.4792	19.79	35.00	0.0000	10.39	2021-06-16	11:29:59
167.5000	19.82	35.00	0.0000	10.40	2021-06-16	11:59:59
167.5208	19.84	35.00	0.0000	10.39	2021-06-16	12:29:59
167.5417	19.89	35.00	0.0000	10.39	2021-06-16	12:59:59
167.5625	20.08	35.00	0.0000	10.39	2021-06-16	13:29:59
167.5833	20.33	35.00	0.0000	10.40	2021-06-16	13:59:59
167.6042	20.65	35.00	0.0000	10.40	2021-06-16	14:29:59
167.6250	20.92	35.00	0.0000	10.40	2021-06-16	14:59:59
167.6458	21.14	35.00	0.0000	10.40	2021-06-16	15:29:59
167.6667	21.36	35.00	0.0000	10.41	2021-06-16	15:59:59
167.6875	20.74	35.00	0.0000	10.41	2021-06-16	16:29:59
167.7083	19.38	35.00	0.0000	10.40	2021-06-16	16:59:59
167.7292	19.43	35.00	0.0000	10.40	2021-06-16	17:29:59
167.7500	19.48	35.00	0.0000	10.39	2021-06-16	17:59:59
167.7708	19.74	35.00	0.0000	10.39	2021-06-16	18:29:59
167.7917	20.13	35.00	0.0000	10.39	2021-06-16	18:59:59
167.8125	20.21	35.00	0.0000	10.39	2021-06-16	19:29:59
167.8333	20.28	35.00	0.0000	10.39	2021-06-16	19:59:59
167.8542	20.30	35.00	0.0000	10.39	2021-06-16	20:29:59
167.8750	20.18	35.00	0.0000	10.39	2021-06-16	20:59:59
167.8958	20.08	35.00	0.0000	10.39	2021-06-16	21:29:59
167.9167	20.11	35.00	0.0000	10.39	2021-06-16	21:59:59
167.9375	20.13	35.00	0.0000	10.39	2021-06-16	22:29:59
167.9583	20.23	35.00	0.0000	10.39	2021-06-16	22:59:59
167.9792	20.23	35.00	0.0000	10.39	2021-06-16	23:29:59
168.0000	20.25	35.00	0.0000	10.38	2021-06-16	23:59:59
168.0208	20.33	35.00	0.0000	10.39	2021-06-17	00:29:59
168.0417	20.35	35.00	0.0000	10.39	2021-06-17	00:59:59
168.0625	20.45	35.00	0.0000	10.39	2021-06-17	01:29:59
168.0833	20.57	35.00	0.0000	10.39	2021-06-17	01:59:59
168.1042	20.77	35.00	0.0000	10.39	2021-06-17	02:29:59
168.1250	20.97	35.00	0.0000	10.39	2021-06-17	02:59:59
168.1458	21.04	35.00	0.0000	10.39	2021-06-17	03:29:59
168.1667	21.02	35.00	0.0000	10.39	2021-06-17	03:59:59
168.1875	20.40	35.00	0.0000	10.39	2021-06-17	04:29:59
168.2083	19.79	35.00	0.0000	10.39	2021-06-17	04:59:59
168.2292	19.60	35.00	0.0000	10.38	2021-06-17	05:29:59
168.2500	19.41	35.00	0.0000	10.37	2021-06-17	05:59:59
168.2708	19.26	35.00	0.0000	10.37	2021-06-17	06:29:59
168.2917	19.24	35.00	0.0000	10.36	2021-06-17	06:59:59
168.3125	19.16	35.00	0.0000	10.36	2021-06-17	07:29:59
168.3333	19.24	35.00	0.0000	10.36	2021-06-17	07:59:59
168.3542	19.31	35.00	0.0000	10.35	2021-06-17	08:29:59
168.3750	19.38	35.00	0.0000	10.35	2021-06-17	08:59:59
168.3958	19.36	35.00	0.0000	10.35	2021-06-17	09:29:59
168.4167	19.31	35.00	0.0000	10.35	2021-06-17	09:59:59
168.4375	19.26	35.00	0.0000	10.35	2021-06-17	10:29:59
168.4583	19.26	35.00	0.0000	10.35	2021-06-17	10:59:59
168.4792	19.29	35.00	0.0000	10.35	2021-06-17	11:29:59
168.5000	19.31	35.00	0.0000	10.35	2021-06-17	11:59:59
168.5208	19.29	35.00	0.0000	10.34	2021-06-17	12:29:59
168.5417	19.31	35.00	0.0000	10.35	2021-06-17	12:59:59
168.5625	19.41	35.00	0.0000	10.34	2021-06-17	13:29:59
168.5833	19.70	35.00	0.0000	10.34	2021-06-17	13:59:59
168.6042	20.08	35.00	0.0000	10.34	2021-06-17	14:29:59
168.6250	20.65	35.00	0.0000	10.35	2021-06-17	14:59:59
168.6458	21.11	35.00	0.0000	10.36	2021-06-17	15:29:59
168.6667	21.41	35.00	0.0000	10.36	2021-06-17	15:59:59
168.6875	21.63	35.00	0.0000	10.36	2021-06-17	16:29:59
168.7083	21.41	35.00	0.0000	10.37	2021-06-17	16:59:59
168.7292	19.96	35.00	0.0000	10.37	2021-06-17	17:29:59
168.7500	20.11	35.00	0.0000	10.36	2021-06-17	17:59:59
168.7708	20.21	35.00	0.0000	10.35	2021-06-17	18:29:59
168.7917	20.28	35.00	0.0000	10.35	2021-06-17	18:59:59
168.8125	20.72	35.00	0.0000	10.35	2021-06-17	19:29:59
168.8333	21.04	35.00	0.0000	10.36	2021-06-17	19:59:59
168.8542	21.19	35.00	0.0000	10.36	2021-06-17	20:29:59
168.8750	21.21	35.00	0.0000	10.36	2021-06-17	20:59:59
168.8958	21.21	35.00	0.0000	10.36	2021-06-17	21:29:59
168.9167	21.16	35.00	0.0000	10.36	2021-06-17	21:59:59
168.9375	21.14	35.00	0.0000	10.36	2021-06-17	22:29:59
168.9583	21.16	35.00	0.0000	10.36	2021-06-17	22:59:59
168.9792	21.16	35.00	0.0000	10.36	2021-06-17	23:29:59
169.0000	21.11	35.00	0.0000	10.36	2021-06-17	23:59:59
169.0208	20.99	35.00	0.0000	10.36	2021-06-18	00:29:59
169.0417	20.94	35.00	0.0000	10.35	2021-06-18	00:59:59
169.0625	20.94	35.00	0.0000	10.35	2021-06-18	01:29:59
169.0833	20.89	35.00	0.0000	10.35	2021-06-18	01:59:59
169.1042	20.82	35.00	0.0000	10.35	2021-06-18	02:29:59
169.1250	20.79	35.00	0.0000	10.35	2021-06-18	02:59:59
169.1458	20.89	35.00	0.0000	10.34	2021-06-18	03:29:59
169.1667	20.99	35.00	0.0000	10.35	2021-06-18	03:59:59
169.1875	21.02	35.00	0.0000	10.34	2021-06-18	04:29:59
169.2083	20.99	35.00	0.0000	10.34	2021-06-18	04:59:59
169.2292	20.70	35.00	0.0000	10.34	2021-06-18	05:29:59
169.2500	20.87	35.00	0.0000	10.34	2021-06-18	05:59:59
169.2708	21.02	35.00	0.0000	10.34	2021-06-18	06:29:59
169.2917	20.94	35.00	0.0000	10.33	2021-06-18	06:59:59
169.3125	20.89	35.00	0.0000	10.34	2021-06-18	07:29:59
169.3333	20.82	35.00	0.0000	10.33	2021-06-18	07:59:59
169.3542	20.79	35.00	0.0000	10.33	2021-06-18	08:29:59
169.3750	20.74	35.00	0.0000	10.33	2021-06-18	08:59:59
169.3958	20.60	35.00	0.0000	10.33	2021-06-18	09:29:59
169.4167	20.52	35.00	0.0000	10.32	2021-06-18	09:59:59
169.4375	20.45	35.00	0.0000	10.32	2021-06-18	10:29:59
169.4583	20.43	35.00	0.0000	10.32	2021-06-18	10:59:59
169.4792	20.38	35.00	0.0000	10.32	2021-06-18	11:29:59
169.5000	20.43	35.00	0.0000	10.32	2021-06-18	11:59:59
169.5208	20.52	35.00	0.0000	10.31	2021-06-18	12:29:59
169.5417	20.67	35.00	0.0000	10.31	2021-06-18	12:59:59
169.5625	20.84	35.00	0.0000	10.31	2021-06-18	13:29:59
169.5833	20.99	35.00	0.0000	10.31	2021-06-18	13:59:59
169.6042	21.19	35.00	0.0000	10.31	2021-06-18	14:29:59
169.6250	21.44	35.00	0.0000	10.31	2021-06-18	14:59:59
169.6458	20.60	35.00	0.0000	10.25	2021-06-18	15:29:59