Year Day	Temperature C	SalinityConst	pHConstSal	Battery Voltage	DateStr	TimeStr
221.5521	21.78	35.00	6.0641	10.87	2020-08-08	13:15:00
221.5937	24.68	35.00	7.2411	10.85	2020-08-08	14:14:59
221.6354	24.66	35.00	7.7170	10.87	2020-08-08	15:14:59
221.6771	24.74	35.00	7.8673	10.87	2020-08-08	16:14:59
221.7187	24.97	35.00	7.8639	10.88	2020-08-08	17:14:59
221.7604	25.34	35.00	7.9237	10.89	2020-08-08	18:14:59
221.8021	25.52	35.00	7.9502	10.89	2020-08-08	19:14:59
221.8437	25.66	35.00	7.9722	10.89	2020-08-08	20:14:59
221.8854	25.73	35.00	7.9936	10.90	2020-08-08	21:14:59
221.9271	25.79	35.00	7.9834	10.90	2020-08-08	22:14:59
221.9687	25.71	35.00	7.9476	10.90	2020-08-08	23:14:59
222.0104	25.63	35.00	7.8899	10.90	2020-08-09	00:14:59
222.0521	25.60	35.00	7.7296	10.90	2020-08-09	01:14:59
222.0937	25.52	35.00	7.5043	10.90	2020-08-09	02:14:59
222.1354	25.47	35.00	7.4284	10.90	2020-08-09	03:14:59
222.1771	24.95	35.00	7.8677	10.89	2020-08-09	04:14:59
222.2187	24.89	35.00	7.8922	10.89	2020-08-09	05:14:59
222.2604	24.84	35.00	7.8780	10.89	2020-08-09	06:14:59
222.3021	24.79	35.00	7.8744	10.89	2020-08-09	07:14:59
222.3437	24.68	35.00	7.8592	10.89	2020-08-09	08:14:59
222.3854	24.55	35.00	7.8474	10.88	2020-08-09	09:14:59
222.4271	24.53	35.00	7.8159	10.88	2020-08-09	10:14:59
222.4687	24.55	35.00	7.8258	10.88	2020-08-09	11:14:59
222.5104	24.63	35.00	7.7971	10.88	2020-08-09	12:14:59
222.5521	24.68	35.00	7.7055	10.88	2020-08-09	13:14:59
222.5937	24.95	35.00	7.4324	10.88	2020-08-09	14:14:59
222.6354	25.15	35.00	7.3147	10.88	2020-08-09	15:14:59
222.6771	25.31	35.00	7.8634	10.89	2020-08-09	16:14:59
222.7187	25.71	35.00	7.9314	10.89	2020-08-09	17:14:59
222.7604	26.00	35.00	7.9429	10.89	2020-08-09	18:14:59
222.8021	26.21	35.00	7.9475	10.89	2020-08-09	19:14:59
222.8437	26.21	35.00	7.9407	10.89	2020-08-09	20:14:59
222.8854	26.27	35.00	7.9451	10.89	2020-08-09	21:14:59
222.9271	26.32	35.00	7.9317	10.89	2020-08-09	22:14:59
222.9687	26.24	35.00	7.9382	10.89	2020-08-09	23:14:59
223.0104	26.24	35.00	7.9182	10.89	2020-08-10	00:14:59
223.0521	26.21	35.00	7.8624	10.89	2020-08-10	01:14:59
223.0937	26.16	35.00	7.7106	10.89	2020-08-10	02:14:59
223.1354	26.08	35.00	7.4992	10.89	2020-08-10	03:14:59
223.1771	26.03	35.00	7.4860	10.88	2020-08-10	04:14:59
223.2187	25.66	35.00	7.7963	10.88	2020-08-10	05:14:59
223.2604	25.58	35.00	7.8139	10.88	2020-08-10	06:14:59
223.3021	25.63	35.00	7.8195	10.87	2020-08-10	07:14:59
223.3437	25.58	35.00	7.8176	10.88	2020-08-10	08:14:59
223.3854	25.50	35.00	7.8283	10.87	2020-08-10	09:14:59
223.4271	25.34	35.00	7.8202	10.87	2020-08-10	10:14:59
223.4687	25.36	35.00	7.8120	10.87	2020-08-10	11:14:59
223.5104	25.47	35.00	7.7817	10.87	2020-08-10	12:14:59
223.5521	25.50	35.00	7.7399	10.87	2020-08-10	13:14:59
223.5937	25.55	35.00	7.6201	10.87	2020-08-10	14:14:59
223.6354	25.87	35.00	7.4130	10.87	2020-08-10	15:14:59
223.6771	25.95	35.00	7.4476	10.87	2020-08-10	16:14:59
223.7187	26.56	35.00	7.9158	10.87	2020-08-10	17:14:59
223.7604	26.78	35.00	7.9254	10.87	2020-08-10	18:14:59
223.8021	26.89	35.00	7.9273	10.87	2020-08-10	19:14:59
223.8437	26.91	35.00	7.9050	10.88	2020-08-10	20:14:59
223.8854	26.83	35.00	7.8906	10.87	2020-08-10	21:14:59
223.9271	26.86	35.00	7.8803	10.87	2020-08-10	22:14:59
223.9687	26.86	35.00	7.8856	10.87	2020-08-10	23:14:59
224.0104	26.75	35.00	7.8699	10.87	2020-08-11	00:14:59
224.0521	26.80	35.00	7.8427	10.87	2020-08-11	01:14:59
224.0937	26.89	35.00	7.7880	10.88	2020-08-11	02:14:59
224.1354	26.89	35.00	7.6163	10.87	2020-08-11	03:14:59
224.1771	26.80	35.00	7.4465	10.87	2020-08-11	04:14:59
224.2187	26.48	35.00	7.6732	10.87	2020-08-11	05:14:59
224.2604	26.27	35.00	7.7931	10.86	2020-08-11	06:14:59
224.3021	26.27	35.00	7.7895	10.86	2020-08-11	07:14:59
224.3437	26.24	35.00	7.7732	10.86	2020-08-11	08:14:59
224.3854	26.16	35.00	7.8874	10.85	2020-08-11	09:14:59
224.4271	26.16	35.00	7.8735	10.85	2020-08-11	10:14:59
224.4687	26.13	35.00	7.8785	10.85	2020-08-11	11:14:59
224.5104	26.08	35.00	7.8580	10.85	2020-08-11	12:14:59
224.5521	26.16	35.00	7.7967	10.85	2020-08-11	13:14:59
224.5937	26.35	35.00	7.7425	10.85	2020-08-11	14:14:59
224.6354	26.64	35.00	7.5966	10.85	2020-08-11	15:14:59
224.6771	26.97	35.00	7.4671	10.85	2020-08-11	16:14:59
224.7187	26.94	35.00	7.8068	10.85	2020-08-11	17:14:59
224.7604	27.46	35.00	7.9073	10.85	2020-08-11	18:14:59
224.8021	27.54	35.00	7.9236	10.86	2020-08-11	19:14:59
224.8437	27.51	35.00	7.8947	10.86	2020-08-11	20:14:59
224.8854	27.43	35.00	7.8864	10.85	2020-08-11	21:14:59
224.9271	27.43	35.00	7.8817	10.85	2020-08-11	22:14:59
224.9687	27.46	35.00	7.8729	10.85	2020-08-11	23:14:59
225.0104	27.40	35.00	7.8659	10.85	2020-08-12	00:14:59
225.0521	27.26	35.00	7.8547	10.85	2020-08-12	01:14:59
225.0937	27.29	35.00	7.8191	10.85	2020-08-12	02:14:59
225.1354	27.35	35.00	7.7285	10.85	2020-08-12	03:14:59
225.1771	27.40	35.00	7.5466	10.85	2020-08-12	04:14:59
225.2187	27.37	35.00	7.4140	10.85	2020-08-12	05:14:59
225.2604	27.05	35.00	7.7133	10.84	2020-08-12	06:14:59
225.3021	26.86	35.00	7.7860	10.84	2020-08-12	07:14:59
225.3437	26.83	35.00	7.7897	10.84	2020-08-12	08:14:59
225.3854	26.83	35.00	7.7952	10.84	2020-08-12	09:14:59
225.4271	26.72	35.00	7.8120	10.83	2020-08-12	10:14:59
225.4687	26.64	35.00	7.8063	10.83	2020-08-12	11:14:59
225.5104	26.62	35.00	7.7969	10.83	2020-08-12	12:14:59
225.5521	26.64	35.00	7.7870	10.83	2020-08-12	13:14:59
225.5937	26.70	35.00	7.7597	10.83	2020-08-12	14:14:59
225.6354	26.83	35.00	7.6871	10.83	2020-08-12	15:14:59
225.6771	27.13	35.00	7.5077	10.83	2020-08-12	16:14:59
225.7187	27.35	35.00	7.4464	10.83	2020-08-12	17:14:59
225.7604	27.26	35.00	7.8256	10.83	2020-08-12	18:14:59
225.8021	27.73	35.00	7.8538	10.83	2020-08-12	19:14:59
225.8437	27.84	35.00	7.9068	10.84	2020-08-12	20:14:59
225.8854	27.78	35.00	7.9029	10.84	2020-08-12	21:14:59
225.9271	27.67	35.00	7.8631	10.84	2020-08-12	22:14:59
225.9687	27.54	35.00	7.8700	10.83	2020-08-12	23:14:59
226.0104	27.54	35.00	7.8580	10.83	2020-08-13	00:14:59
226.0521	27.48	35.00	7.8503	10.83	2020-08-13	01:14:59
226.0937	27.48	35.00	7.8424	10.83	2020-08-13	02:14:59
226.1354	27.56	35.00	7.7787	10.83	2020-08-13	03:14:59
226.1771	27.59	35.00	7.6405	10.84	2020-08-13	04:14:59
226.2187	27.62	35.00	7.4109	10.83	2020-08-13	05:14:59
226.2604	27.62	35.00	7.2652	10.83	2020-08-13	06:14:59
226.3021	27.16	35.00	7.6991	10.83	2020-08-13	07:14:59
226.3437	27.10	35.00	7.7565	10.82	2020-08-13	08:14:59
226.3854	27.10	35.00	7.8062	10.82	2020-08-13	09:14:59
226.4271	27.05	35.00	7.8041	10.82	2020-08-13	10:14:59
226.4687	26.94	35.00	7.7593	10.81	2020-08-13	11:14:59
226.5104	26.94	35.00	7.7314	10.81	2020-08-13	12:14:59
226.5521	27.07	35.00	7.7288	10.81	2020-08-13	13:14:59
226.5937	27.16	35.00	7.7576	10.81	2020-08-13	14:14:59
226.6354	27.29	35.00	7.7705	10.81	2020-08-13	15:14:59
226.6771	27.51	35.00	7.6660	10.82	2020-08-13	16:14:59
226.7187	27.95	35.00	7.4971	10.82	2020-08-13	17:14:59
226.7604	27.56	35.00	7.7128	10.82	2020-08-13	18:14:59
226.8021	26.64	35.00	7.8297	10.81	2020-08-13	19:14:59
226.8437	26.72	35.00	7.8364	10.80	2020-08-13	20:14:59
226.8854	26.72	35.00	7.8678	10.80	2020-08-13	21:14:59
226.9271	26.94	35.00	7.9457	10.80	2020-08-13	22:14:59
226.9687	26.70	35.00	7.9391	10.80	2020-08-13	23:14:59
227.0104	26.45	35.00	7.9172	10.80	2020-08-14	00:14:59
227.0521	26.32	35.00	7.8903	10.79	2020-08-14	01:14:59
227.0937	26.37	35.00	7.8878	10.79	2020-08-14	02:14:59
227.1354	26.53	35.00	7.8780	10.80	2020-08-14	03:14:59
227.1771	26.67	35.00	7.8000	10.80	2020-08-14	04:14:59
227.2187	26.80	35.00	7.5937	10.80	2020-08-14	05:14:59
227.2604	27.05	35.00	7.3315	10.80	2020-08-14	06:14:59
227.3021	27.10	35.00	7.2411	10.80	2020-08-14	07:14:59
227.3437	26.29	35.00	7.7746	10.79	2020-08-14	08:14:59
227.3854	26.13	35.00	7.7980	10.78	2020-08-14	09:14:59
227.4271	26.05	35.00	7.7819	10.78	2020-08-14	10:14:59
227.4687	25.97	35.00	7.7665	10.78	2020-08-14	11:14:59
227.5104	25.97	35.00	7.7589	10.78	2020-08-14	12:14:59
227.5521	25.97	35.00	7.7697	10.78	2020-08-14	13:14:59
227.5937	26.08	35.00	7.7765	10.78	2020-08-14	14:14:59
227.6354	26.29	35.00	7.7750	10.78	2020-08-14	15:14:59
227.6771	26.59	35.00	7.7661	10.78	2020-08-14	16:14:59
227.7187	26.91	35.00	7.7209	10.78	2020-08-14	17:14:59
227.7604	27.37	35.00	7.5967	10.78	2020-08-14	18:14:59
227.8021	27.35	35.00	7.6177	10.79	2020-08-14	19:14:59
227.8437	27.07	35.00	7.8848	10.79	2020-08-14	20:14:59
227.8854	26.91	35.00	7.8957	10.78	2020-08-14	21:14:59
227.9271	26.99	35.00	7.9460	10.78	2020-08-14	22:14:59
227.9687	26.89	35.00	7.9726	10.78	2020-08-14	23:14:59
228.0104	26.75	35.00	7.9335	10.78	2020-08-15	00:14:59
228.0521	26.62	35.00	7.9095	10.77	2020-08-15	01:14:59
228.0937	26.48	35.00	7.8958	10.77	2020-08-15	02:14:59
228.1354	26.43	35.00	7.8799	10.77	2020-08-15	03:14:59
228.1771	26.37	35.00	7.8697	10.77	2020-08-15	04:14:59
228.2187	26.24	35.00	7.7966	10.77	2020-08-15	05:14:59
228.2604	26.08	35.00	7.6359	10.77	2020-08-15	06:14:59
228.3021	26.08	35.00	7.4376	10.76	2020-08-15	07:14:59
228.3437	26.05	35.00	7.2841	10.76	2020-08-15	08:14:59
228.3854	25.76	35.00	7.7965	10.76	2020-08-15	09:14:59
228.4271	25.50	35.00	7.8001	10.75	2020-08-15	10:14:59
228.4687	25.47	35.00	7.7935	10.75	2020-08-15	11:14:59
228.5104	25.50	35.00	7.7903	10.75	2020-08-15	12:14:59
228.5521	25.55	35.00	7.8196	10.75	2020-08-15	13:14:59
228.5937	25.52	35.00	7.8450	10.74	2020-08-15	14:14:59
228.6354	25.55	35.00	7.8601	10.74	2020-08-15	15:14:59
228.6771	25.58	35.00	7.8339	10.74	2020-08-15	16:14:59
228.7187	25.52	35.00	7.7973	10.74	2020-08-15	17:14:59
228.7604	25.52	35.00	7.7243	10.74	2020-08-15	18:14:59
228.8021	25.58	35.00	7.6027	10.74	2020-08-15	19:14:59
228.8437	25.44	35.00	7.9033	10.74	2020-08-15	20:14:59
228.8854	25.29	35.00	7.9027	10.74	2020-08-15	21:14:59
228.9271	25.18	35.00	7.9201	10.73	2020-08-15	22:14:59
228.9687	25.10	35.00	7.9159	10.73	2020-08-15	23:14:59
229.0104	25.00	35.00	7.8943	10.73	2020-08-16	00:14:59
229.0521	24.87	35.00	7.8478	10.73	2020-08-16	01:14:59
229.0937	24.63	35.00	7.8358	10.72	2020-08-16	02:14:59
229.1354	24.53	35.00	7.8209	10.72	2020-08-16	03:14:59
229.1771	24.53	35.00	7.8134	10.72	2020-08-16	04:14:59
229.2187	24.55	35.00	7.8019	10.72	2020-08-16	05:14:59
229.2604	24.35	35.00	7.7124	10.72	2020-08-16	06:14:59
229.3021	24.19	35.00	7.5379	10.72	2020-08-16	07:14:59
229.3437	24.11	35.00	7.3320	10.71	2020-08-16	08:14:59
229.3854	24.06	35.00	7.1751	10.70	2020-08-16	09:14:59
229.4271	24.01	35.00	7.6489	10.70	2020-08-16	10:14:59
229.4687	23.91	35.00	7.7300	10.70	2020-08-16	11:14:59
229.5104	23.86	35.00	7.7012	10.70	2020-08-16	12:14:59
229.5521	23.88	35.00	7.7351	10.70	2020-08-16	13:14:59
229.5937	23.86	35.00	7.7528	10.70	2020-08-16	14:14:59
229.6354	23.81	35.00	7.7513	10.69	2020-08-16	15:14:59
229.6771	23.83	35.00	7.7662	10.69	2020-08-16	16:14:59
229.7187	23.86	35.00	7.7509	10.69	2020-08-16	17:14:59
229.7604	23.91	35.00	7.7054	10.69	2020-08-16	18:14:59
229.8021	23.86	35.00	7.5792	10.69	2020-08-16	19:14:59
229.8437	23.83	35.00	7.4059	10.69	2020-08-16	20:14:59
229.8854	23.57	35.00	7.8530	10.69	2020-08-16	21:14:59
229.9271	23.55	35.00	7.8992	10.69	2020-08-16	22:14:59
229.9687	23.45	35.00	7.8808	10.68	2020-08-16	23:14:59
230.0104	23.34	35.00	7.8501	10.68	2020-08-17	00:14:59
230.0521	23.22	35.00	7.8407	10.68	2020-08-17	01:14:59
230.0937	22.99	35.00	7.8238	10.67	2020-08-17	02:14:59
230.1354	22.76	35.00	7.8139	10.67	2020-08-17	03:14:59
230.1771	22.61	35.00	7.8119	10.66	2020-08-17	04:14:59
230.2187	22.58	35.00	7.7937	10.66	2020-08-17	05:14:59
230.2604	22.56	35.00	7.7568	10.66	2020-08-17	06:14:59
230.3021	22.26	35.00	7.6493	10.66	2020-08-17	07:14:59
230.3437	22.08	35.00	7.4972	10.66	2020-08-17	08:14:59
230.3854	22.03	35.00	7.2974	10.65	2020-08-17	09:14:59
230.4271	21.98	35.00	7.1775	10.65	2020-08-17	10:14:59
230.4687	21.58	35.00	7.7136	10.64	2020-08-17	11:14:59
230.5104	21.58	35.00	7.7365	10.64	2020-08-17	12:14:59
230.5521	21.36	35.00	7.7467	10.63	2020-08-17	13:14:59
230.5937	21.48	35.00	7.7777	10.63	2020-08-17	14:14:59
230.6354	21.63	35.00	7.8053	10.63	2020-08-17	15:14:59
230.6771	21.68	35.00	7.8185	10.63	2020-08-17	16:14:59
230.7187	21.86	35.00	7.8124	10.63	2020-08-17	17:14:59
230.7604	21.98	35.00	7.8010	10.63	2020-08-17	18:14:59
230.8021	22.11	35.00	7.7449	10.63	2020-08-17	19:14:59
230.8437	22.43	35.00	7.5263	10.63	2020-08-17	20:14:59
230.8854	22.61	35.00	7.3819	10.63	2020-08-17	21:14:59
230.9271	22.79	35.00	7.8973	10.64	2020-08-17	22:14:59
230.9687	22.89	35.00	7.9257	10.64	2020-08-17	23:14:59
231.0104	22.74	35.00	7.9287	10.64	2020-08-18	00:14:59
231.0521	22.61	35.00	7.9250	10.63	2020-08-18	01:14:59
231.0937	22.48	35.00	7.9138	10.63	2020-08-18	02:14:59
231.1354	22.38	35.00	7.9044	10.63	2020-08-18	03:14:59
231.1771	22.36	35.00	7.8886	10.63	2020-08-18	04:14:59
231.2187	22.31	35.00	7.8807	10.62	2020-08-18	05:14:59
231.2604	22.28	35.00	7.8799	10.62	2020-08-18	06:14:59
231.3021	22.21	35.00	7.8402	10.63	2020-08-18	07:14:59
231.3437	21.98	35.00	7.6926	10.62	2020-08-18	08:14:59
231.3854	21.86	35.00	7.5164	10.62	2020-08-18	09:14:59
231.4271	21.78	35.00	7.3480	10.61	2020-08-18	10:14:59
231.4687	21.73	35.00	7.2201	10.61	2020-08-18	11:14:59
231.5104	21.91	35.00	7.7700	10.61	2020-08-18	12:14:59
231.5521	22.16	35.00	7.8758	10.61	2020-08-18	13:14:59
231.5937	22.36	35.00	7.9021	10.61	2020-08-18	14:14:59
231.6354	22.58	35.00	7.9388	10.61	2020-08-18	15:14:59
231.6771	22.79	35.00	7.9859	10.62	2020-08-18	16:14:59
231.7187	22.91	35.00	7.9723	10.62	2020-08-18	17:14:59
231.7604	23.37	35.00	8.0149	10.62	2020-08-18	18:14:59
231.8021	23.65	35.00	7.9832	10.62	2020-08-18	19:14:59
231.8437	24.22	35.00	7.8942	10.63	2020-08-18	20:14:59
231.8854	24.63	35.00	7.6351	10.63	2020-08-18	21:14:59
231.9271	24.58	35.00	7.4398	10.64	2020-08-18	22:14:59
231.9687	23.91	35.00	7.8965	10.64	2020-08-18	23:14:59
232.0104	23.55	35.00	7.8993	10.63	2020-08-19	00:14:59
232.0521	23.42	35.00	7.9033	10.62	2020-08-19	01:14:59
232.0937	23.42	35.00	7.9113	10.62	2020-08-19	02:14:59
232.1354	23.42	35.00	7.9292	10.62	2020-08-19	03:14:59
232.1771	23.34	35.00	7.9169	10.62	2020-08-19	04:14:59
232.2187	23.27	35.00	7.9342	10.61	2020-08-19	05:14:59
232.2604	23.22	35.00	7.9172	10.61	2020-08-19	06:14:59
232.3021	23.19	35.00	7.8886	10.61	2020-08-19	07:14:59
232.3437	23.04	35.00	7.8054	10.61	2020-08-19	08:14:59
232.3854	22.81	35.00	7.6060	10.61	2020-08-19	09:14:59
232.4271	22.76	35.00	7.3861	10.60	2020-08-19	10:14:59
232.4687	22.81	35.00	7.2210	10.60	2020-08-19	11:14:59
232.5104	22.86	35.00	7.1452	10.60	2020-08-19	12:14:59
232.5521	22.48	35.00	7.8675	10.59	2020-08-19	13:14:59
232.5937	22.71	35.00	7.9082	10.59	2020-08-19	14:14:59
232.6354	23.01	35.00	7.9244	10.59	2020-08-19	15:14:59
232.6771	23.17	35.00	7.9503	10.59	2020-08-19	16:14:59
232.7187	23.47	35.00	7.9518	10.59	2020-08-19	17:14:59
232.7604	23.50	35.00	7.9605	10.59	2020-08-19	18:14:59
232.8021	23.52	35.00	7.9459	10.60	2020-08-19	19:14:59
232.8437	23.55	35.00	7.9336	10.60	2020-08-19	20:14:59
232.8854	23.81	35.00	7.8288	10.60	2020-08-19	21:14:59
232.9271	23.99	35.00	7.5714	10.60	2020-08-19	22:14:59
232.9687	24.06	35.00	7.3533	10.60	2020-08-19	23:14:59
233.0104	23.12	35.00	7.9689	10.60	2020-08-20	00:14:59
233.0521	22.69	35.00	8.0344	10.59	2020-08-20	01:14:59
233.0937	22.69	35.00	7.9546	10.58	2020-08-20	02:14:59
233.1354	22.71	35.00	7.9799	10.58	2020-08-20	03:14:59
233.1771	22.69	35.00	7.9389	10.57	2020-08-20	04:14:59
233.2187	22.58	35.00	7.9549	10.57	2020-08-20	05:14:59
233.2604	22.64	35.00	7.9243	10.57	2020-08-20	06:14:59
233.3021	22.56	35.00	7.9300	10.57	2020-08-20	07:14:59
233.3437	22.38	35.00	7.9058	10.57	2020-08-20	08:14:59
233.3854	22.13	35.00	7.8067	10.57	2020-08-20	09:14:59
233.4271	21.88	35.00	7.6501	10.57	2020-08-20	10:14:59
233.4687	21.93	35.00	7.4095	10.55	2020-08-20	11:14:59
233.5104	22.06	35.00	7.2297	10.55	2020-08-20	12:14:59
233.5521	22.11	35.00	7.6098	10.55	2020-08-20	13:14:59
233.5937	22.21	35.00	8.2516	10.55	2020-08-20	14:14:59
233.6354	22.53	35.00	8.0568	10.55	2020-08-20	15:14:59
233.6771	22.81	35.00	7.9940	10.55	2020-08-20	16:14:59
233.7187	23.04	35.00	8.0047	10.56	2020-08-20	17:14:59
233.7604	23.17	35.00	8.0131	10.56	2020-08-20	18:14:59
233.8021	23.27	35.00	8.0217	10.57	2020-08-20	19:14:59
233.8437	23.60	35.00	7.9995	10.57	2020-08-20	20:14:59
233.8854	23.81	35.00	7.9905	10.57	2020-08-20	21:14:59
233.9271	24.30	35.00	7.8578	10.58	2020-08-20	22:14:59
233.9687	24.30	35.00	7.6296	10.58	2020-08-20	23:14:59
234.0104	24.24	35.00	7.4450	10.58	2020-08-21	00:14:59
234.0521	22.96	35.00	7.9379	10.57	2020-08-21	01:14:59
234.0937	22.53	35.00	7.9851	10.55	2020-08-21	02:14:59
234.1354	22.41	35.00	7.9731	10.55	2020-08-21	03:14:59
234.1771	22.31	35.00	7.9365	10.54	2020-08-21	04:14:59
234.2187	22.16	35.00	7.9479	10.54	2020-08-21	05:14:59
234.2604	21.88	35.00	7.9393	10.53	2020-08-21	06:14:59
234.3021	21.83	35.00	7.9293	10.53	2020-08-21	07:14:59
234.3437	21.83	35.00	7.9306	10.53	2020-08-21	08:14:59
234.3854	21.91	35.00	7.8820	10.52	2020-08-21	09:14:59
234.4271	21.78	35.00	7.7894	10.52	2020-08-21	10:14:59
234.4687	21.83	35.00	7.6216	10.52	2020-08-21	11:14:59
234.5104	22.08	35.00	7.3987	10.52	2020-08-21	12:14:59
234.5521	22.33	35.00	7.2388	10.52	2020-08-21	13:14:59
234.5937	22.41	35.00	7.8611	10.52	2020-08-21	14:14:59
234.6354	22.58	35.00	7.9286	10.53	2020-08-21	15:14:59
234.6771	22.89	35.00	7.9659	10.53	2020-08-21	16:14:59
234.7187	23.22	35.00	7.9858	10.53	2020-08-21	17:14:59
234.7604	23.47	35.00	8.0259	10.54	2020-08-21	18:14:59
234.8021	23.60	35.00	7.9702	10.54	2020-08-21	19:14:59
234.8437	23.78	35.00	7.9662	10.54	2020-08-21	20:14:59
234.8854	23.88	35.00	8.0039	10.54	2020-08-21	21:14:59
234.9271	24.14	35.00	7.9387	10.54	2020-08-21	22:14:59
234.9687	24.48	35.00	7.8330	10.55	2020-08-21	23:14:59
235.0104	24.37	35.00	7.6666	10.55	2020-08-22	00:14:59
235.0521	24.35	35.00	7.4871	10.55	2020-08-22	01:14:59
235.0937	23.57	35.00	7.8111	10.54	2020-08-22	02:14:59
235.1354	23.55	35.00	7.9274	10.54	2020-08-22	03:14:59
235.1771	23.60	35.00	7.9176	10.54	2020-08-22	04:14:59
235.2187	23.45	35.00	7.9452	10.53	2020-08-22	05:14:59
235.2604	23.32	35.00	7.9399	10.53	2020-08-22	06:14:59
235.3021	23.32	35.00	7.9460	10.52	2020-08-22	07:14:59
235.3437	23.29	35.00	7.9408	10.52	2020-08-22	08:14:59
235.3854	23.24	35.00	7.9226	10.52	2020-08-22	09:14:59
235.4271	23.17	35.00	7.8739	10.52	2020-08-22	10:14:59
235.4687	23.04	35.00	7.7354	10.51	2020-08-22	11:14:59
235.5104	23.07	35.00	7.5557	10.51	2020-08-22	12:14:59
235.5521	23.24	35.00	7.3236	10.51	2020-08-22	13:14:59
235.5937	23.42	35.00	7.2252	10.51	2020-08-22	14:14:59
235.6354	23.65	35.00	7.8876	10.52	2020-08-22	15:14:59
235.6771	23.57	35.00	7.9184	10.52	2020-08-22	16:14:59
235.7187	23.75	35.00	7.9281	10.52	2020-08-22	17:14:59
235.7604	23.96	35.00	7.9340	10.52	2020-08-22	18:14:59
235.8021	24.19	35.00	7.9466	10.52	2020-08-22	19:14:59
235.8437	24.37	35.00	7.9471	10.52	2020-08-22	20:14:59
235.8854	24.40	35.00	7.9530	10.52	2020-08-22	21:14:59
235.9271	24.37	35.00	7.9331	10.52	2020-08-22	22:14:59
235.9687	24.68	35.00	7.8568	10.52	2020-08-22	23:14:59
236.0104	25.00	35.00	7.7090	10.52	2020-08-23	00:14:59
236.0521	25.02	35.00	7.5117	10.53	2020-08-23	01:14:59
236.0937	25.00	35.00	7.3362	10.53	2020-08-23	02:14:59
236.1354	23.81	35.00	7.8149	10.53	2020-08-23	03:14:59
236.1771	23.55	35.00	7.8761	10.51	2020-08-23	04:14:59
236.2187	23.40	35.00	7.8875	10.50	2020-08-23	05:14:59
236.2604	23.22	35.00	7.8688	10.50	2020-08-23	06:14:59
236.3021	23.27	35.00	7.8481	10.50	2020-08-23	07:14:59
236.3437	23.17	35.00	7.8297	10.49	2020-08-23	08:14:59
236.3854	23.17	35.00	7.8188	10.49	2020-08-23	09:14:59
236.4271	23.09	35.00	7.8192	10.49	2020-08-23	10:14:59
236.4687	23.07	35.00	7.7747	10.48	2020-08-23	11:14:59
236.5104	23.04	35.00	7.6566	10.48	2020-08-23	12:14:59
236.5521	23.37	35.00	7.4702	10.48	2020-08-23	13:14:59
236.5937	23.86	35.00	7.2343	10.49	2020-08-23	14:14:59
236.6354	24.09	35.00	7.1918	10.49	2020-08-23	15:14:59
236.6771	24.04	35.00	7.8499	10.49	2020-08-23	16:14:59
236.7187	23.99	35.00	7.9086	10.49	2020-08-23	17:14:59
236.7604	24.30	35.00	7.9189	10.49	2020-08-23	18:14:59
236.8021	24.76	35.00	7.9449	10.50	2020-08-23	19:14:59
236.8437	24.71	35.00	7.9261	10.50	2020-08-23	20:14:59
236.8854	24.53	35.00	7.9052	10.50	2020-08-23	21:14:59
236.9271	24.68	35.00	7.9172	10.50	2020-08-23	22:14:59
236.9687	24.87	35.00	7.9046	10.50	2020-08-23	23:14:59
237.0104	25.08	35.00	7.8335	10.50	2020-08-24	00:14:59
237.0521	25.21	35.00	7.6754	10.50	2020-08-24	01:14:59
237.0937	25.31	35.00	7.4431	10.50	2020-08-24	02:14:59
237.1354	25.36	35.00	7.2583	10.50	2020-08-24	03:14:59
237.1771	24.17	35.00	7.7676	10.50	2020-08-24	04:14:59
237.2187	24.09	35.00	7.8822	10.48	2020-08-24	05:14:59
237.2604	24.17	35.00	7.8857	10.48	2020-08-24	06:14:59
237.3021	24.37	35.00	7.8952	10.48	2020-08-24	07:14:59
237.3437	24.04	35.00	7.8956	10.47	2020-08-24	08:14:59
237.3854	23.88	35.00	7.8970	10.47	2020-08-24	09:14:59
237.4271	23.86	35.00	7.8902	10.47	2020-08-24	10:14:59
237.4687	23.99	35.00	7.8649	10.47	2020-08-24	11:14:59
237.5104	24.17	35.00	7.8106	10.47	2020-08-24	12:14:59
237.5521	24.27	35.00	7.6794	10.46	2020-08-24	13:14:59
237.5937	24.58	35.00	7.4545	10.46	2020-08-24	14:14:59
237.6354	25.00	35.00	7.2452	10.47	2020-08-24	15:14:59
237.6771	24.53	35.00	7.8518	10.47	2020-08-24	16:14:59
237.7187	25.08	35.00	7.9118	10.47	2020-08-24	17:14:59
237.7604	25.39	35.00	7.9303	10.47	2020-08-24	18:14:59
237.8021	25.36	35.00	7.9355	10.48	2020-08-24	19:14:59
237.8437	25.52	35.00	7.9328	10.48	2020-08-24	20:14:59
237.8854	25.47	35.00	7.9360	10.48	2020-08-24	21:14:59
237.9271	25.29	35.00	7.9465	10.48	2020-08-24	22:14:59
237.9687	25.36	35.00	7.9403	10.47	2020-08-24	23:14:59
238.0104	25.44	35.00	7.9073	10.47	2020-08-25	00:14:59
238.0521	25.52	35.00	7.7884	10.47	2020-08-25	01:14:59
238.0937	25.55	35.00	7.6403	10.47	2020-08-25	02:14:59
238.1354	25.60	35.00	7.4176	10.46	2020-08-25	03:14:59
238.1771	25.66	35.00	7.2367	10.47	2020-08-25	04:14:59
238.2187	24.81	35.00	7.7556	10.47	2020-08-25	05:14:59
238.2604	24.63	35.00	7.8613	10.46	2020-08-25	06:14:59
238.3021	24.58	35.00	7.8655	10.45	2020-08-25	07:14:59
238.3437	24.53	35.00	7.8791	10.44	2020-08-25	08:14:59
238.3854	24.22	35.00	7.8782	10.44	2020-08-25	09:14:59
238.4271	23.91	35.00	7.8771	10.43	2020-08-25	10:14:59
238.4687	23.91	35.00	7.8700	10.43	2020-08-25	11:14:59
238.5104	24.11	35.00	7.8739	10.43	2020-08-25	12:14:59
238.5521	24.53	35.00	7.8149	10.43	2020-08-25	13:14:59
238.5937	24.89	35.00	7.6967	10.43	2020-08-25	14:14:59
238.6354	25.42	35.00	7.5217	10.43	2020-08-25	15:14:59
238.6771	25.81	35.00	7.3593	10.44	2020-08-25	16:14:59
238.7187	25.52	35.00	7.8630	10.44	2020-08-25	17:14:59
238.7604	26.11	35.00	7.8782	10.44	2020-08-25	18:14:59
238.8021	26.11	35.00	7.8968	10.45	2020-08-25	19:14:59
238.8437	25.97	35.00	7.9166	10.45	2020-08-25	20:14:59
238.8854	26.03	35.00	7.9203	10.44	2020-08-25	21:14:59
238.9271	25.81	35.00	7.9240	10.44	2020-08-25	22:14:59
238.9687	25.63	35.00	7.9309	10.44	2020-08-25	23:14:59
239.0104	25.66	35.00	7.9098	10.44	2020-08-26	00:14:59
239.0521	25.76	35.00	7.8794	10.43	2020-08-26	01:14:59
239.0937	25.81	35.00	7.7743	10.43	2020-08-26	02:14:59
239.1354	25.68	35.00	7.6108	10.42	2020-08-26	03:14:59
239.1771	25.58	35.00	7.3924	10.42	2020-08-26	04:14:59
239.2187	25.44	35.00	7.2756	10.42	2020-08-26	05:14:59
239.2604	25.31	35.00	7.2000	10.42	2020-08-26	06:14:59
239.3021	22.79	35.00	7.8267	10.40	2020-08-26	07:14:59
239.3437	22.74	35.00	7.8417	10.37	2020-08-26	08:14:59
239.3854	22.58	35.00	7.8388	10.36	2020-08-26	09:14:59
239.4271	22.51	35.00	7.8026	10.36	2020-08-26	10:14:59
239.4687	22.66	35.00	7.7609	10.36	2020-08-26	11:14:59
239.5104	22.53	35.00	7.7808	10.35	2020-08-26	12:14:59
239.5521	22.46	35.00	7.7805	10.35	2020-08-26	13:14:59
239.5937	22.46	35.00	7.7906	10.34	2020-08-26	14:14:59
239.6354	22.69	35.00	7.7054	10.34	2020-08-26	15:14:59
239.6771	23.37	35.00	7.5020	10.35	2020-08-26	16:14:59
239.7187	23.55	35.00	7.4510	10.36	2020-08-26	17:14:59
239.7604	22.66	35.00	7.9110	10.35	2020-08-26	18:14:59
239.8021	22.58	35.00	7.9537	10.35	2020-08-26	19:14:59
239.8437	22.81	35.00	7.9751	10.34	2020-08-26	20:14:59
239.8854	22.99	35.00	7.9902	10.34	2020-08-26	21:14:59
239.9271	23.04	35.00	8.0201	10.34	2020-08-26	22:14:59
239.9687	22.76	35.00	7.9982	10.34	2020-08-26	23:14:59
240.0104	22.58	35.00	7.9769	10.34	2020-08-27	00:14:59
240.0521	22.53	35.00	7.9711	10.33	2020-08-27	01:14:59
240.0937	22.66	35.00	7.9668	10.32	2020-08-27	02:14:59
240.1354	22.56	35.00	7.8743	10.32	2020-08-27	03:14:59
240.1771	22.36	35.00	7.7330	10.31	2020-08-27	04:14:59
240.2187	22.36	35.00	7.5312	10.31	2020-08-27	05:14:59
240.2604	22.41	35.00	7.3758	10.31	2020-08-27	06:14:59
240.3021	22.38	35.00	7.3271	10.31	2020-08-27	07:14:59
240.3437	21.44	35.00	7.8675	10.30	2020-08-27	08:14:59
240.3854	21.31	35.00	7.8697	10.29	2020-08-27	09:14:59
240.4271	21.24	35.00	7.8568	10.29	2020-08-27	10:14:59
240.4687	21.19	35.00	7.8498	10.28	2020-08-27	11:14:59
240.5104	21.14	35.00	7.8496	10.28	2020-08-27	12:14:59
240.5521	21.14	35.00	7.8557	10.28	2020-08-27	13:14:59
240.5937	21.26	35.00	7.8535	10.28	2020-08-27	14:14:59
240.6354	21.31	35.00	7.8367	10.27	2020-08-27	15:14:59
240.6771	21.48	35.00	7.7944	10.27	2020-08-27	16:14:59
240.7187	21.88	35.00	7.6458	10.28	2020-08-27	17:14:59
240.7604	22.13	35.00	7.5795	10.29	2020-08-27	18:14:59
240.8021	21.73	35.00	7.8960	10.29	2020-08-27	19:14:59
240.8437	21.46	35.00	7.9478	10.28	2020-08-27	20:14:59
240.8854	21.36	35.00	7.9516	10.28	2020-08-27	21:14:59
240.9271	21.31	35.00	7.9535	10.28	2020-08-27	22:14:59
240.9687	21.39	35.00	7.7973	10.26	2020-08-27	23:14:59
241.0104	21.41	35.00	7.9131	10.27	2020-08-28	00:14:59
241.0521	21.39	35.00	7.8929	10.27	2020-08-28	01:14:59
241.0937	21.36	35.00	7.8916	10.27	2020-08-28	02:14:59
241.1354	21.34	35.00	7.8819	10.25	2020-08-28	03:14:59
241.1771	21.21	35.00	7.8052	10.25	2020-08-28	04:14:59
241.2187	21.16	35.00	7.6693	10.24	2020-08-28	05:14:59
241.2604	21.26	35.00	7.4643	10.24	2020-08-28	06:14:59
241.3021	21.36	35.00	7.2747	10.25	2020-08-28	07:14:59
241.3437	21.24	35.00	7.5567	10.25	2020-08-28	08:14:59
241.3854	21.04	35.00	7.8469	10.25	2020-08-28	09:14:59
241.4271	20.94	35.00	7.8587	10.24	2020-08-28	10:14:59
241.4687	20.92	35.00	7.8225	10.24	2020-08-28	11:14:59
241.5104	20.97	35.00	7.8495	10.24	2020-08-28	12:14:59
241.5521	21.02	35.00	7.8750	10.24	2020-08-28	13:14:59
241.5937	21.16	35.00	7.8973	10.24	2020-08-28	14:14:59
241.6354	21.34	35.00	7.8845	10.24	2020-08-28	15:14:59
241.6771	21.66	35.00	7.8599	10.24	2020-08-28	16:14:59
241.7187	22.03	35.00	7.8067	10.24	2020-08-28	17:14:59
241.7604	22.69	35.00	7.6933	10.25	2020-08-28	18:14:59
241.8021	22.99	35.00	7.5818	10.26	2020-08-28	19:14:59
241.8437	22.33	35.00	7.9459	10.26	2020-08-28	20:14:59
241.8854	22.38	35.00	7.9876	10.26	2020-08-28	21:14:59
241.9271	22.58	35.00	7.9904	10.26	2020-08-28	22:14:59
241.9687	22.64	35.00	8.0018	10.26	2020-08-28	23:14:59
242.0104	22.48	35.00	7.9862	10.25	2020-08-29	00:14:59
242.0521	22.43	35.00	7.9797	10.25	2020-08-29	01:14:59
242.0937	22.38	35.00	7.9993	10.25	2020-08-29	02:14:59
242.1354	22.33	35.00	7.9860	10.25	2020-08-29	03:14:59
242.1771	22.33	35.00	7.9644	10.24	2020-08-29	04:14:59
242.2187	22.31	35.00	7.8869	10.22	2020-08-29	05:14:59
242.2604	22.28	35.00	7.7251	10.22	2020-08-29	06:14:59
242.3021	22.36	35.00	7.5494	10.22	2020-08-29	07:14:59
242.3437	22.48	35.00	7.3526	10.23	2020-08-29	08:14:59
242.3854	22.51	35.00	7.2753	10.23	2020-08-29	09:14:59
242.4271	21.91	35.00	7.8008	10.23	2020-08-29	10:14:59
242.4687	22.08	35.00	7.8464	10.22	2020-08-29	11:14:59
242.5104	22.11	35.00	7.8862	10.22	2020-08-29	12:14:59
242.5521	21.98	35.00	7.8713	10.22	2020-08-29	13:14:59
242.5937	21.88	35.00	7.8828	10.22	2020-08-29	14:14:59
242.6354	21.96	35.00	7.8701	10.22	2020-08-29	15:14:59
242.6771	22.11	35.00	7.8811	10.21	2020-08-29	16:14:59
242.7187	22.26	35.00	7.8676	10.21	2020-08-29	17:14:59
242.7604	22.58	35.00	7.8220	10.20	2020-08-29	18:14:59
242.8021	22.91	35.00	7.7022	10.21	2020-08-29	19:14:59
242.8437	23.07	35.00	7.6250	10.22	2020-08-29	20:14:59
242.8854	22.86	35.00	7.7765	10.22	2020-08-29	21:14:59
242.9271	23.45	35.00	7.8892	10.22	2020-08-29	22:14:59
242.9687	23.42	35.00	7.9015	10.23	2020-08-29	23:14:59
243.0104	23.40	35.00	7.9102	10.22	2020-08-30	00:14:59
243.0521	23.29	35.00	7.9281	10.23	2020-08-30	01:14:59
243.0937	23.27	35.00	7.9142	10.22	2020-08-30	02:14:59
243.1354	23.29	35.00	7.9068	10.22	2020-08-30	03:14:59
243.1771	23.34	35.00	7.8915	10.22	2020-08-30	04:14:59
243.2187	23.24	35.00	7.8916	10.21	2020-08-30	05:14:59
243.2604	23.14	35.00	7.8191	10.20	2020-08-30	06:14:59
243.3021	23.04	35.00	7.6567	10.18	2020-08-30	07:14:59
243.3437	22.89	35.00	7.4817	10.18	2020-08-30	08:14:59
243.3854	22.79	35.00	7.3276	10.18	2020-08-30	09:14:59
243.4271	22.69	35.00	7.1882	10.19	2020-08-30	10:14:59
243.4687	22.74	35.00	7.7579	10.19	2020-08-30	11:14:59
243.5104	22.76	35.00	7.8225	10.19	2020-08-30	12:14:59
243.5521	22.81	35.00	7.8665	10.19	2020-08-30	13:14:59
243.5937	22.81	35.00	7.8579	10.19	2020-08-30	14:14:59
243.6354	22.79	35.00	7.8601	10.18	2020-08-30	15:14:59
243.6771	22.81	35.00	7.8610	10.18	2020-08-30	16:14:59
243.7187	23.12	35.00	7.8806	10.18	2020-08-30	17:14:59
243.7604	23.55	35.00	7.8579	10.18	2020-08-30	18:14:59
243.8021	24.06	35.00	7.7656	10.18	2020-08-30	19:14:59
243.8437	24.37	35.00	7.5774	10.19	2020-08-30	20:14:59
243.8854	24.40	35.00	7.4450	10.20	2020-08-30	21:14:59
243.9271	23.32	35.00	7.9202	10.20	2020-08-30	22:14:59
243.9687	23.04	35.00	7.9360	10.18	2020-08-30	23:14:59
244.0104	22.79	35.00	7.9493	10.18	2020-08-31	00:14:59
244.0521	22.76	35.00	7.9183	10.17	2020-08-31	01:14:59
244.0937	22.61	35.00	7.9192	10.17	2020-08-31	02:14:59
244.1354	22.28	35.00	7.9083	10.16	2020-08-31	03:14:59
244.1771	22.23	35.00	7.9117	10.16	2020-08-31	04:14:59
244.2187	22.13	35.00	7.8972	10.15	2020-08-31	05:14:59
244.2604	22.18	35.00	7.8829	10.13	2020-08-31	06:14:59
244.3021	22.01	35.00	7.8019	10.12	2020-08-31	07:14:59
244.3437	21.78	35.00	7.6706	10.11	2020-08-31	08:14:59
244.3854	21.73	35.00	7.4638	10.10	2020-08-31	09:14:59
244.4271	21.71	35.00	7.3002	10.12	2020-08-31	10:14:59
244.4687	21.58	35.00	7.5896	10.13	2020-08-31	11:14:59
244.5104	21.39	35.00	7.8564	10.12	2020-08-31	12:14:59
244.5521	21.46	35.00	7.8844	10.11	2020-08-31	13:14:59
244.5937	21.63	35.00	7.9092	10.11	2020-08-31	14:14:59
244.6354	21.88	35.00	7.9397	10.11	2020-08-31	15:14:59
244.6771	22.11	35.00	7.9453	10.12	2020-08-31	16:14:59
244.7187	22.26	35.00	7.9582	10.12	2020-08-31	17:14:59
244.7604	22.48	35.00	7.9585	10.11	2020-08-31	18:14:59
244.8021	22.53	35.00	7.9164	10.11	2020-08-31	19:14:59
244.8437	22.79	35.00	7.8447	10.11	2020-08-31	20:14:59
244.8854	23.01	35.00	7.6830	10.12	2020-08-31	21:14:59
244.9271	23.01	35.00	7.6261	10.13	2020-08-31	22:14:59
244.9687	22.43	35.00	7.9691	10.12	2020-08-31	23:14:59
245.0104	22.23	35.00	7.9841	10.11	2020-09-01	00:14:59
245.0521	22.11	35.00	7.9931	10.11	2020-09-01	01:14:59
245.0937	22.03	35.00	7.9981	10.10	2020-09-01	02:14:59
245.1354	22.06	35.00	8.0257	10.10	2020-09-01	03:14:59
245.1771	21.93	35.00	8.0014	10.10	2020-09-01	04:14:59
245.2187	21.88	35.00	7.9934	10.10	2020-09-01	05:14:59
245.2604	21.83	35.00	7.9969	10.08	2020-09-01	06:14:59
245.3021	21.78	35.00	7.9518	10.06	2020-09-01	07:14:59
245.3437	21.53	35.00	7.8830	10.06	2020-09-01	08:14:59
245.3854	21.39	35.00	7.7313	10.05	2020-09-01	09:14:59
245.4271	21.39	35.00	7.5407	10.06	2020-09-01	10:14:59
245.4687	21.39	35.00	7.3845	10.07	2020-09-01	11:14:59
245.5104	21.26	35.00	7.8315	10.06	2020-09-01	12:14:59
245.5521	21.31	35.00	7.8894	10.06	2020-09-01	13:14:59
245.5937	21.39	35.00	7.9155	10.06	2020-09-01	14:14:59
245.6354	21.56	35.00	7.9470	10.04	2020-09-01	15:14:59
245.6771	21.73	35.00	7.9703	10.05	2020-09-01	16:14:59
245.7187	21.96	35.00	7.9851	10.06	2020-09-01	17:14:59
245.7604	22.21	35.00	7.9958	10.06	2020-09-01	18:14:59
245.8021	22.36	35.00	7.9638	10.04	2020-09-01	19:14:59
245.8437	22.58	35.00	7.9203	10.03	2020-09-01	20:14:59
245.8854	22.89	35.00	7.8216	10.03	2020-09-01	21:14:59
245.9271	22.99	35.00	7.6686	10.06	2020-09-01	22:14:59
245.9687	22.66	35.00	7.8682	10.07	2020-09-01	23:14:59
246.0104	22.06	35.00	8.0036	10.06	2020-09-02	00:14:59
246.0521	21.83	35.00	7.9959	10.05	2020-09-02	01:14:59
246.0937	21.68	35.00	7.9931	10.05	2020-09-02	02:14:59
246.1354	21.58	35.00	7.9743	10.03	2020-09-02	03:14:59
246.1771	21.53	35.00	7.9494	10.04	2020-09-02	04:14:59
246.2187	21.46	35.00	7.9256	10.04	2020-09-02	05:14:59
246.2604	21.36	35.00	7.9649	10.04	2020-09-02	06:14:59
246.3021	21.34	35.00	7.9438	10.00	2020-09-02	07:14:59
246.3437	21.31	35.00	7.9054	9.97	2020-09-02	08:14:59
246.3854	21.16	35.00	7.8244	9.93	2020-09-02	09:14:59
246.4271	21.19	35.00	7.7042	9.94	2020-09-02	10:14:59
246.4687	21.31	35.00	7.5233	9.98	2020-09-02	11:14:59
246.5104	21.34	35.00	7.4408	9.99	2020-09-02	12:14:59
246.5521	21.02	35.00	7.8306	9.99	2020-09-02	13:14:59
246.5937	21.04	35.00	7.8794	10.00	2020-09-02	14:14:59
246.6354	21.11	35.00	7.8989	9.99	2020-09-02	15:14:59
246.6771	21.11	35.00	7.9119	9.99	2020-09-02	16:14:59
246.7187	21.11	35.00	7.9346	10.00	2020-09-02	17:14:59
246.7604	21.11	35.00	7.9244	10.00	2020-09-02	18:14:59
246.8021	21.14	35.00	7.9338	9.99	2020-09-02	19:14:59
246.8437	21.16	35.00	7.9147	9.97	2020-09-02	20:14:59
246.8854	21.19	35.00	7.8540	9.94	2020-09-02	21:14:59
246.9271	21.34	35.00	7.7283	9.95	2020-09-02	22:14:59
246.9687	21.44	35.00	7.5634	9.98	2020-09-02	23:14:59
247.0104	21.44	35.00	7.5225	9.99	2020-09-03	00:14:59
247.0521	20.92	35.00	7.8760	9.98	2020-09-03	01:14:59
247.0937	20.74	35.00	7.9739	9.97	2020-09-03	02:14:59
247.1354	20.77	35.00	7.9727	9.96	2020-09-03	03:14:59
247.1771	20.77	35.00	7.9707	9.96	2020-09-03	04:14:59
247.2187	20.82	35.00	7.9448	9.96	2020-09-03	05:14:59
247.2604	20.82	35.00	7.9518	9.97	2020-09-03	06:14:59
247.3021	20.82	35.00	7.9376	9.97	2020-09-03	07:14:59
247.3437	20.84	35.00	7.9250	9.93	2020-09-03	08:14:59
247.3854	20.89	35.00	7.8622	9.90	2020-09-03	09:14:59
247.4271	21.02	35.00	7.7088	9.88	2020-09-03	10:14:59
247.4687	21.21	35.00	7.5086	9.91	2020-09-03	11:14:59
247.5104	21.36	35.00	7.3171	9.95	2020-09-03	12:14:59
247.5521	20.97	35.00	7.8523	9.96	2020-09-03	13:14:59
247.5937	21.04	35.00	7.9137	9.95	2020-09-03	14:14:59
247.6354	21.09	35.00	7.9647	9.95	2020-09-03	15:14:59
247.6771	21.21	35.00	7.9604	9.95	2020-09-03	16:14:59
247.7187	21.26	35.00	7.9243	9.95	2020-09-03	17:14:59
247.7604	21.31	35.00	7.9101	9.96	2020-09-03	18:14:59
247.8021	21.41	35.00	7.9034	9.96	2020-09-03	19:14:59
247.8437	21.46	35.00	7.8961	9.90	2020-09-03	20:14:59
247.8854	21.51	35.00	7.8993	9.90	2020-09-03	21:14:59
247.9271	21.78	35.00	7.7992	9.89	2020-09-03	22:14:59
247.9687	22.01	35.00	7.5292	9.92	2020-09-03	23:14:59
248.0104	22.13	35.00	7.3128	9.95	2020-09-04	00:14:59
248.0521	21.41	35.00	7.8703	9.95	2020-09-04	01:14:59
248.0937	21.44	35.00	7.8874	9.94	2020-09-04	02:14:59
248.1354	21.48	35.00	7.8912	9.94	2020-09-04	03:14:59
248.1771	21.44	35.00	7.8914	9.94	2020-09-04	04:14:59
248.2187	21.39	35.00	7.8719	9.93	2020-09-04	05:14:59
248.2604	21.31	35.00	7.8611	9.94	2020-09-04	06:14:59
248.3021	21.29	35.00	7.8673	9.94	2020-09-04	07:14:59
248.3437	21.29	35.00	7.8563	9.93	2020-09-04	08:14:59
248.3854	21.31	35.00	7.8298	9.88	2020-09-04	09:14:59
248.4271	21.39	35.00	7.7519	9.85	2020-09-04	10:14:59
248.4687	21.46	35.00	7.6211	9.85	2020-09-04	11:14:59
248.5104	21.63	35.00	7.4039	9.89	2020-09-04	12:14:59
248.5521	21.86	35.00	7.2492	9.92	2020-09-04	13:14:59
248.5937	21.58	35.00	7.8592	9.92	2020-09-04	14:14:59
248.6354	21.93	35.00	7.9021	9.92	2020-09-04	15:14:59
248.6771	22.18	35.00	7.9163	9.93	2020-09-04	16:14:59
248.7187	22.56	35.00	7.9415	9.94	2020-09-04	17:14:59
248.7604	22.66	35.00	7.9399	9.95	2020-09-04	18:14:59
248.8021	22.84	35.00	7.9473	9.96	2020-09-04	19:14:59
248.8437	22.99	35.00	7.9535	9.96	2020-09-04	20:14:59
248.8854	23.17	35.00	7.9503	9.92	2020-09-04	21:14:59
248.9271	23.37	35.00	7.8972	9.90	2020-09-04	22:14:59
248.9687	23.99	35.00	7.7469	9.91	2020-09-04	23:14:59
249.0104	24.22	35.00	7.5236	9.94	2020-09-05	00:14:59
249.0521	24.27	35.00	7.3757	9.97	2020-09-05	01:14:59
249.0937	22.61	35.00	7.8900	9.97	2020-09-05	02:14:59
249.1354	22.43	35.00	7.9121	9.95	2020-09-05	03:14:59
249.1771	22.18	35.00	7.9150	9.94	2020-09-05	04:14:59
249.2187	22.06	35.00	7.9037	9.93	2020-09-05	05:14:59
249.2604	21.98	35.00	7.8765	9.93	2020-09-05	06:14:59
249.3021	21.78	35.00	7.8690	9.93	2020-09-05	07:14:59
249.3437	21.68	35.00	7.8648	9.93	2020-09-05	08:14:59
249.3854	21.68	35.00	7.8527	9.86	2020-09-05	09:14:59
249.4271	21.66	35.00	7.8370	9.84	2020-09-05	10:14:59
249.4687	21.61	35.00	7.7395	9.83	2020-09-05	11:14:59
249.5104	21.98	35.00	7.5076	9.85	2020-09-05	12:14:59
249.5521	22.28	35.00	7.3344	9.89	2020-09-05	13:14:59
249.5937	21.46	35.00	7.8241	9.90	2020-09-05	14:14:59
249.6354	21.56	35.00	7.8756	9.88	2020-09-05	15:14:59
249.6771	21.63	35.00	7.8854	9.88	2020-09-05	16:14:59
249.7187	21.88	35.00	7.9346	9.88	2020-09-05	17:14:59
249.7604	22.23	35.00	7.9960	9.88	2020-09-05	18:14:59
249.8021	22.26	35.00	7.9863	9.90	2020-09-05	19:14:59
249.8437	22.21	35.00	7.9814	9.90	2020-09-05	20:14:59
249.8854	22.41	35.00	7.9855	9.87	2020-09-05	21:14:59
249.9271	22.46	35.00	7.9570	9.86	2020-09-05	22:14:59
249.9687	22.48	35.00	7.8855	9.84	2020-09-05	23:14:59
250.0104	22.79	35.00	7.7398	9.85	2020-09-06	00:14:59
250.0521	22.94	35.00	7.5818	9.89	2020-09-06	01:14:59
250.0937	22.84	35.00	7.5351	9.90	2020-09-06	02:14:59
250.1354	21.39	35.00	7.9066	9.88	2020-09-06	03:14:59
250.1771	21.39	35.00	7.9615	9.87	2020-09-06	04:14:59
250.2187	21.44	35.00	7.9737	9.86	2020-09-06	05:14:59
250.2604	21.34	35.00	7.9613	9.86	2020-09-06	06:14:59
250.3021	21.09	35.00	7.9213	9.86	2020-09-06	07:14:59
250.3437	20.99	35.00	7.9042	9.86	2020-09-06	08:14:59
250.3854	20.99	35.00	7.9018	9.84	2020-09-06	09:14:59
250.4271	21.06	35.00	7.9224	9.78	2020-09-06	10:14:59
250.4687	21.06	35.00	7.8900	9.77	2020-09-06	11:14:59
250.5104	21.14	35.00	7.7807	9.78	2020-09-06	12:14:59
250.5521	21.56	35.00	7.5932	9.82	2020-09-06	13:14:59
250.5937	21.56	35.00	7.6450	9.84	2020-09-06	14:14:59
250.6354	21.88	35.00	7.9489	9.84	2020-09-06	15:14:59
250.6771	22.23	35.00	7.9732	9.85	2020-09-06	16:14:59
250.7187	22.48	35.00	7.9762	9.85	2020-09-06	17:14:59
250.7604	22.61	35.00	7.9840	9.87	2020-09-06	18:14:59
250.8021	22.76	35.00	7.9726	9.87	2020-09-06	19:14:59
250.8437	22.86	35.00	7.9720	9.88	2020-09-06	20:14:59
250.8854	22.94	35.00	7.9841	9.88	2020-09-06	21:14:59
250.9271	22.91	35.00	7.9727	9.86	2020-09-06	22:14:59
250.9687	22.91	35.00	7.9387	9.82	2020-09-06	23:14:59
251.0104	23.07	35.00	7.8632	9.80	2020-09-07	00:14:59
251.0521	23.07	35.00	7.7284	9.84	2020-09-07	01:14:59
251.0937	23.07	35.00	7.6148	9.87	2020-09-07	02:14:59
251.1354	22.51	35.00	7.8888	9.87	2020-09-07	03:14:59
251.1771	22.41	35.00	7.8596	9.86	2020-09-07	04:14:59
251.2187	22.38	35.00	7.8870	9.86	2020-09-07	05:14:59
251.2604	22.31	35.00	7.8647	9.85	2020-09-07	06:14:59
251.3021	22.21	35.00	7.8416	9.85	2020-09-07	07:14:59
251.3437	22.06	35.00	7.8421	9.85	2020-09-07	08:14:59
251.3854	21.98	35.00	7.8208	9.85	2020-09-07	09:14:59
251.4271	22.01	35.00	7.8254	9.82	2020-09-07	10:14:59
251.4687	21.96	35.00	7.8290	9.81	2020-09-07	11:14:59
251.5104	21.93	35.00	7.8076	9.79	2020-09-07	12:14:59
251.5521	22.03	35.00	7.6843	9.81	2020-09-07	13:14:59
251.5937	22.18	35.00	7.5940	9.83	2020-09-07	14:14:59
251.6354	22.06	35.00	7.8447	9.84	2020-09-07	15:14:59
251.6771	22.38	35.00	7.9433	9.84	2020-09-07	16:14:59
251.7187	22.66	35.00	7.9357	9.84	2020-09-07	17:14:59
251.7604	22.74	35.00	7.9548	9.84	2020-09-07	18:14:59
251.8021	22.99	35.00	7.9850	9.85	2020-09-07	19:14:59
251.8437	23.12	35.00	8.0273	9.85	2020-09-07	20:14:59
251.8854	23.14	35.00	8.0143	9.86	2020-09-07	21:14:59
251.9271	23.09	35.00	8.0094	9.85	2020-09-07	22:14:59
251.9687	23.04	35.00	7.9970	9.81	2020-09-07	23:14:59
252.0104	22.96	35.00	7.9222	9.79	2020-09-08	00:14:59
252.0521	22.99	35.00	7.8389	9.79	2020-09-08	01:14:59
252.0937	22.99	35.00	7.7036	9.80	2020-09-08	02:14:59
252.1354	22.96	35.00	7.6383	9.83	2020-09-08	03:14:59
252.1771	22.38	35.00	7.8851	9.83	2020-09-08	04:14:59
252.2187	22.31	35.00	7.8898	9.82	2020-09-08	05:14:59
252.2604	22.13	35.00	7.9095	9.81	2020-09-08	06:14:59
252.3021	22.03	35.00	7.8720	9.81	2020-09-08	07:14:59
252.3437	22.08	35.00	7.8743	9.81	2020-09-08	08:14:59
252.3854	22.03	35.00	7.8869	9.81	2020-09-08	09:14:59
252.4271	21.96	35.00	7.8792	9.81	2020-09-08	10:14:59
252.4687	21.91	35.00	7.8406	9.79	2020-09-08	11:14:59
252.5104	21.91	35.00	7.8356	9.75	2020-09-08	12:14:59
252.5521	21.98	35.00	7.7918	9.76	2020-09-08	13:14:59
252.5937	22.13	35.00	7.6768	9.79	2020-09-08	14:14:59
252.6354	22.23	35.00	7.6142	9.80	2020-09-08	15:14:59
252.6771	22.28	35.00	7.9152	9.80	2020-09-08	16:14:59
252.7187	22.61	35.00	7.9663	9.80	2020-09-08	17:14:59
252.7604	22.96	35.00	7.9791	9.81	2020-09-08	18:14:59
252.8021	23.47	35.00	7.9751	9.81	2020-09-08	19:14:59
252.8437	23.60	35.00	7.9947	9.83	2020-09-08	20:14:59
252.8854	23.63	35.00	8.0239	9.83	2020-09-08	21:14:59
252.9271	23.55	35.00	8.0039	9.84	2020-09-08	22:14:59
252.9687	23.57	35.00	7.9978	9.79	2020-09-08	23:14:59
253.0104	23.52	35.00	7.9559	9.78	2020-09-09	00:14:59
253.0521	23.40	35.00	7.8981	9.76	2020-09-09	01:14:59
253.0937	23.37	35.00	7.7687	9.77	2020-09-09	02:14:59
253.1354	23.40	35.00	7.6166	9.80	2020-09-09	03:14:59
253.1771	23.29	35.00	7.7757	9.81	2020-09-09	04:14:59
253.2187	23.04	35.00	7.9255	9.80	2020-09-09	05:14:59
253.2604	22.89	35.00	7.9276	9.80	2020-09-09	06:14:59
253.3021	22.86	35.00	7.9141	9.80	2020-09-09	07:14:59
253.3437	22.89	35.00	7.8957	9.80	2020-09-09	08:14:59
253.3854	22.94	35.00	7.8625	9.80	2020-09-09	09:14:59
253.4271	22.91	35.00	7.8591	9.80	2020-09-09	10:14:59
253.4687	22.89	35.00	7.8599	9.80	2020-09-09	11:14:59
253.5104	22.86	35.00	7.8483	9.78	2020-09-09	12:14:59
253.5521	22.89	35.00	7.8463	9.75	2020-09-09	13:14:59
253.5937	22.99	35.00	7.7680	9.75	2020-09-09	14:14:59
253.6354	23.14	35.00	7.6210	9.79	2020-09-09	15:14:59
253.6771	22.99	35.00	7.8733	9.77	2020-09-09	16:14:59
253.7187	23.09	35.00	7.9075	9.78	2020-09-09	17:14:59
253.7604	23.32	35.00	7.9591	9.79	2020-09-09	18:14:59
253.8021	23.50	35.00	7.9929	9.79	2020-09-09	19:14:59
253.8437	23.47	35.00	7.9873	9.80	2020-09-09	20:14:59
253.8854	23.47	35.00	7.9677	9.80	2020-09-09	21:14:59
253.9271	23.45	35.00	7.9573	9.80	2020-09-09	22:14:59
253.9687	23.42	35.00	7.9522	9.80	2020-09-09	23:14:59
254.0104	23.40	35.00	7.9355	9.75	2020-09-10	00:14:59
254.0521	23.37	35.00	7.9204	9.72	2020-09-10	01:14:59
254.0937	23.34	35.00	7.8328	9.69	2020-09-10	02:14:59
254.1354	23.37	35.00	7.6739	9.72	2020-09-10	03:14:59
254.1771	23.42	35.00	7.4926	9.76	2020-09-10	04:14:59
254.2187	23.22	35.00	7.8115	9.77	2020-09-10	05:14:59
254.2604	23.07	35.00	7.8914	9.77	2020-09-10	06:14:59
254.3021	23.01	35.00	7.8826	9.76	2020-09-10	07:14:59
254.3437	23.01	35.00	7.8576	9.76	2020-09-10	08:14:59
254.3854	23.01	35.00	7.8387	9.76	2020-09-10	09:14:59
254.4271	22.99	35.00	7.8280	9.77	2020-09-10	10:14:59
254.4687	22.99	35.00	7.8292	9.77	2020-09-10	11:14:59
254.5104	22.99	35.00	7.8060	9.76	2020-09-10	12:14:59
254.5521	23.01	35.00	7.8045	9.76	2020-09-10	13:14:59
254.5937	23.07	35.00	7.7999	9.72	2020-09-10	14:14:59
254.6354	23.22	35.00	7.7184	9.73	2020-09-10	15:14:59
254.6771	23.29	35.00	7.6135	9.76	2020-09-10	16:14:59
254.7187	23.19	35.00	7.8729	9.77	2020-09-10	17:14:59
254.7604	23.14	35.00	7.9008	9.76	2020-09-10	18:14:59
254.8021	23.09	35.00	7.9137	9.76	2020-09-10	19:14:59
254.8437	23.07	35.00	7.9123	9.76	2020-09-10	20:14:59
254.8854	23.17	35.00	7.9110	9.74	2020-09-10	21:14:59
254.9271	23.22	35.00	7.9257	9.76	2020-09-10	22:14:59
254.9687	23.12	35.00	7.8555	9.77	2020-09-10	23:14:59
255.0104	23.14	35.00	7.9038	9.76	2020-09-11	00:14:59
255.0521	23.14	35.00	7.8958	9.72	2020-09-11	01:14:59
255.0937	23.12	35.00	7.8561	9.70	2020-09-11	02:14:59
255.1354	23.17	35.00	7.7476	9.67	2020-09-11	03:14:59
255.1771	23.29	35.00	7.5272	9.70	2020-09-11	04:14:59
255.2187	23.37	35.00	7.3442	9.74	2020-09-11	05:14:59
255.2604	23.04	35.00	7.7681	9.75	2020-09-11	06:14:59
255.3021	23.01	35.00	7.8277	9.74	2020-09-11	07:14:59
255.3437	23.01	35.00	7.8470	9.74	2020-09-11	08:14:59
255.3854	23.01	35.00	7.8521	9.74	2020-09-11	09:14:59
255.4271	22.94	35.00	7.8684	9.74	2020-09-11	10:14:59
255.4687	22.91	35.00	7.8373	9.74	2020-09-11	11:14:59
255.5104	22.86	35.00	7.8341	9.74	2020-09-11	12:14:59
255.5521	22.81	35.00	7.8345	9.74	2020-09-11	13:14:59
255.5937	22.84	35.00	7.8403	9.72	2020-09-11	14:14:59
255.6354	22.91	35.00	7.7361	9.69	2020-09-11	15:14:59
255.6771	23.04	35.00	7.5425	9.72	2020-09-11	16:14:59
255.7187	23.09	35.00	7.4783	9.74	2020-09-11	17:14:59
255.7604	22.86	35.00	7.9138	9.74	2020-09-11	18:14:59
255.8021	22.89	35.00	7.9671	9.73	2020-09-11	19:14:59
255.8437	22.86	35.00	8.0052	9.73	2020-09-11	20:14:59
255.8854	22.81	35.00	7.9957	9.72	2020-09-11	21:14:59
255.9271	22.71	35.00	7.9604	9.71	2020-09-11	22:14:59
255.9687	22.51	35.00	7.9477	9.72	2020-09-11	23:14:59
256.0104	22.38	35.00	7.9439	9.72	2020-09-12	00:14:59
256.0521	22.31	35.00	7.9370	9.72	2020-09-12	01:14:59
256.0937	22.21	35.00	7.9367	9.65	2020-09-12	02:14:59
256.1354	22.11	35.00	7.9244	9.62	2020-09-12	03:14:59
256.1771	21.86	35.00	7.8718	9.61	2020-09-12	04:14:59
256.2187	21.66	35.00	7.7359	9.63	2020-09-12	05:14:59
256.2604	21.56	35.00	7.6084	9.66	2020-09-12	06:14:59
256.3021	21.36	35.00	7.8460	9.67	2020-09-12	07:14:59
256.3437	21.04	35.00	7.8351	9.66	2020-09-12	08:14:59
256.3854	20.89	35.00	7.8441	9.65	2020-09-12	09:14:59
256.4271	20.77	35.00	7.8207	9.64	2020-09-12	10:14:59
256.4687	20.65	35.00	7.8189	9.64	2020-09-12	11:14:59
256.5104	20.60	35.00	7.8272	9.65	2020-09-12	12:14:59
256.5521	20.62	35.00	7.8272	9.65	2020-09-12	13:14:59
256.5937	20.70	35.00	7.8297	9.64	2020-09-12	14:14:59
256.6354	20.89	35.00	7.8262	9.63	2020-09-12	15:14:59
256.6771	21.16	35.00	7.8213	9.60	2020-09-12	16:14:59
256.7187	21.46	35.00	7.7679	9.63	2020-09-12	17:14:59
256.7604	21.63	35.00	7.7570	9.66	2020-09-12	18:14:59
256.8021	21.68	35.00	8.0057	9.66	2020-09-12	19:14:59
256.8437	21.73	35.00	8.0441	9.67	2020-09-12	20:14:59
256.8854	21.68	35.00	8.0389	9.67	2020-09-12	21:14:59
256.9271	21.46	35.00	8.0048	9.66	2020-09-12	22:14:59
256.9687	21.24	35.00	7.9602	9.65	2020-09-12	23:14:59
257.0104	21.02	35.00	7.9453	9.65	2020-09-13	00:14:59
257.0521	20.92	35.00	7.9222	9.65	2020-09-13	01:14:59
257.0937	20.82	35.00	7.9105	9.63	2020-09-13	02:14:59
257.1354	20.89	35.00	7.9243	9.57	2020-09-13	03:14:59
257.1771	20.84	35.00	7.9142	9.53	2020-09-13	04:14:59
257.2187	20.70	35.00	7.8436	9.53	2020-09-13	05:14:59
257.2604	20.62	35.00	7.6916	9.56	2020-09-13	06:14:59
257.3021	20.52	35.00	7.5489	9.59	2020-09-13	07:14:59
257.3437	19.99	35.00	7.7931	9.60	2020-09-13	08:14:59
257.3854	19.74	35.00	7.8409	9.59	2020-09-13	09:14:59
257.4271	19.67	35.00	7.8571	9.58	2020-09-13	10:14:59
257.4687	19.45	35.00	7.8488	9.57	2020-09-13	11:14:59
257.5104	19.38	35.00	7.8765	9.57	2020-09-13	12:14:59
257.5521	19.43	35.00	7.8730	9.57	2020-09-13	13:14:59
257.5937	19.60	35.00	7.8639	9.58	2020-09-13	14:14:59
257.6354	19.82	35.00	7.8820	9.55	2020-09-13	15:14:59
257.6771	20.13	35.00	7.8805	9.54	2020-09-13	16:14:59
257.7187	20.52	35.00	7.8349	9.54	2020-09-13	17:14:59
257.7604	21.02	35.00	7.7639	9.58	2020-09-13	18:14:59
257.8021	21.16	35.00	7.7492	9.61	2020-09-13	19:14:59
257.8437	21.14	35.00	8.0001	9.62	2020-09-13	20:14:59
257.8854	20.67	35.00	8.0257	9.61	2020-09-13	21:14:59
257.9271	20.57	35.00	8.0325	9.61	2020-09-13	22:14:59
257.9687	20.55	35.00	8.0330	9.59	2020-09-13	23:14:59
258.0104	20.57	35.00	8.0212	9.59	2020-09-14	00:14:59
258.0521	20.60	35.00	8.0204	9.59	2020-09-14	01:14:59
258.0937	20.62	35.00	7.9960	9.61	2020-09-14	02:14:59
258.1354	20.55	35.00	8.0058	9.58	2020-09-14	03:14:59
258.1771	20.52	35.00	7.9880	9.53	2020-09-14	04:14:59
258.2187	20.45	35.00	7.9395	9.50	2020-09-14	05:14:59
258.2604	20.43	35.00	7.8343	9.48	2020-09-14	06:14:59
258.3021	20.62	35.00	7.6725	9.50	2020-09-14	07:14:59
258.3437	20.74	35.00	7.4929	9.57	2020-09-14	08:14:59
258.3854	20.52	35.00	7.8292	9.58	2020-09-14	09:14:59
258.4271	20.47	35.00	7.9233	9.58	2020-09-14	10:14:59
258.4687	20.43	35.00	7.9480	9.58	2020-09-14	11:14:59
258.5104	20.52	35.00	7.9688	9.58	2020-09-14	12:14:59
258.5521	20.57	35.00	7.9597	9.58	2020-09-14	13:14:59
258.5937	20.57	35.00	7.9488	9.59	2020-09-14	14:14:59
258.6354	20.67	35.00	7.9312	9.59	2020-09-14	15:14:59
258.6771	20.87	35.00	7.9573	9.57	2020-09-14	16:14:59
258.7187	20.94	35.00	7.9359	9.54	2020-09-14	17:14:59
258.7604	21.16	35.00	7.8780	9.54	2020-09-14	18:14:59
258.8021	21.56	35.00	7.7001	9.58	2020-09-14	19:14:59
258.8437	21.63	35.00	7.6218	9.61	2020-09-14	20:14:59
258.8854	21.36	35.00	7.9818	9.61	2020-09-14	21:14:59
258.9271	21.26	35.00	7.9966	9.61	2020-09-14	22:14:59
258.9687	21.14	35.00	8.0135	9.61	2020-09-14	23:14:59
259.0104	21.04	35.00	8.0141	9.60	2020-09-15	00:14:59
259.0521	20.87	35.00	8.0180	9.59	2020-09-15	01:14:59
259.0937	20.72	35.00	7.9892	9.60	2020-09-15	02:14:59
259.1354	20.62	35.00	7.9798	9.61	2020-09-15	03:14:59
259.1771	20.47	35.00	7.9708	9.56	2020-09-15	04:14:59
259.2187	20.35	35.00	7.9845	9.51	2020-09-15	05:14:59
259.2604	20.01	35.00	7.9277	9.46	2020-09-15	06:14:59
259.3021	19.72	35.00	7.8196	9.45	2020-09-15	07:14:59
259.3437	19.60	35.00	7.6131	9.49	2020-09-15	08:14:59
259.3854	19.50	35.00	7.4913	9.53	2020-09-15	09:14:59
259.4271	19.48	35.00	7.8837	9.53	2020-09-15	10:14:59
259.4687	19.33	35.00	7.9213	9.53	2020-09-15	11:14:59
259.5104	19.21	35.00	7.9263	9.53	2020-09-15	12:14:59
259.5521	19.24	35.00	7.9553	9.52	2020-09-15	13:14:59
259.5937	19.24	35.00	7.9918	9.53	2020-09-15	14:14:59
259.6354	19.33	35.00	7.9981	9.54	2020-09-15	15:14:59
259.6771	19.43	35.00	7.9898	9.54	2020-09-15	16:14:59
259.7187	19.62	35.00	7.9894	9.49	2020-09-15	17:14:59
259.7604	19.82	35.00	7.9549	9.48	2020-09-15	18:14:59
259.8021	20.11	35.00	7.8967	9.47	2020-09-15	19:14:59
259.8437	20.33	35.00	7.7844	9.50	2020-09-15	20:14:59
259.8854	20.33	35.00	7.7203	9.55	2020-09-15	21:14:59
259.9271	20.06	35.00	8.0070	9.55	2020-09-15	22:14:59
259.9687	20.01	35.00	8.0079	9.55	2020-09-15	23:14:59
260.0104	19.89	35.00	8.0035	9.54	2020-09-16	00:14:59
260.0521	19.72	35.00	8.0148	9.54	2020-09-16	01:14:59
260.0937	19.72	35.00	7.9912	9.54	2020-09-16	02:14:59
260.1354	19.70	35.00	7.9716	9.54	2020-09-16	03:14:59
260.1771	19.55	35.00	7.9757	9.55	2020-09-16	04:14:59
260.2187	19.48	35.00	7.9263	9.50	2020-09-16	05:14:59
260.2604	19.36	35.00	7.9598	9.44	2020-09-16	06:14:59
260.3021	19.00	35.00	7.9211	9.42	2020-09-16	07:14:59
260.3437	18.68	35.00	7.8154	9.40	2020-09-16	08:14:59
260.3854	18.52	35.00	7.6406	9.43	2020-09-16	09:14:59
260.4271	18.42	35.00	7.5093	9.47	2020-09-16	10:14:59
260.4687	18.88	35.00	7.8665	9.47	2020-09-16	11:14:59
260.5104	18.88	35.00	7.9383	9.48	2020-09-16	12:14:59
260.5521	19.02	35.00	7.9459	9.48	2020-09-16	13:14:59
260.5937	19.16	35.00	7.9794	9.49	2020-09-16	14:14:59
260.6354	19.36	35.00	7.9626	9.50	2020-09-16	15:14:59
260.6771	19.45	35.00	7.9634	9.52	2020-09-16	16:14:59
260.7187	19.57	35.00	7.9899	9.51	2020-09-16	17:14:59
260.7604	19.77	35.00	7.9669	9.47	2020-09-16	18:14:59
260.8021	19.94	35.00	7.9672	9.43	2020-09-16	19:14:59
260.8437	20.16	35.00	7.8410	9.45	2020-09-16	20:14:59
260.8854	20.04	35.00	7.7286	9.49	2020-09-16	21:14:59
260.9271	19.96	35.00	7.6517	9.52	2020-09-16	22:14:59
260.9687	19.45	35.00	7.9072	9.51	2020-09-16	23:14:59
261.0104	19.41	35.00	7.9265	9.51	2020-09-17	00:14:59
261.0521	19.43	35.00	7.9530	9.52	2020-09-17	01:14:59
261.0937	19.50	35.00	7.9319	9.50	2020-09-17	02:14:59
261.1354	19.48	35.00	7.9682	9.50	2020-09-17	03:14:59
261.1771	19.57	35.00	7.9475	9.52	2020-09-17	04:14:59
261.2187	19.50	35.00	7.9331	9.53	2020-09-17	05:14:59
261.2604	19.43	35.00	7.9239	9.47	2020-09-17	06:14:59
261.3021	19.29	35.00	7.8947	9.35	2020-09-17	07:14:59
261.3437	19.07	35.00	7.8097	9.35	2020-09-17	08:14:59
261.3854	18.97	35.00	7.6757	9.35	2020-09-17	09:14:59
261.4271	18.92	35.00	7.4970	9.38	2020-09-17	10:14:59
261.4687	18.92	35.00	7.3424	9.44	2020-09-17	11:14:59
261.5104	19.04	35.00	7.8332	9.45	2020-09-17	12:14:59
261.5521	19.21	35.00	7.8803	9.46	2020-09-17	13:14:59
261.5937	19.36	35.00	7.9208	9.46	2020-09-17	14:14:59
261.6354	19.55	35.00	7.9063	9.47	2020-09-17	15:14:59
261.6771	19.65	35.00	7.8984	9.48	2020-09-17	16:14:59
261.7187	19.84	35.00	7.9130	9.50	2020-09-17	17:14:59
261.7604	19.94	35.00	7.9095	9.49	2020-09-17	18:14:59
261.8021	20.01	35.00	7.9065	9.43	2020-09-17	19:14:59
261.8437	20.28	35.00	7.8561	9.43	2020-09-17	20:14:59
261.8854	20.50	35.00	7.7726	9.44	2020-09-17	21:14:59
261.9271	20.50	35.00	7.6083	9.50	2020-09-17	22:14:59
261.9687	20.50	35.00	7.5477	9.52	2020-09-17	23:14:59
262.0104	20.01	35.00	7.9192	9.52	2020-09-18	00:14:59
262.0521	19.96	35.00	7.9353	9.53	2020-09-18	01:14:59
262.0937	19.96	35.00	7.8350	9.52	2020-09-18	02:14:59
262.1354	20.01	35.00	7.9172	9.52	2020-09-18	03:14:59
262.1771	20.04	35.00	7.8825	9.52	2020-09-18	04:14:59
262.2187	20.06	35.00	7.8651	9.54	2020-09-18	05:14:59
262.2604	20.11	35.00	7.8414	9.55	2020-09-18	06:14:59
262.3021	20.04	35.00	7.8627	9.48	2020-09-18	07:14:59
262.3437	19.94	35.00	7.8489	9.44	2020-09-18	08:14:59
262.3854	19.87	35.00	7.7641	9.43	2020-09-18	09:14:59
262.4271	19.84	35.00	7.6288	9.42	2020-09-18	10:14:59
262.4687	19.87	35.00	7.4591	9.47	2020-09-18	11:14:59
262.5104	19.89	35.00	7.4053	9.51	2020-09-18	12:14:59
262.5521	19.87	35.00	7.8044	9.50	2020-09-18	13:14:59
262.5937	19.84	35.00	7.8187	9.51	2020-09-18	14:14:59
262.6354	19.89	35.00	7.8563	9.51	2020-09-18	15:14:59
262.6771	19.89	35.00	7.8744	9.51	2020-09-18	16:14:59
262.7187	19.84	35.00	7.8955	9.51	2020-09-18	17:14:59
262.7604	19.79	35.00	7.9017	9.53	2020-09-18	18:14:59
262.8021	19.77	35.00	7.8998	9.50	2020-09-18	19:14:59
262.8437	19.70	35.00	7.8688	9.40	2020-09-18	20:14:59
262.8854	19.53	35.00	7.7945	9.37	2020-09-18	21:14:59
262.9271	19.36	35.00	7.6661	9.38	2020-09-18	22:14:59
262.9687	19.19	35.00	7.4985	9.42	2020-09-18	23:14:59
263.0104	19.09	35.00	7.4255	9.46	2020-09-19	00:14:59
263.0521	19.09	35.00	7.8773	9.46	2020-09-19	01:14:59
263.0937	19.00	35.00	7.8988	9.47	2020-09-19	02:14:59
263.1354	18.78	35.00	7.9050	9.47	2020-09-19	03:14:59
263.1771	18.80	35.00	7.8994	9.45	2020-09-19	04:14:59
263.2187	18.83	35.00	7.8989	9.46	2020-09-19	05:14:59
263.2604	18.73	35.00	7.9041	9.48	2020-09-19	06:14:59
263.3021	18.57	35.00	7.8608	9.48	2020-09-19	07:14:59
263.3437	18.42	35.00	7.8814	9.42	2020-09-19	08:14:59
263.3854	18.04	35.00	7.8454	9.34	2020-09-19	09:14:59
263.4271	17.43	35.00	7.7571	9.29	2020-09-19	10:14:59
263.4687	17.12	35.00	7.6637	9.29	2020-09-19	11:14:59
263.5104	17.00	35.00	7.5319	9.36	2020-09-19	12:14:59
263.5521	17.59	35.00	7.8309	9.39	2020-09-19	13:14:59
263.5937	17.83	35.00	7.9207	9.40	2020-09-19	14:14:59
263.6354	17.99	35.00	7.9483	9.37	2020-09-19	15:14:59
263.6771	18.14	35.00	7.9718	9.38	2020-09-19	16:14:59
263.7187	18.30	35.00	7.9939	9.39	2020-09-19	17:14:59
263.7604	18.37	35.00	8.0022	9.42	2020-09-19	18:14:59
263.8021	18.40	35.00	8.0092	9.45	2020-09-19	19:14:59
263.8437	18.47	35.00	7.9669	9.41	2020-09-19	20:14:59
263.8854	18.57	35.00	7.9712	9.32	2020-09-19	21:14:59
263.9271	18.68	35.00	7.8831	9.31	2020-09-19	22:14:59
263.9687	18.47	35.00	7.7935	9.29	2020-09-19	23:14:59
264.0104	18.11	35.00	7.6336	9.34	2020-09-20	00:14:59
264.0521	17.88	35.00	7.5179	9.40	2020-09-20	01:14:59
264.0937	17.85	35.00	7.9446	9.41	2020-09-20	02:14:59
264.1354	17.80	35.00	7.9535	9.42	2020-09-20	03:14:59
264.1771	17.71	35.00	7.9446	9.42	2020-09-20	04:14:59
264.2187	17.59	35.00	7.9454	9.40	2020-09-20	05:14:59
264.2604	17.69	35.00	7.9443	9.42	2020-09-20	06:14:59
264.3021	17.76	35.00	7.9284	9.42	2020-09-20	07:14:59
264.3437	17.57	35.00	7.9308	9.43	2020-09-20	08:14:59
264.3854	17.38	35.00	7.9216	9.36	2020-09-20	09:14:59
264.4271	16.91	35.00	7.8750	9.29	2020-09-20	10:14:59
264.4687	16.46	35.00	7.8041	9.25	2020-09-20	11:14:59
264.5104	16.18	35.00	7.6463	9.28	2020-09-20	12:14:59
264.5521	16.07	35.00	7.5100	9.33	2020-09-20	13:14:59
264.5937	17.28	35.00	7.9261	9.35	2020-09-20	14:14:59
264.6354	17.26	35.00	7.9822	9.37	2020-09-20	15:14:59
264.6771	17.45	35.00	8.0153	9.38	2020-09-20	16:14:59
264.7187	17.50	35.00	8.0087	9.38	2020-09-20	17:14:59
264.7604	17.61	35.00	8.0027	9.40	2020-09-20	18:14:59
264.8021	17.59	35.00	8.0330	9.42	2020-09-20	19:14:59
264.8437	17.52	35.00	8.0221	9.43	2020-09-20	20:14:59
264.8854	17.59	35.00	8.0311	9.39	2020-09-20	21:14:59
264.9271	17.57	35.00	8.0041	9.33	2020-09-20	22:14:59
264.9687	17.47	35.00	0.0000	9.28	2020-09-20	23:14:59
265.0104	17.03	35.00	7.8516	9.31	2020-09-21	00:14:59
265.0521	16.60	35.00	7.6705	9.33	2020-09-21	01:14:59
265.0937	16.37	35.00	7.5704	9.36	2020-09-21	02:14:59
265.1354	16.72	35.00	7.9817	9.37	2020-09-21	03:14:59
265.1771	16.53	35.00	7.9885	9.38	2020-09-21	04:14:59
265.2187	16.23	35.00	7.9945	9.37	2020-09-21	05:14:59
265.2604	16.23	35.00	7.9852	9.36	2020-09-21	06:14:59
265.3021	16.44	35.00	7.9815	9.37	2020-09-21	07:14:59
265.3437	16.81	35.00	7.9715	9.39	2020-09-21	08:14:59
265.3854	16.60	35.00	7.9693	9.39	2020-09-21	09:14:59
265.4271	16.16	35.00	7.9663	9.32	2020-09-21	10:14:59
265.4687	15.67	35.00	7.9289	9.30	2020-09-21	11:14:59
265.5104	15.35	35.00	7.8674	9.27	2020-09-21	12:14:59
265.5521	15.23	35.00	7.7415	9.28	2020-09-21	13:14:59
265.5937	15.26	35.00	7.6764	9.33	2020-09-21	14:14:59
265.6354	16.58	35.00	8.0153	9.34	2020-09-21	15:14:59
265.6771	16.49	35.00	8.0161	9.36	2020-09-21	16:14:59
265.7187	17.33	35.00	8.0383	9.38	2020-09-21	17:14:59
265.7604	17.21	35.00	8.0325	9.39	2020-09-21	18:14:59
265.8021	16.81	35.00	8.0262	9.39	2020-09-21	19:14:59
265.8437	16.91	35.00	8.0320	9.40	2020-09-21	20:14:59
265.8854	16.86	35.00	8.0496	9.42	2020-09-21	21:14:59
265.9271	16.84	35.00	8.0341	9.35	2020-09-21	22:14:59
265.9687	16.79	35.00	8.0132	9.32	2020-09-21	23:14:59
266.0104	16.84	35.00	7.9580	9.31	2020-09-22	00:14:59
266.0521	16.58	35.00	7.8484	9.30	2020-09-22	01:14:59
266.0937	16.21	35.00	7.7360	9.33	2020-09-22	02:14:59
266.1354	16.00	35.00	7.6228	9.37	2020-09-22	03:14:59
266.1771	16.86	35.00	7.9714	9.38	2020-09-22	04:14:59
266.2187	16.89	35.00	7.9713	9.39	2020-09-22	05:14:59
266.2604	16.91	35.00	7.9674	9.40	2020-09-22	06:14:59
266.3021	17.07	35.00	7.9735	9.40	2020-09-22	07:14:59
266.3437	17.14	35.00	7.9751	9.41	2020-09-22	08:14:59
266.3854	17.05	35.00	7.9659	9.42	2020-09-22	09:14:59
266.4271	16.86	35.00	7.9559	9.42	2020-09-22	10:14:59
266.4687	16.70	35.00	7.9539	9.35	2020-09-22	11:14:59
266.5104	16.25	35.00	7.9241	9.34	2020-09-22	12:14:59
266.5521	15.70	35.00	7.8599	9.32	2020-09-22	13:14:59
266.5937	15.46	35.00	7.7692	9.33	2020-09-22	14:14:59
266.6354	15.49	35.00	7.7563	9.36	2020-09-22	15:14:59
266.6771	16.79	35.00	7.9882	9.38	2020-09-22	16:14:59
266.7187	16.98	35.00	8.0309	9.39	2020-09-22	17:14:59
266.7604	16.89	35.00	8.0474	9.40	2020-09-22	18:14:59
266.8021	17.28	35.00	8.0163	9.38	2020-09-22	19:14:59
266.8437	17.24	35.00	8.0018	9.42	2020-09-22	20:14:59
266.8854	17.33	35.00	7.9024	9.43	2020-09-22	21:14:59
266.9271	17.19	35.00	7.9747	9.44	2020-09-22	22:14:59
266.9687	17.05	35.00	7.9838	9.44	2020-09-22	23:14:59
267.0104	16.98	35.00	7.9857	9.38	2020-09-23	00:14:59
267.0521	16.65	35.00	7.9647	9.36	2020-09-23	01:14:59
267.0937	16.09	35.00	7.9129	9.29	2020-09-23	02:14:59
267.1354	15.72	35.00	7.8524	9.32	2020-09-23	03:14:59
267.1771	15.51	35.00	7.8117	9.35	2020-09-23	04:14:59
267.2187	15.40	35.00	7.7741	9.37	2020-09-23	05:14:59
267.2604	16.23	35.00	7.9155	9.38	2020-09-23	06:14:59
267.3021	16.39	35.00	7.9277	9.39	2020-09-23	07:14:59
267.3437	16.07	35.00	7.9122	9.39	2020-09-23	08:14:59
267.3854	15.90	35.00	7.8847	9.39	2020-09-23	09:14:59
267.4271	15.93	35.00	7.8934	9.40	2020-09-23	10:14:59
267.4687	15.81	35.00	7.8939	9.38	2020-09-23	11:14:59
267.5104	15.77	35.00	7.9031	9.33	2020-09-23	12:14:59
267.5521	15.46	35.00	7.8550	9.31	2020-09-23	13:14:59
267.5937	15.14	35.00	7.7248	9.30	2020-09-23	14:14:59
267.6354	15.12	35.00	7.6090	9.32	2020-09-23	15:14:59
267.6771	15.28	35.00	7.5410	9.35	2020-09-23	16:14:59
267.7187	16.77	35.00	7.8947	9.37	2020-09-23	17:14:59
267.7604	17.28	35.00	7.9521	9.40	2020-09-23	18:14:59
267.8021	17.40	35.00	7.9735	9.42	2020-09-23	19:14:59
267.8437	17.40	35.00	7.9781	9.43	2020-09-23	20:14:59
267.8854	17.14	35.00	7.9853	9.43	2020-09-23	21:14:59
267.9271	17.03	35.00	7.9763	9.44	2020-09-23	22:14:59
267.9687	16.98	35.00	7.9708	9.45	2020-09-23	23:14:59
268.0104	17.12	35.00	7.9566	9.39	2020-09-24	00:14:59
268.0521	17.31	35.00	7.9237	9.37	2020-09-24	01:14:59
268.0937	17.33	35.00	7.7929	9.35	2020-09-24	02:14:59
268.1354	17.07	35.00	7.6227	9.35	2020-09-24	03:14:59
268.1771	16.77	35.00	7.4441	9.38	2020-09-24	04:14:59
268.2187	16.63	35.00	7.3559	9.41	2020-09-24	05:14:59
268.2604	16.81	35.00	7.8794	9.42	2020-09-24	06:14:59
268.3021	16.74	35.00	7.9289	9.43	2020-09-24	07:14:59
268.3437	16.77	35.00	7.9472	9.42	2020-09-24	08:14:59
268.3854	16.74	35.00	7.9158	9.43	2020-09-24	09:14:59
268.4271	16.72	35.00	7.8970	9.42	2020-09-24	10:14:59
268.4687	16.72	35.00	7.9168	9.44	2020-09-24	11:14:59
268.5104	16.72	35.00	7.9110	9.44	2020-09-24	12:14:59
268.5521	16.74	35.00	7.9193	9.40	2020-09-24	13:14:59
268.5937	16.89	35.00	7.9010	9.39	2020-09-24	14:14:59
268.6354	17.10	35.00	7.8586	9.39	2020-09-24	15:14:59
268.6771	17.31	35.00	7.7066	9.43	2020-09-24	16:14:59
268.7187	17.43	35.00	7.6951	9.45	2020-09-24	17:14:59
268.7604	17.80	35.00	7.9801	9.47	2020-09-24	18:14:59
268.8021	17.90	35.00	8.0005	9.48	2020-09-24	19:14:59
268.8437	17.73	35.00	8.0160	9.48	2020-09-24	20:14:59
268.8854	17.71	35.00	8.0124	9.48	2020-09-24	21:14:59
268.9271	17.78	35.00	8.0199	9.48	2020-09-24	22:14:59
268.9687	17.71	35.00	8.0061	9.48	2020-09-24	23:14:59
269.0104	17.69	35.00	7.9878	9.49	2020-09-25	00:14:59
269.0521	17.71	35.00	7.9884	9.46	2020-09-25	01:14:59
269.0937	17.69	35.00	7.9874	9.43	2020-09-25	02:14:59
269.1354	17.64	35.00	7.9033	9.40	2020-09-25	03:14:59
269.1771	17.61	35.00	7.7760	9.42	2020-09-25	04:14:59
269.2187	17.61	35.00	0.0000	9.43	2020-09-25	05:14:59
269.2604	17.61	35.00	7.4399	9.47	2020-09-25	06:14:59
269.3021	17.43	35.00	7.7747	9.48	2020-09-25	07:14:59
269.3437	17.43	35.00	7.9449	9.48	2020-09-25	08:14:59
269.3854	17.43	35.00	7.9681	9.48	2020-09-25	09:14:59
269.4271	17.40	35.00	7.9851	9.48	2020-09-25	10:14:59
269.4687	17.36	35.00	7.9553	9.48	2020-09-25	11:14:59
269.5104	17.38	35.00	7.9358	9.49	2020-09-25	12:14:59
269.5521	17.40	35.00	7.9192	9.49	2020-09-25	13:14:59
269.5937	17.50	35.00	7.9448	9.46	2020-09-25	14:14:59
269.6354	17.66	35.00	7.9389	9.45	2020-09-25	15:14:59
269.6771	18.07	35.00	7.8473	9.45	2020-09-25	16:14:59
269.7187	18.45	35.00	7.6379	9.49	2020-09-25	17:14:59
269.7604	18.64	35.00	7.6066	9.51	2020-09-25	18:14:59
269.8021	18.47	35.00	7.9983	9.52	2020-09-25	19:14:59
269.8437	18.61	35.00	8.0291	9.52	2020-09-25	20:14:59
269.8854	18.73	35.00	8.0175	9.53	2020-09-25	21:14:59
269.9271	18.76	35.00	8.0086	9.53	2020-09-25	22:14:59
269.9687	18.78	35.00	8.0192	9.53	2020-09-25	23:14:59
270.0104	18.64	35.00	8.0175	9.54	2020-09-26	00:14:59
270.0521	18.54	35.00	7.9926	9.54	2020-09-26	01:14:59
270.0937	18.59	35.00	7.9960	9.52	2020-09-26	02:14:59
270.1354	18.66	35.00	7.9694	9.50	2020-09-26	03:14:59
270.1771	18.66	35.00	7.8792	9.48	2020-09-26	04:14:59
270.2187	18.59	35.00	7.7751	9.48	2020-09-26	05:14:59
270.2604	18.66	35.00	7.5729	9.50	2020-09-26	06:14:59
270.3021	18.68	35.00	7.4008	9.53	2020-09-26	07:14:59
270.3437	18.11	35.00	7.8837	9.53	2020-09-26	08:14:59
270.3854	18.21	35.00	7.9227	9.53	2020-09-26	09:14:59
270.4271	18.21	35.00	7.9732	9.53	2020-09-26	10:14:59
270.4687	18.18	35.00	7.9776	9.53	2020-09-26	11:14:59
270.5104	18.16	35.00	7.9319	9.53	2020-09-26	12:14:59
270.5521	18.16	35.00	7.9085	9.53	2020-09-26	13:14:59
270.5937	18.21	35.00	7.9186	9.53	2020-09-26	14:14:59
270.6354	18.33	35.00	7.9369	9.51	2020-09-26	15:14:59
270.6771	18.52	35.00	7.9394	9.50	2020-09-26	16:14:59
270.7187	18.78	35.00	7.8441	9.51	2020-09-26	17:14:59
270.7604	19.19	35.00	7.6385	9.54	2020-09-26	18:14:59
270.8021	19.29	35.00	7.6226	9.56	2020-09-26	19:14:59
270.8437	19.14	35.00	7.9599	9.56	2020-09-26	20:14:59
270.8854	19.19	35.00	8.0003	9.57	2020-09-26	21:14:59
270.9271	19.29	35.00	8.0198	9.57	2020-09-26	22:14:59
270.9687	19.16	35.00	8.0246	9.56	2020-09-26	23:14:59
271.0104	19.09	35.00	7.9879	9.56	2020-09-27	00:14:59
271.0521	19.02	35.00	7.9852	9.57	2020-09-27	01:14:59
271.0937	19.04	35.00	7.9784	9.57	2020-09-27	02:14:59
271.1354	18.97	35.00	7.9775	9.55	2020-09-27	03:14:59
271.1771	18.97	35.00	7.9744	9.53	2020-09-27	04:14:59
271.2187	18.92	35.00	7.9126	9.51	2020-09-27	05:14:59
271.2604	18.95	35.00	7.7849	9.52	2020-09-27	06:14:59
271.3021	19.02	35.00	7.6000	9.53	2020-09-27	07:14:59
271.3437	19.04	35.00	7.4399	9.55	2020-09-27	08:14:59
271.3854	18.85	35.00	7.8745	9.56	2020-09-27	09:14:59
271.4271	18.66	35.00	7.9137	9.55	2020-09-27	10:14:59
271.4687	18.66	35.00	7.9053	9.55	2020-09-27	11:14:59
271.5104	18.76	35.00	7.9070	9.55	2020-09-27	12:14:59
271.5521	18.83	35.00	7.9383	9.56	2020-09-27	13:14:59
271.5937	18.95	35.00	7.9658	9.40	2020-09-27	14:14:59
271.6354	19.04	35.00	7.9674	9.44	2020-09-27	15:14:59
271.6771	19.33	35.00	7.9507	9.45	2020-09-27	16:14:59
271.7187	19.57	35.00	7.9009	9.46	2020-09-27	17:14:59
271.7604	20.06	35.00	7.8592	9.46	2020-09-27	18:14:59
271.8021	20.57	35.00	7.7279	9.50	2020-09-27	19:14:59
271.8437	20.79	35.00	7.6441	9.53	2020-09-27	20:14:59
271.8854	20.30	35.00	7.9874	9.54	2020-09-27	21:14:59
271.9271	20.18	35.00	7.9865	9.54	2020-09-27	22:14:59
271.9687	20.18	35.00	7.9923	9.54	2020-09-27	23:14:59
272.0104	20.11	35.00	8.0018	9.54	2020-09-28	00:14:59
272.0521	20.08	35.00	7.9883	9.55	2020-09-28	01:14:59
272.0937	20.01	35.00	7.9820	9.55	2020-09-28	02:14:59
272.1354	19.99	35.00	7.9668	9.56	2020-09-28	03:14:59
272.1771	19.91	35.00	7.9798	9.55	2020-09-28	04:14:59
272.2187	19.96	35.00	7.9596	9.52	2020-09-28	05:14:59
272.2604	19.91	35.00	7.8899	9.48	2020-09-28	06:14:59
272.3021	19.94	35.00	7.7750	9.50	2020-09-28	07:14:59
272.3437	20.13	35.00	7.6004	9.51	2020-09-28	08:14:59
272.3854	20.23	35.00	7.4762	9.54	2020-09-28	09:14:59
272.4271	20.01	35.00	7.7575	9.56	2020-09-28	10:14:59
272.4687	19.77	35.00	7.8557	9.56	2020-09-28	11:14:59
272.5104	19.89	35.00	7.8829	9.56	2020-09-28	12:14:59
272.5521	19.89	35.00	7.9291	9.55	2020-09-28	13:14:59
272.5937	19.99	35.00	7.9090	9.56	2020-09-28	14:14:59
272.6354	19.94	35.00	7.9198	9.57	2020-09-28	15:14:59
272.6771	20.04	35.00	7.9116	9.57	2020-09-28	16:14:59
272.7187	20.28	35.00	7.9199	9.56	2020-09-28	17:14:59
272.7604	20.52	35.00	7.8888	9.55	2020-09-28	18:14:59
272.8021	20.84	35.00	7.7994	9.55	2020-09-28	19:14:59
272.8437	21.11	35.00	7.6212	9.58	2020-09-28	20:14:59
272.8854	21.19	35.00	7.5096	9.60	2020-09-28	21:14:59
272.9271	20.47	35.00	7.9010	9.61	2020-09-28	22:14:59
272.9687	20.40	35.00	7.9449	9.60	2020-09-28	23:14:59
273.0104	20.23	35.00	7.9551	9.59	2020-09-29	00:14:59
273.0521	20.28	35.00	7.9396	9.59	2020-09-29	01:14:59
273.0937	20.40	35.00	7.9199	9.59	2020-09-29	02:14:59
273.1354	20.38	35.00	7.9072	9.60	2020-09-29	03:14:59
273.1771	20.38	35.00	7.9167	9.61	2020-09-29	04:14:59
273.2187	20.35	35.00	7.8965	9.58	2020-09-29	05:14:59
273.2604	20.30	35.00	7.9052	9.57	2020-09-29	06:14:59
273.3021	20.30	35.00	7.7849	9.54	2020-09-29	07:14:59
273.3437	20.40	35.00	7.6385	9.56	2020-09-29	08:14:59
273.3854	20.62	35.00	7.3420	9.58	2020-09-29	09:14:59
273.4271	20.70	35.00	7.3071	9.60	2020-09-29	10:14:59
273.4687	20.08	35.00	7.8310	9.60	2020-09-29	11:14:59
273.5104	20.01	35.00	7.8454	9.60	2020-09-29	12:14:59
273.5521	20.01	35.00	7.8651	9.59	2020-09-29	13:14:59
273.5937	20.18	35.00	7.8828	9.59	2020-09-29	14:14:59
273.6354	20.25	35.00	7.9084	9.60	2020-09-29	15:14:59