Year Day	Temperature C	CO2	Battery Voltage
122.6708	11.79		11.70
122.6714			
122.7119	12.36	654.4	12.06
122.7119			
122.7536	12.74	640.2	12.05
122.7536			
122.7952	12.77	626.5	12.06
122.7953			
122.8369	12.18	643.7	12.06
122.8369			
122.8786	11.86	626.7	12.06
122.8786			
122.9202	11.55	613.4	12.06
122.9203			
122.9619	11.57	635.4	12.05
122.9619			
123.0036	11.35	627.6	12.05
123.0036			
123.0452	11.23	627.4	12.05
123.0453			
123.0869	11.17	635.0	12.05
123.0869			
123.1286	11.21	650.7	12.05
123.1286			
123.1702	11.23	668.1	12.05
123.1703			
123.2119	11.37	745.9	12.05
123.2119			
123.2536	11.43	863.6	12.06
123.2536			
123.2952	11.46	994.7	12.06
123.2953			
123.3369	11.43	1018.6	12.06
123.3369			
123.3786	11.39	949.6	12.06
123.3786			
123.4202	11.26	796.9	12.06
123.4203			
123.4619	11.17	790.4	12.06
123.4619			
123.5036	11.10	766.6	12.06
123.5036			
123.5452	11.10	736.6	12.06
123.5453			
123.5869	11.12	714.5	12.06
123.5869			
123.6286	11.14	694.6	12.06
123.6286			
123.6702	11.52	738.4	12.06
123.6703			
123.7119	12.06	793.8	12.06
123.7119			
123.7536	12.49	773.8	12.07
123.7536			
123.7952	12.83	741.0	12.07
123.7953			
123.8369	12.38	749.8	12.07
123.8369			
123.8786	11.91	716.6	12.07
123.8786			
123.9202	12.09	642.3	12.07
123.9203			
123.9619	11.91	628.8	12.07
123.9619			
124.0036	11.95	637.5	12.07
124.0036			
124.0452	11.84	629.5	12.07
124.0453			
124.0869	11.66	645.0	12.07
124.0869			
124.1286	11.61	645.8	12.06
124.1286			
124.1702	11.61	665.1	12.06
124.1703			
124.2119	11.75	693.2	12.07
124.2119			
124.2536	11.97	783.6	12.07
124.2536			
124.2952	12.00	906.9	12.07
124.2953			
124.3369	12.00	1083.5	12.07
124.3369			
124.3786	11.91	1017.6	12.07
124.3786			
124.4202	11.70	877.5	12.06
124.4203			
124.4619	11.59	834.1	12.07
124.4619			
124.5036	11.30	802.7	12.06
124.5036			
124.5452	11.26	762.5	12.06
124.5453			
124.5869	11.26	739.6	12.06
124.5869			
124.6286	11.23	720.5	12.06
124.6286			
124.6702	11.23	703.2	12.06
124.6703			
124.7119	11.48	723.4	12.06
124.7119			
124.7536	11.91	846.4	12.06
124.7536			
124.7952	12.22	858.3	12.07
124.7953			
124.8369	12.20	871.1	12.07
124.8369			
124.8786	11.91	846.5	12.07
124.8786			
124.9202	11.61	757.0	12.06
124.9203			
124.9619	11.59	742.9	12.06
124.9619			
125.0036	11.59	694.5	12.06
125.0036			
125.0452	11.52	692.7	12.06
125.0453			
125.0869	11.52	695.2	12.06
125.0869			
125.1286	11.50	689.9	12.06
125.1286			
125.1702	11.46	701.6	12.06
125.1703			
125.2119	11.66	770.7	12.06
125.2119			
125.2536	11.86	837.7	12.06
125.2536			
125.2952	11.93	1095.4	12.06
125.2953			
125.3369	11.91	1224.1	12.06
125.3369			
125.3786	11.88	1159.7	12.07
125.3786			
125.4202	11.77	1016.1	12.06
125.4203			
125.4619	11.68	1007.9	12.06
125.4619			
125.5036	11.61	920.3	12.06
125.5036			
125.5452	11.66	877.4	12.06
125.5453			
125.5869	11.86	817.4	12.06
125.5869			
125.6286	11.86	762.3	12.06
125.6286			
125.6702	12.00	735.9	12.06
125.6703			
125.7119	12.31	734.4	12.06
125.7119			
125.7536	13.81	764.8	12.07
125.7536			
125.7952	14.20	728.4	12.08
125.7953			
125.8369	15.21	622.3	12.08
125.8369			
125.8786	14.59	632.2	12.09
125.8786			
125.9202	12.74	682.2	12.08
125.9203			
125.9619	12.70	680.8	12.07
125.9619			
126.0036	12.67	657.4	12.07
126.0036			
126.0452	12.61	641.4	12.07
126.0453			
126.0869	12.56	656.9	12.07
126.0869			
126.1286	12.56	663.5	12.07
126.1286			
126.1702	12.40	675.0	12.06
126.1703			
126.2124	12.40		11.76
126.2131			
126.2536	12.56	695.3	12.07
126.2536			
126.2952	13.20	755.2	12.07
126.2953			
126.3369	13.31	902.8	12.07
126.3369			
126.3786	13.20	925.7	12.06
126.3786			
126.4202	12.72	892.3	12.06
126.4203			
126.4619	12.49	842.4	12.06
126.4619			
126.5036	12.45	839.7	12.06
126.5036			
126.5452	12.45	855.4	12.06
126.5453			
126.5869	12.25	796.1	12.06
126.5869			
126.6286	12.36	758.0	12.06
126.6286			
126.6702	12.29	721.8	12.06
126.6703			
126.7119	12.29	677.3	12.06
126.7119			
126.7536	13.11	689.7	12.06
126.7536			
126.7952	13.26	682.2	12.06
126.7953			
126.8369	13.67	645.3	12.06
126.8369			
126.8786	13.83	634.9	12.07
126.8786			
126.9202	13.13	707.3	12.07
126.9203			
126.9619	12.88	678.8	12.06
126.9619			
127.0036	12.70	727.2	12.06
127.0036			
127.0452	12.47	737.1	12.06
127.0453			
127.0869	12.43	714.6	12.06
127.0869			
127.1286	12.29	741.8	12.06
127.1286			
127.1702	12.27	725.3	12.06
127.1703			
127.2119	12.25	736.2	12.06
127.2119			
127.2536	12.20	735.1	12.06
127.2536			
127.2952	12.54	778.5	12.06
127.2953			
127.3369	12.77	924.8	12.06
127.3369			
127.3786	12.67	932.9	12.06
127.3786			
127.4202	12.61	915.8	12.06
127.4203			
127.4619	12.47	896.9	12.06
127.4619			
127.5036	12.40	909.9	12.06
127.5036			
127.5452	12.38	1029.7	12.06
127.5453			
127.5869	12.36	1147.3	12.06
127.5869			
127.6286	12.27	916.8	12.05
127.6286			
127.6702	12.16	825.0	12.05
127.6703			
127.7119	12.06	791.1	12.05
127.7119			
127.7536	12.11	792.6	12.05
127.7536			
127.7952	12.16	804.1	12.05
127.7953			
127.8369	12.22	795.1	12.05
127.8369			
127.8786	12.38	721.1	12.05
127.8786			
127.9202	12.36	715.3	12.05
127.9203			
127.9619	12.22	763.9	12.05
127.9619			
128.0036	12.22	837.7	12.05
128.0036			
128.0452	12.02	747.8	12.05
128.0453			
128.0869	12.04	748.2	12.05
128.0869			
128.1286	11.91	754.2	12.04
128.1286			
128.1702	11.77	731.0	12.04
128.1703			
128.2119	11.50	714.7	12.04
128.2119			
128.2536	11.39	713.3	12.04
128.2536			
128.2952	11.26	733.1	12.04
128.2953			
128.3369	11.03	768.4	12.04
128.3369			
128.3786	10.94	850.7	12.03
128.3786			
128.4202	11.01	854.7	12.04
128.4203			
128.4619	10.83	861.4	12.04
128.4619			
128.5036	10.63	920.6	12.03
128.5036			
128.5452	10.56	991.8	12.03
128.5453			
128.5869	10.87	1042.7	12.03
128.5869			
128.6286	11.17	954.6	12.03
128.6286			
128.6702	11.59	748.8	12.04
128.6703			
128.7119	11.79	716.4	12.04
128.7119			
128.7536	12.02	671.5	12.04
128.7536			
128.7952	12.16	678.5	12.04
128.7953			
128.8369	12.63	653.2	12.04
128.8369			
128.8786	12.86	620.9	12.05
128.8786			
128.9202	13.04	602.0	12.05
128.9203			
128.9619	12.86	629.3	12.05
128.9619			
129.0036	12.65	623.1	12.05
129.0036			
129.0452	12.27	703.7	12.05
129.0453			
129.0869	12.31	662.5	12.04
129.0869			
129.1286	12.18	665.6	12.04
129.1286			
129.1702	11.70	632.8	12.04
129.1703			
129.2119	11.55	663.2	12.04
129.2119			
129.2536	11.19	682.6	12.03
129.2536			
129.2952	11.32	681.9	12.03
129.2953			
129.3369	11.21	699.1	12.03
129.3369			
129.3786	11.23	704.8	12.03
129.3786			
129.4202	10.74	713.9	12.03
129.4203			
129.4619	10.58	754.1	12.03
129.4619			
129.5036	10.63	831.6	12.03
129.5036			
129.5452	10.85	871.2	12.02
129.5453			
129.5869	11.10	881.9	12.03
129.5869			
129.6286	11.39	880.1	12.03
129.6286			
129.6702	11.70	852.6	12.03
129.6703			
129.7119	11.66	684.0	12.03
129.7119			
129.7541	11.73		11.72
129.7547			
129.7952	11.86	616.9	12.04
129.7953			
129.8369	12.40	615.7	12.04
129.8369			
129.8786	12.90	588.3	12.04
129.8786			
129.9202	13.11	537.4	12.04
129.9203			
129.9619	13.26	518.8	12.04
129.9619			
130.0036	12.99	549.7	12.04
130.0036			
130.0452	13.11	565.6	12.04
130.0453			
130.0869	12.72	633.0	12.04
130.0869			
130.1286	12.02	722.4	12.03
130.1286			
130.1702	11.91	657.5	12.03
130.1703			
130.2119	11.23	633.0	12.03
130.2119			
130.2536	11.01	655.8	12.02
130.2536			
130.2952	10.92	660.9	12.02
130.2953			
130.3369	10.94	658.6	12.02
130.3369			
130.3786	10.94	680.0	12.02
130.3786			
130.4202	10.85	683.9	12.02
130.4203			
130.4619	10.72	701.4	12.02
130.4619			
130.5036	10.74	767.9	12.01
130.5036			
130.5452	10.94	807.8	12.02
130.5453			
130.5869	11.05	804.3	12.02
130.5869			
130.6286	11.26	818.3	12.02
130.6286			
130.6702	11.14	788.3	12.02
130.6703			
130.7119	11.30	668.3	12.02
130.7119			
130.7536	11.41	637.6	12.02
130.7536			
130.7952	11.35	600.8	12.02
130.7953			
130.8369	11.50	592.0	12.02
130.8369			
130.8786	11.48	584.7	12.02
130.8786			
130.9202	11.95	553.8	12.02
130.9203			
130.9619	11.75	553.2	12.02
130.9619			
131.0036	12.65	472.0	12.02
131.0036			
131.0452	12.74	415.6	12.03
131.0453			
131.0869	12.67	437.8	12.03
131.0869			
131.1286	11.93	488.2	12.03
131.1286			
131.1702	11.68	605.1	12.02
131.1703			
131.2119	11.23	637.3	12.02
131.2119			
131.2536	11.05	647.2	12.02
131.2536			
131.2952	11.01	662.1	12.02
131.2953			
131.3369	10.83	670.1	12.01
131.3369			
131.3786	10.76	680.8	12.01
131.3786			
131.4202	10.81	685.6	12.01
131.4203			
131.4619	10.92	703.3	12.01
131.4619			
131.5036	10.99	751.7	12.01
131.5036			
131.5452	11.12	783.3	12.01
131.5453			
131.5869	11.37	841.9	12.01
131.5869			
131.6286	11.43	846.6	12.02
131.6286			
131.6702	11.64	830.3	12.01
131.6703			
131.7119	11.37	745.1	12.02
131.7119			
131.7536	11.35	625.9	12.01
131.7536			
131.7952	11.28	601.4	12.01
131.7953			
131.8369	11.23	618.4	12.01
131.8369			
131.8786	11.26	741.3	12.01
131.8786			
131.9202	11.30	832.7	12.01
131.9203			
131.9619	11.59	978.3	12.01
131.9619			
132.0036	11.91	1133.7	12.02
132.0036			
132.0452	12.06	670.5	12.02
132.0453			
132.0869	12.02	888.1	12.02
132.0869			
132.1286	12.04	1067.8	12.02
132.1286			
132.1702	11.43	1209.8	12.02
132.1703			
132.2119	11.28	864.5	12.01
132.2119			
132.2536	11.08	830.3	12.01
132.2536			
132.2952	10.90	852.6	12.00
132.2953			
132.3369	10.85	965.4	12.00
132.3369			
132.3786	10.74	1278.9	12.00
132.3786			
132.4202	10.76	1320.0	12.00
132.4203			
132.4619	10.87	1540.8	12.00
132.4619			
132.5036	11.05	1907.2	12.00
132.5036			
132.5452	11.48	1002.6	12.00
132.5453			
132.5869	11.66	981.7	12.01
132.5869			
132.6286	11.79	994.4	12.01
132.6286			
132.6702	11.57	911.6	12.01
132.6703			
132.7119	11.39	909.2	12.00
132.7119			
132.7536	11.61	793.4	12.01
132.7536			
132.7952	12.34	687.3	12.01
132.7953			
132.8369	12.90	683.6	12.01
132.8369			
132.8786	12.54	651.5	12.02
132.8786			
132.9202	12.43	653.9	12.02
132.9203			
132.9619	12.58	634.0	12.02
132.9619			
133.0036	14.13	598.0	12.02
133.0036			
133.0452	14.34	580.5	12.02
133.0453			
133.0869	14.59	627.3	12.03
133.0869			
133.1286	14.52	685.8	12.03
133.1286			
133.1702	13.79	672.4	12.03
133.1703			
133.2119	13.13	743.0	12.02
133.2119			
133.2536	12.54	781.5	12.02
133.2536			
133.2957	11.93		11.71
133.2964			
133.3369	11.97	716.1	12.02
133.3369			
133.3786	11.70	755.9	12.01
133.3786			
133.4202	11.64	765.1	12.00
133.4203			
133.4619	11.79	745.6	12.00
133.4619			
133.5036	12.27	813.3	12.00
133.5036			
133.5452	12.65	912.2	12.00
133.5453			
133.5869	13.31	1120.2	12.00
133.5869			
133.6286	13.58	1181.9	12.01
133.6286			
133.6702	12.97	1011.7	12.01
133.6703			
133.7119	12.97	921.1	12.00
133.7119			
133.7536	12.58	881.6	12.00
133.7536			
133.7952	13.31	722.7	12.00
133.7953			
133.8369	13.72	678.9	12.00
133.8369			
133.8786	13.45	648.3	12.01
133.8786			
133.9202	13.08	645.1	12.01
133.9203			
133.9619	12.77	631.2	12.00
133.9619			
134.0036	13.38	630.5	12.00
134.0036			
134.0452	14.80	667.9	12.01
134.0453			
134.0869	15.42	767.6	12.02
134.0869			
134.1286	16.16	1012.2	12.02
134.1286			
134.1702	16.16	1125.4	12.03
134.1703			
134.2119	15.77	1094.3	12.03
134.2119			
134.2536	15.07	932.8	12.03
134.2536			
134.2952	14.50	848.5	12.02
134.2953			
134.3369	12.88	778.9	12.01
134.3369			
134.3786	12.63	771.4	12.00
134.3786			
134.4202	12.40	764.6	12.00
134.4203			
134.4619	12.27	755.2	11.99
134.4619			
134.5036	12.58	766.5	11.99
134.5036			
134.5452	13.38	893.8	12.00
134.5453			
134.5869	14.08	1048.6	12.00
134.5869			
134.6286	15.00	1154.1	12.01
134.6286			
134.6702	15.65	1195.4	12.02
134.6703			
134.7119	14.45	1047.8	12.01
134.7119			
134.7536	13.88	970.6	12.01
134.7536			
134.7952	13.61	803.4	12.01
134.7953			
134.8369	14.59	698.7	12.00
134.8369			
134.8786	14.22	670.1	12.01
134.8786			
134.9202	13.74	652.9	12.01
134.9203			
134.9619	13.33	634.7	12.00
134.9619			
135.0036	13.40	650.5	12.00
135.0036			
135.0452	13.70	655.1	12.00
135.0453			
135.0869	14.80	767.2	12.00
135.0869			
135.1286	15.65	1034.0	12.01
135.1286			
135.1702	16.16	1592.9	12.02
135.1703			
135.2119	16.02	1716.0	12.02
135.2119			
135.2536	15.67	1537.4	12.02
135.2536			
135.2952	15.16	1230.5	12.02
135.2953			
135.3369	14.86	1140.3	12.01
135.3369			
135.3786	14.08	884.5	12.00
135.3786			
135.4202	13.56	795.8	12.00
135.4203			
135.4619	13.36	771.8	12.00
135.4619			
135.5036	13.17	748.7	11.99
135.5036			
135.5452	13.58	770.5	11.99
135.5453			
135.5869	14.45	892.2	12.00
135.5869			
135.6286	15.03	988.4	12.00
135.6286			
135.6702	16.07	1174.6	12.00
135.6703			
135.7119	16.58	1210.9	12.01
135.7119			
135.7536	16.11	1147.0	12.02
135.7536			
135.7952	15.28	977.0	12.02
135.7953			
135.8369	14.98	761.0	12.01
135.8369			
135.8786	15.26	706.8	12.01
135.8786			
135.9202	14.91	653.4	12.00
135.9203			
135.9619	14.04	631.3	12.00
135.9619			
136.0036	13.79	644.2	12.00
136.0036			
136.0452	13.99	658.4	12.00
136.0453			
136.0869	14.59	700.5	12.00
136.0869			
136.1286	15.23	834.1	12.00
136.1286			
136.1702	15.65	1067.7	12.00
136.1703			
136.2119	15.90	1466.4	12.01
136.2119			
136.2536	15.90	1633.6	12.01
136.2536			
136.2952	15.86	1732.8	12.01
136.2953			
136.3369	15.60	1549.4	12.01
136.3369			
136.3786	14.73	1147.4	12.00
136.3786			
136.4202	14.08	949.2	12.00
136.4203			
136.4619	13.77	832.8	11.99
136.4619			
136.5036	13.51	757.1	11.99
136.5036			
136.5452	13.61	768.1	11.99
136.5453			
136.5869	13.92	786.7	11.99
136.5869			
136.6286	14.68	872.0	11.99
136.6286			
136.6702	15.65	976.0	12.00
136.6703			
136.7119	16.84	1054.5	12.00
136.7119			
136.7536	17.14	1018.8	12.01
136.7536			
136.7952	16.51	1007.9	12.02
136.7953			
136.8374	16.07		11.73
136.8381			
136.8786	15.46	722.7	12.02
136.8786			
136.9202	15.70	692.7	12.01
136.9203			
136.9619	15.12	653.2	12.00
136.9619			
137.0036	14.29	647.2	12.00
137.0036			
137.0452	14.18	667.7	11.99
137.0453			
137.0869	14.34	682.5	11.99
137.0869			
137.1286	15.00	742.0	11.99
137.1286			
137.1702	15.72	921.0	11.99
137.1703			
137.2119	15.93	1122.4	12.00
137.2119			
137.2536	16.07	1382.4	12.00
137.2536			
137.2952	16.07	1635.4	12.00
137.2953			
137.3369	16.00	1725.3	12.00
137.3369			
137.3786	15.93	1852.0	12.00
137.3786			
137.4202	15.51	1313.8	12.00
137.4203			
137.4619	14.54	1002.6	11.99
137.4619			
137.5036	14.22	814.8	11.99
137.5036			
137.5452	13.97	739.4	11.98
137.5453			
137.5869	14.18	751.7	11.98
137.5869			