Year Day	Temperature C	CO2	Battery Voltage
297.7396	14.96		0.00
297.7812	15.35		0.00
297.7853	15.33		10.64
297.7861			
297.8265	15.26	1984.0	10.96
297.8266			
297.8682	15.26	1893.2	10.92
297.8683			
297.9098	15.28	1494.7	10.89
297.9100			
297.9515	15.19	1622.0	10.88
297.9516			
297.9932	15.21	1344.3	10.87
297.9933			
298.0348	15.14	1172.2	10.87
298.0350			
298.0765	15.05	1291.8	10.87
298.0766			
298.1182	15.03	1481.9	10.87
298.1183			
298.1598	15.05	1468.7	10.86
298.1600			
298.2015	15.07	1242.6	10.86
298.2016			
298.2432	15.03	1277.5	10.86
298.2433			
298.2848	14.82	1038.6	10.86
298.2850			
298.3265	14.75	1018.3	10.85
298.3266			
298.3682	14.77	961.9	10.85
298.3683			
298.4098	14.77	993.1	10.85
298.4100			
298.4515	14.70	1010.3	10.85
298.4516			
298.4932	14.54	1020.9	10.85
298.4933			
298.5348	14.41	1232.1	10.85
298.5350			
298.5765	14.41	1479.0	10.84
298.5766			
298.6182	14.54	1694.1	10.84
298.6183			
298.6598	14.63	1639.4	10.84
298.6600			
298.7015	14.75	1426.9	10.84
298.7016			
298.7432	14.91	1239.3	10.84
298.7433			
298.7848	15.65	904.7	10.84
298.7850			
298.8265	15.72	754.8	10.85
298.8266			
298.8682	15.65	770.1	10.85
298.8683			
298.9098	15.53	737.0	10.85
298.9100			
298.9515	15.60	729.5	10.85
298.9516			
298.9932	15.67	747.7	10.84
298.9933			
299.0348	15.77	769.3	10.84
299.0350			
299.0765	15.86	944.5	10.84
299.0766			
299.1182	15.86	1194.3	10.84
299.1183			
299.1598	15.84	1392.4	10.84
299.1600			
299.2015	15.81	1194.3	10.84
299.2016			
299.2432	15.67	1059.3	10.83
299.2433			
299.2848	15.53	930.6	10.83
299.2850			
299.3265	15.33	826.9	10.83
299.3266			
299.3682	15.28	785.8	10.82
299.3683			
299.4098	15.23	807.6	10.82
299.4100			
299.4515	15.23	850.2	10.81
299.4516			
299.4932	15.21	816.9	10.81
299.4933			
299.5348	15.19	909.0	10.81
299.5350			
299.5765	15.23	1143.5	10.81
299.5766			
299.6182	15.49	1520.1	10.81
299.6183			
299.6598	15.72	1727.1	10.81
299.6600			
299.7015	15.70	1820.2	10.81
299.7016			
299.7432	15.70	1411.5	10.80
299.7433			
299.7848	15.70	1120.5	10.81
299.7850			
299.8265	16.28	745.8	10.80
299.8266			
299.8682	16.14	662.6	10.81
299.8683			
299.9098	15.84	660.3	10.80
299.9100			
299.9515	15.84	694.4	10.80
299.9516			
299.9932	15.86	682.2	10.79
299.9933			
300.0348	16.02	700.3	10.80
300.0350			
300.0765	16.11	820.6	10.79
300.0766			
300.1182	16.25	1138.2	10.79
300.1183			
300.1598	16.28	1528.7	10.79
300.1600			
300.2015	16.25	1633.2	10.79
300.2016			
300.2432	16.14	1322.1	10.79
300.2433			
300.2848	15.95	1100.2	10.78
300.2850			
300.3265	15.77	883.4	10.78
300.3266			
300.3682	15.56	859.0	10.78
300.3683			
300.4098	15.49	762.1	10.77
300.4100			
300.4515	15.46	741.2	10.77
300.4516			
300.4932	15.46	777.2	10.76
300.4933			
300.5348	15.51	815.9	10.76
300.5350			
300.5765	15.53	985.5	10.76
300.5766			
300.6182	15.63	1223.1	10.76
300.6183			
300.6598	15.88	1593.0	10.76
300.6600			
300.7015	16.02	1861.4	10.76
300.7016			
300.7432	16.11	1954.2	10.76
300.7433			
300.7848	15.95	1706.7	10.76
300.7850			
300.8265	15.90	1248.8	10.76
300.8266			
300.8682	16.23	857.8	10.76
300.8683			
300.9098	15.90	705.0	10.76
300.9100			
300.9515	15.74	680.3	10.75
300.9516			
300.9932	15.72	688.4	10.75
300.9933			
301.0348	15.74	701.0	10.75
301.0350			
301.0765	15.81	780.0	10.75
301.0766			
301.1182	15.79	997.0	10.75
301.1183			
301.1598	15.74	1487.5	10.74
301.1600			
301.2015	15.70	1867.1	10.74
301.2016			
301.2432	15.72	1818.4	10.74
301.2433			
301.2848	15.72	1597.2	10.74
301.2850			
301.3270	15.72		10.63
301.3278			
301.3682	15.46	971.7	10.92
301.3683			
301.4098	15.51	828.7	10.88
301.4100			
301.4515	15.51	763.2	10.85
301.4516			
301.4932	15.51	739.0	10.84
301.4933			
301.5348	15.49	762.5	10.83
301.5350			
301.5765	15.56	805.5	10.83
301.5766			
301.6182	15.70	981.1	10.82
301.6183			
301.6598	15.97	1187.0	10.82
301.6600			
301.7015	16.46	1371.0	10.83
301.7016			
301.7432	16.79	1587.2	10.83
301.7433			
301.7848	16.58	1643.8	10.83
301.7850			
301.8265	16.70	1476.0	10.83
301.8266			
301.8682	16.53	1265.3	10.83
301.8683			
301.9098	16.72	782.2	10.83
301.9100			
301.9515	16.25	650.9	10.82
301.9516			
301.9932	16.02	647.5	10.82
301.9933			
302.0348	16.04	657.9	10.81
302.0350			
302.0765	16.21	698.7	10.81
302.0766			
302.1182	16.28	811.2	10.81
302.1183			
302.1598	16.32	1094.1	10.81
302.1600			
302.2015	16.25	1577.6	10.81
302.2016			
302.2432	16.21	1965.0	10.81
302.2433			
302.2848	16.23	2207.7	10.81
302.2850			
302.3265	16.18	1480.2	10.81
302.3266			
302.3682	16.11	1326.7	10.81
302.3683			
302.4098	15.84	987.6	10.80
302.4100			
302.4515	15.79	822.1	10.80
302.4516			
302.4932	15.77	744.0	10.80
302.4933			
302.5348	15.70	711.6	10.79
302.5350			
302.5765	15.70	746.8	10.79
302.5766			
302.6182	15.60	806.9	10.80
302.6183			
302.6598	15.46	1017.1	10.79
302.6600			
302.7015	15.30	1271.6	10.78
302.7016			
302.7432	15.09	1598.2	10.78
302.7433			
302.7848	15.00	1789.0	10.78
302.7850			
302.8265	15.14	1978.7	10.78
302.8266			
302.8682	15.26	1673.3	10.77
302.8683			
302.9098	15.44	1248.9	10.77
302.9100			
302.9515	15.26	803.5	10.77
302.9516			
302.9932	15.30	724.9	10.77
302.9933			
303.0348	15.28	733.7	10.77
303.0350			
303.0765	15.14	759.6	10.77
303.0766			
303.1182	14.93	809.7	10.77
303.1183			
303.1598	14.73	956.9	10.76
303.1600			
303.2015	14.31	1381.8	10.76
303.2016			
303.2432	14.02	1876.3	10.75
303.2433			
303.2848	13.97	2218.3	10.74
303.2850			
303.3265	14.41	1790.2	10.74
303.3266			
303.3682	14.70	1291.7	10.74
303.3683			
303.4098	14.68	1180.5	10.74
303.4100			
303.4515	14.61	1017.0	10.74
303.4516			
303.4932	14.89	827.1	10.74
303.4933			
303.5348	15.00	750.5	10.75
303.5350			
303.5765	15.00	748.8	10.75
303.5766			
303.6182	14.89	786.3	10.74
303.6183			
303.6598	14.66	936.6	10.74
303.6600			
303.7015	14.50	1240.7	10.73
303.7016			
303.7432	14.45	1490.3	10.73
303.7433			
303.7848	14.38	1759.2	10.73
303.7850			
303.8265	14.43	1932.6	10.73
303.8266			
303.8682	14.45	1842.4	10.73
303.8683			
303.9098	14.45	1905.7	10.72
303.9100			
303.9515	14.63	1383.3	10.72
303.9516			
303.9932	14.80	1106.2	10.72
303.9933			
304.0348	14.89	882.1	10.73
304.0350			
304.0765	14.86	891.2	10.73
304.0766			
304.1182	14.89	820.1	10.72
304.1183			
304.1598	14.59	1042.5	10.72
304.1600			
304.2015	14.31	1310.7	10.72
304.2016			
304.2432	14.02	1808.7	10.71
304.2433			
304.2848	13.81	2465.8	10.70
304.2850			
304.3265	13.83	2716.6	10.69
304.3266			
304.3682	13.65	2446.2	10.69
304.3683			
304.4098	13.97	2293.1	10.69
304.4100			
304.4515	14.13	1514.3	10.69
304.4516			
304.4932	12.88	1405.3	10.69
304.4933			
304.5348	13.83	876.8	10.69
304.5350			
304.5765	14.11	794.3	10.69
304.5766			
304.6182	14.15	802.0	10.69
304.6183			
304.6598	13.90	827.7	10.69
304.6600			
304.7015	13.79	935.1	10.69
304.7016			
304.7432	13.79	1066.6	10.68
304.7433			
304.7848	13.79	1198.7	10.68
304.7850			
304.8265	13.90	1178.3	10.68
304.8266			
304.8687	13.88		10.57
304.8694			
304.9098	13.88	1066.7	10.88
304.9100			
304.9515	13.90	1111.5	10.84
304.9516			
304.9932	13.99	883.2	10.82
304.9933			
305.0348	14.06	757.5	10.80
305.0350			
305.0765	14.11	707.6	10.80
305.0766			
305.1182	14.15	729.5	10.79
305.1183			
305.1598	14.04	716.7	10.79
305.1600			
305.2015	13.58	799.7	10.78
305.2016			
305.2432	13.13	996.6	10.78
305.2433			
305.2848	12.74	1228.9	10.77
305.2850			
305.3265	12.65	1481.0	10.76
305.3266			
305.3682	12.92	1461.5	10.76
305.3683			
305.4098	13.29	1121.0	10.76
305.4100			
305.4515	13.47	1019.2	10.77
305.4516			
305.4932	13.61	941.7	10.77
305.4933			
305.5348	13.40	837.5	10.77
305.5350			
305.5765	13.42	817.0	10.77
305.5766			
305.6182	13.65	715.8	10.77
305.6183			
305.6598	13.70	739.5	10.77
305.6600			
305.7015	13.36	729.5	10.77
305.7016			
305.7432	12.97	782.2	10.77
305.7433			
305.7848	12.67	847.5	10.76
305.7850			
305.8265	12.52	917.9	10.76
305.8266			
305.8682	12.38	986.5	10.75
305.8683			
305.9098	12.45	1031.2	10.75
305.9100			
305.9515	12.67	975.3	10.75
305.9516			
305.9932	12.56	1052.7	10.75
305.9933			
306.0348	12.52	863.7	10.76
306.0350			
306.0765	12.70	790.7	10.75
306.0766			
306.1182	12.38	737.3	10.75
306.1183			
306.1598	12.67	720.8	10.75
306.1600			
306.2015	12.02	740.1	10.75
306.2016			
306.2432	11.70	841.1	10.74
306.2433			
306.2848	11.03	1072.5	10.73
306.2850			
306.3265	10.83	1310.2	10.72
306.3266			
306.3682	10.67	1414.3	10.72
306.3683			
306.4098	10.83	1513.6	10.71
306.4100			
306.4515	10.72	1379.1	10.71
306.4516			
306.4932	11.32	1077.2	10.72
306.4933			
306.5348	11.35	972.9	10.72
306.5350			
306.5765	11.08	945.4	10.72
306.5766			
306.6182	11.03	790.9	10.72
306.6183			
306.6598	11.21	768.7	10.72
306.6600			
306.7015	11.48	699.9	10.72
306.7016			
306.7432	11.39	726.9	10.72
306.7433			
306.7848	11.30	820.6	10.72
306.7850			
306.8265	11.23	912.2	10.72
306.8266			
306.8682	11.28	941.1	10.71
306.8683			
306.9098	11.41	877.5	10.71
306.9100			
306.9515	11.43	834.4	10.71
306.9516			
306.9932	11.59	755.8	10.72
306.9933			
307.0348	11.64	761.4	10.71
307.0350			
307.0765	12.11	685.5	10.72
307.0766			
307.1182	11.84	644.3	10.72
307.1183			
307.1598	11.93	643.9	10.72
307.1600			
307.2015	11.91	643.8	10.71
307.2016			
307.2432	11.66	663.9	10.71
307.2433			
307.2848	11.39	752.5	10.70
307.2850			
307.3265	11.05	924.8	10.70
307.3266			
307.3682	11.10	952.8	10.69
307.3683			
307.4098	11.37	885.0	10.69
307.4100			
307.4515	11.70	890.7	10.69
307.4516			
307.4932	11.84	799.1	10.70
307.4933			
307.5348	11.50	809.6	10.70
307.5350			
307.5765	11.57	757.2	10.69
307.5766			
307.6182	11.48	707.0	10.69
307.6183			
307.6598	11.75	660.2	10.69
307.6600			
307.7015	11.93	660.3	10.69
307.7016			
307.7432	12.04	621.0	10.69
307.7433			
307.7848	12.11	609.8	10.69
307.7850			
307.8265	12.04	646.2	10.69
307.8266			
307.8682	12.06	673.7	10.69
307.8683			
307.9098	12.09	680.9	10.69
307.9100			
307.9515	12.13	656.6	10.69
307.9516			
307.9932	12.18	660.2	10.69
307.9933			
308.0348	12.16	636.1	10.69
308.0350			
308.0765	12.18	667.1	10.69
308.0766			
308.1182	12.18	623.4	10.68
308.1183			
308.1598	11.91	617.7	10.68
308.1600			
308.2015	11.97	620.1	10.68
308.2016			
308.2432	12.00	636.5	10.68
308.2433			
308.2848	11.88	638.5	10.68
308.2850			
308.3265	11.68	670.9	10.67
308.3266			
308.3682	11.55	733.9	10.66
308.3683			
308.4103	11.35		10.48
308.4111			
308.4515	11.48	824.1	10.84
308.4516			
308.4932	11.84	744.0	10.80
308.4933			
308.5348	11.77	724.6	10.78
308.5350			
308.5765	11.84	727.7	10.77
308.5766			
308.6182	11.70	745.8	10.77
308.6183			
308.6598	11.88	681.8	10.76
308.6600			
308.7015	12.04	640.0	10.76
308.7016			
308.7432	12.22	597.7	10.76
308.7433			
308.7848	12.09	602.2	10.76
308.7850			
308.8265	12.40	572.2	10.76
308.8266			
308.8682	12.45	583.1	10.76
308.8683			
308.9098	12.47	601.7	10.76
308.9100			
308.9515	12.43	597.6	10.76
308.9516			
308.9932	12.38	624.5	10.76
308.9933			
309.0348	12.36	619.5	10.76
309.0350			
309.0765	12.40	643.4	10.76
309.0766			
309.1182	12.38	646.1	10.76
309.1183			
309.1598	12.43	605.6	10.76
309.1600			
309.2015	12.45	617.7	10.76
309.2016			
309.2432	12.49	625.6	10.76
309.2433			
309.2848	12.49	620.0	10.75
309.2850			
309.3265	12.47	635.7	10.75
309.3266			
309.3682	12.45	675.4	10.75
309.3683			
309.4098	12.38	705.1	10.75
309.4100			
309.4515	12.40	762.2	10.75
309.4516			
309.4932	12.45	757.3	10.75
309.4933			
309.5348	12.52	779.8	10.75
309.5350			
309.5765	12.52	730.6	10.75
309.5766			
309.6182	12.58	743.2	10.75
309.6183			
309.6598	12.45	765.7	10.75
309.6600			
309.7015	12.52	734.5	10.74
309.7016			
309.7432	12.72	634.5	10.74
309.7433			
309.7848	12.72	605.2	10.74
309.7850			
309.8265	12.90	592.1	10.74
309.8266			
309.8682	13.01	580.2	10.75
309.8683			
309.9098	13.11	601.4	10.74
309.9100			
309.9515	13.06	611.1	10.75
309.9516			
309.9932	13.04	614.3	10.74
309.9933			
310.0348	13.01	615.3	10.74
310.0350			
310.0765	13.01	687.1	10.74
310.0766			
310.1182	12.97	720.6	10.74
310.1183			
310.1598	12.90	651.0	10.74
310.1600			
310.2015	12.81	615.6	10.74
310.2016			
310.2432	12.61	616.8	10.73
310.2433			
310.2848	12.56	672.7	10.73
310.2850			
310.3265	12.65	634.7	10.72
310.3266			
310.3682	12.65	654.2	10.72
310.3683			
310.4098	12.65	687.8	10.72
310.4100			
310.4515	12.56	740.9	10.72
310.4516			
310.4932	12.63	797.0	10.72
310.4933			
310.5348	12.63	774.1	10.72
310.5350			
310.5765	12.65	773.0	10.72
310.5766			
310.6182	12.65	820.8	10.71
310.6183			
310.6598	12.67	800.8	10.71
310.6600			
310.7015	12.58	700.1	10.72
310.7016			
310.7432	12.38	657.5	10.71
310.7433			
310.7848	12.29	599.3	10.70
310.7850			
310.8265	12.34	606.5	10.70
310.8266			
310.8682	12.36	602.0	10.70
310.8683			
310.9098	12.36	642.9	10.70
310.9100			
310.9515	12.38	647.2	10.70
310.9516			
310.9932	12.40	676.2	10.69
310.9933			
311.0348	12.38	705.8	10.69
311.0350			
311.0765	12.40	683.7	10.69
311.0766			
311.1182	12.40	748.3	10.69
311.1183			
311.1598	12.38	760.6	10.69
311.1600			
311.2015	12.34	792.1	10.69
311.2016			
311.2432	12.34	724.6	10.69
311.2433			
311.2848	12.20	670.9	10.68
311.2850			
311.3265	12.20	645.7	10.68
311.3266			
311.3682	12.20	660.5	10.68
311.3683			
311.4098	12.25	705.7	10.68
311.4100			
311.4515	12.20	742.6	10.67
311.4516			
311.4932	12.18	798.8	10.67
311.4933			
311.5348	12.13	870.6	10.67
311.5350			
311.5765	12.22	853.0	10.67
311.5766			
311.6182	12.25	798.7	10.67
311.6183			
311.6598	12.25	785.8	10.66
311.6600			
311.7015	12.34	782.5	10.66
311.7016			
311.7432	12.36	807.6	10.66
311.7433			
311.7848	12.43	688.2	10.66
311.7850			
311.8265	12.58	624.2	10.66
311.8266			
311.8682	12.56	613.7	10.66
311.8683			
311.9098	12.58	660.9	10.66
311.9100			
311.9520	12.58		10.47
311.9528			
311.9932	12.65	624.2	10.83
311.9933			
312.0348	12.74	741.7	10.79
312.0350			
312.0765	12.77	782.6	10.77
312.0766			
312.1182	12.77	837.6	10.76
312.1183			
312.1598	12.72	817.3	10.75
312.1600			
312.2015	12.72	901.5	10.75
312.2016			
312.2432	12.63	730.8	10.74
312.2433			
312.2848	12.54	779.4	10.74
312.2850			
312.3265	12.36	732.9	10.73
312.3266			
312.3682	12.11	677.4	10.73
312.3683			
312.4098	12.22	638.8	10.73
312.4100			
312.4515	12.18	726.4	10.73
312.4516			
312.4932	11.79	832.5	10.73
312.4933			
312.5348	11.37	922.0	10.72
312.5350			
312.5765	11.21	1137.2	10.72
312.5766			
312.6182	10.94	1315.6	10.71
312.6183			
312.6598	10.85	1342.4	10.71
312.6600			
312.7015	10.99	1142.3	10.71
312.7016			
312.7432	11.48	1052.7	10.71
312.7433			
312.7848	11.66	840.9	10.71
312.7850			
312.8265	11.64	622.0	10.72
312.8266			
312.8682	11.61	591.8	10.72
312.8683			
312.9098	11.21	568.5	10.72
312.9100			
312.9515	11.46	575.7	10.71
312.9516			
312.9932	11.08	596.5	10.71
312.9933			
313.0348	11.10	705.3	10.71
313.0350			
313.0765	11.01	784.6	10.70
313.0766			
313.1182	10.94	846.0	10.70
313.1183			
313.1598	11.08	916.7	10.70
313.1600			
313.2015	11.32	714.5	10.70
313.2016			
313.2432	11.03	638.3	10.70
313.2433			
313.2848	10.83	635.2	10.70
313.2850			
313.3265	10.74	591.9	10.69
313.3266			
313.3682	10.81	560.4	10.69
313.3683			
313.4098	10.78	580.7	10.69
313.4100			
313.4515	10.72	594.8	10.69
313.4516			
313.4932	10.47	602.8	10.69
313.4933			
313.5348	10.52	678.2	10.69
313.5350			
313.5765	10.25	772.2	10.69
313.5766			
313.6182	10.16	845.1	10.68
313.6183			
313.6598	10.29	960.5	10.68
313.6600			
313.7015	10.67	758.2	10.68
313.7016			
313.7432	10.81	693.5	10.68
313.7433			
313.7848	10.85	683.2	10.68
313.7850			
313.8265	11.03	641.6	10.68
313.8266			
313.8682	11.19	600.7	10.69
313.8683			
313.9098	11.23	631.7	10.69
313.9100			
313.9515	11.28	662.0	10.69
313.9516			
313.9932	11.10	632.6	10.68
313.9933			
314.0348	10.81	728.8	10.68
314.0350			
314.0765	10.63	910.8	10.67
314.0766			
314.1182	10.61	978.1	10.67
314.1183			
314.1598	10.54	1073.3	10.66
314.1600			
314.2015	10.58	1140.5	10.66
314.2016			
314.2432	10.87	834.7	10.67
314.2433			
314.2848	10.74	741.2	10.67
314.2850			
314.3265	10.81	760.1	10.67
314.3266			
314.3682	10.54	647.4	10.66
314.3683			
314.4098	10.56	643.0	10.66
314.4100			
314.4515	10.61	637.2	10.66
314.4516			
314.4932	10.52	649.9	10.65
314.4933			
314.5348	10.23	761.3	10.65
314.5350			
314.5765	10.09	883.0	10.65
314.5766			
314.6182	10.00	1066.1	10.64
314.6183			
314.6598	10.00	1235.8	10.64
314.6600			
314.7015	10.07	1348.3	10.64
314.7016			
314.7432	10.14	1202.8	10.63
314.7433			
314.7848	10.36	907.9	10.63
314.7850			
314.8265	10.40	714.6	10.64
314.8266			
314.8682	10.54	639.4	10.64
314.8683			
314.9098	10.56	632.7	10.64
314.9100			
314.9515	10.58	598.0	10.63
314.9516			
314.9932	10.61	593.9	10.63
314.9933			
315.0348	10.40	618.9	10.63
315.0350			
315.0765	10.11	785.4	10.63
315.0766			
315.1182	9.89	933.5	10.62
315.1183			
315.1598	9.71	1074.5	10.62
315.1600			
315.2015	9.96	1032.8	10.61
315.2016			
315.2432	10.29	919.6	10.61
315.2433			
315.2848	10.40	809.8	10.62
315.2850			
315.3265	10.32	744.3	10.62
315.3266			
315.3682	10.20	704.1	10.62
315.3683			
315.4098	10.09	648.7	10.61
315.4100			
315.4515	10.20	658.8	10.61
315.4516			
315.4937	10.20		10.39
315.4944			
315.5348	9.69	644.7	10.79
315.5350			
315.5765	9.56	712.2	10.74
315.5766			
315.6182	9.40	871.3	10.72
315.6183			
315.6598	9.51	1105.5	10.71
315.6600			
315.7015	9.67	1216.2	10.70
315.7016			
315.7432	9.78	1265.3	10.70
315.7433			
315.7848	9.94	1155.0	10.70
315.7850			
315.8265	10.14	708.4	10.70
315.8266			
315.8682	10.34	590.6	10.70
315.8683			
315.9098	10.32	550.8	10.71
315.9100			
315.9515	10.36	556.4	10.70
315.9516			
315.9932	10.34	577.5	10.70
315.9933			
316.0348	10.29	541.8	10.70
316.0350			
316.0765	10.11	612.4	10.70
316.0766			
316.1182	9.85	685.7	10.70
316.1183			
316.1598	9.80	845.2	10.70
316.1600			
316.2015	9.71	918.1	10.69
316.2016			
316.2432	9.98	851.1	10.69
316.2433			
316.2848	10.14	768.7	10.70
316.2850			
316.3265	10.16	681.4	10.70
316.3266			
316.3682	9.87	633.6	10.69
316.3683			
316.4098	9.69	609.9	10.69
316.4100			
316.4515	9.67	619.3	10.69
316.4516			
316.4932	9.58	600.2	10.69
316.4933			
316.5348	9.56	584.3	10.69
316.5350			
316.5765	9.07	651.2	10.69
316.5766			
316.6182	9.18	693.1	10.68
316.6183			
316.6598	8.93	771.6	10.68
316.6600			
316.7015	9.20	908.5	10.68
316.7016			
316.7432	9.25	983.6	10.68
316.7433			
316.7848	9.31	867.5	10.68
316.7850			
316.8265	9.38	738.9	10.68
316.8266			
316.8682	9.74	571.3	10.69
316.8683			
316.9098	9.22	511.1	10.68
316.9100			
316.9515	9.67	496.4	10.68
316.9516			
316.9932	9.76	504.0	10.68
316.9933			
317.0348	9.74	502.1	10.68
317.0350			
317.0765	9.18	531.5	10.68
317.0766			
317.1182	9.09	553.4	10.68
317.1183			
317.1598	8.89	665.8	10.67
317.1600			
317.2015	8.85	754.0	10.66
317.2016			
317.2432	8.93	747.1	10.66
317.2433			
317.2848	9.20	728.3	10.66
317.2850			
317.3265	9.09	650.4	10.66
317.3266			
317.3682	9.20	646.4	10.67
317.3683			
317.4098	9.00	587.6	10.66
317.4100			
317.4515	8.91	560.4	10.66
317.4516			
317.4932	8.87	537.8	10.66
317.4933			
317.5348	9.02	554.6	10.66
317.5350			
317.5765	8.76	541.4	10.66
317.5766			
317.6182	8.58	548.7	10.65
317.6183			
317.6598	8.29	628.5	10.65
317.6600			
317.7015	8.27	769.7	10.64
317.7016			
317.7432	8.40	906.8	10.64
317.7433			
317.7848	8.49	787.7	10.64
317.7850			
317.8265	8.69	650.5	10.64
317.8266			
317.8682	8.71	620.3	10.64
317.8683			
317.9098	9.22	522.7	10.64
317.9100			
317.9515	9.25	499.0	10.65
317.9516			
317.9932	9.47	476.2	10.65
317.9933			
318.0348	9.56	484.3	10.65
318.0350			
318.0765	9.27	487.3	10.65
318.0766			
318.1182	9.13	523.1	10.65
318.1183			
318.1598	8.98	580.9	10.64
318.1600			
318.2015	8.76	680.6	10.64
318.2016			
318.2432	8.73	787.2	10.63
318.2433			
318.2848	8.82	811.1	10.63
318.2850			
318.3265	9.20	645.3	10.63
318.3266			
318.3682	9.31	609.5	10.63
318.3683			
318.4098	9.45	617.3	10.64
318.4100			
318.4515	9.45	561.4	10.64
318.4516			
318.4932	9.40	558.8	10.64
318.4933			
318.5348	9.47	536.3	10.63
318.5350			
318.5765	9.53	544.0	10.63
318.5766			
318.6182	9.40	527.1	10.63
318.6183			
318.6598	9.22	573.9	10.63
318.6600			
318.7015	9.27	654.0	10.63
318.7016			
318.7432	9.49	755.1	10.62
318.7433			
318.7848	9.51	803.1	10.63
318.7850			
318.8265	9.56	808.4	10.63
318.8266			
318.8682	9.53	727.7	10.62
318.8683			
318.9098	9.58	710.5	10.62
318.9100			
318.9515	9.69	533.2	10.62
318.9516			
318.9932	9.69	484.1	10.62
318.9933			
319.0353	9.56		10.34
319.0361			
319.0765	9.65	470.0	10.77
319.0766			
319.1182	9.58	469.9	10.73
319.1183			
319.1598	9.47	532.4	10.71
319.1600			
319.2015	9.13	598.6	10.70
319.2016			
319.2432	8.89	779.5	10.69
319.2433			
319.2848	8.71	1007.4	10.68
319.2850			
319.3265	8.80	967.7	10.68
319.3266			
319.3682	8.78	674.6	10.68
319.3683			
319.4098	8.93	580.7	10.68
319.4100			
319.4515	9.00	560.9	10.68
319.4516			
319.4932	8.93	522.1	10.68
319.4933			
319.5348	9.02	508.9	10.68
319.5350			
319.5765	9.27	494.2	10.68
319.5766			
319.6182	9.22	501.6	10.68
319.6183			
319.6598	9.09	491.6	10.68
319.6600			
319.7015	9.09	536.3	10.68
319.7016			
319.7432	9.13	590.5	10.68
319.7433			
319.7848	9.22	656.2	10.68
319.7850			
319.8265	9.27	651.0	10.68
319.8266			
319.8682	9.27	639.4	10.68
319.8683			
319.9098	9.33	593.8	10.68
319.9100			
319.9515	9.51	493.4	10.68
319.9516			
319.9932	9.45	476.7	10.68
319.9933			
320.0348	9.51	455.9	10.68
320.0350			
320.0765	9.53	467.4	10.68
320.0766			
320.1182	9.53	460.9	10.68
320.1183			
320.1598	9.45	459.8	10.68
320.1600			
320.2015	9.27	488.5	10.68
320.2016			
320.2432	9.07	563.5	10.68
320.2433			
320.2848	8.89	720.6	10.67
320.2850			
320.3265	8.89	805.9	10.67
320.3266			
320.3682	9.09	695.9	10.67
320.3683			
320.4098	9.22	595.6	10.67
320.4100			
320.4515	9.27	566.0	10.67
320.4516			
320.4932	9.18	561.8	10.67
320.4933			
320.5348	9.11	538.9	10.67
320.5350			
320.5765	9.25	514.0	10.67
320.5766			
320.6182	9.36	515.2	10.66
320.6183			
320.6598	9.42	500.1	10.66
320.6600			
320.7015	9.58	504.1	10.67
320.7016			
320.7432	9.74	545.9	10.67
320.7433			
320.7848	9.91	605.2	10.67
320.7850			
320.8265	10.07	623.8	10.67
320.8266			
320.8682	9.98	601.7	10.67
320.8683			
320.9098	9.96	572.9	10.67
320.9100			
320.9515	9.85	568.2	10.67
320.9516			
320.9932	9.96	488.7	10.67
320.9933			
321.0348	9.94	469.0	10.66
321.0350			
321.0765	9.91	475.9	10.66
321.0766			
321.1182	9.89	482.9	10.66
321.1183			
321.1598	9.89	469.6	10.66
321.1600			
321.2015	9.85	491.8	10.66
321.2016			
321.2432	9.76	529.6	10.66
321.2433			
321.2848	9.38	631.8	10.65
321.2850			
321.3265	9.53	674.1	10.65
321.3266			
321.3682	9.67	608.8	10.65
321.3683			
321.4098	9.85	612.2	10.65
321.4100			
321.4515	9.85	595.8	10.65
321.4516			
321.4932	9.69	567.9	10.64
321.4933			
321.5348	9.56	531.1	10.64
321.5350			
321.5765	9.60	508.8	10.64
321.5766			
321.6182	9.76	490.9	10.64
321.6183			
321.6598	9.82	495.6	10.64
321.6600			
321.7015	10.11	484.8	10.64
321.7016			
321.7432	10.32	489.0	10.64
321.7433			
321.7848	10.56	511.5	10.65
321.7850			
321.8265	10.72	534.3	10.65
321.8266			
321.8682	10.74	542.2	10.65
321.8683			
321.9098	10.67	549.7	10.65
321.9100			
321.9515	10.52	525.4	10.64
321.9516			
321.9932	10.52	526.1	10.64
321.9933			
322.0348	10.47	490.4	10.63
322.0350			
322.0765	10.52	483.8	10.63
322.0766			
322.1182	10.47	492.5	10.63
322.1183			
322.1598	10.40	486.2	10.63
322.1600			
322.2015	10.49	494.4	10.63
322.2016			
322.2432	10.58	509.6	10.63
322.2433			
322.2848	10.72	592.2	10.63
322.2850			
322.3265	10.78	728.8	10.63
322.3266			
322.3682	10.76	759.3	10.62
322.3683			
322.4098	10.72	756.5	10.62
322.4100			
322.4515	10.61	639.2	10.62
322.4516			
322.4932	10.52	604.5	10.62
322.4933			
322.5348	10.47	617.2	10.62
322.5350			
322.5770	10.47		10.34
322.5778			
322.6182	10.43	528.8	10.75
322.6183			
322.6598	10.38	500.3	10.72
322.6600			
322.7015	10.40	515.3	10.70
322.7016			
322.7432	10.58	522.5	10.69
322.7433			
322.7848	10.74	564.3	10.69
322.7850			
322.8265	10.87	680.0	10.68
322.8266			
322.8682	10.90	777.6	10.68
322.8683			
322.9098	10.85	833.2	10.68
322.9100			
322.9515	10.70	851.2	10.68
322.9516			
322.9932	10.58	1019.6	10.68
322.9933			
323.0348	10.32	1125.0	10.67
323.0350			
323.0765	10.29	967.8	10.67
323.0766			
323.1182	9.80	730.3	10.66
323.1183			
323.1598	9.91	580.4	10.66
323.1600			
323.2015	9.67	593.7	10.66
323.2016			
323.2432	9.85	550.0	10.66
323.2433			
323.2848	9.62	668.2	10.66
323.2850			
323.3265	9.27	665.9	10.65
323.3266			
323.3682	9.09	912.0	10.65
323.3683			
323.4098	9.02	941.6	10.65
323.4100			
323.4515	9.11	991.7	10.65
323.4516			
323.4932	9.53	721.5	10.65
323.4933			
323.5348	9.45	681.1	10.65
323.5350			
323.5765	9.38	653.3	10.65
323.5766			
323.6182	9.38	626.3	10.65
323.6183			
323.6598	9.45	527.9	10.65
323.6600			
323.7015	9.60	503.0	10.65
323.7016			
323.7432	9.67	484.7	10.65
323.7433			
323.7848	9.78	476.2	10.65
323.7850			
323.8265	9.80	513.1	10.65
323.8266			
323.8682	9.71	568.6	10.65
323.8683			
323.9098	9.62	615.3	10.65
323.9100			
323.9515	9.67	667.8	10.65
323.9516			
323.9932	9.74	657.2	10.65
323.9933			
324.0348	9.74	640.6	10.65
324.0350			
324.0765	9.76	685.2	10.65
324.0766			
324.1182	9.76	596.2	10.65
324.1183			
324.1598	9.36	550.5	10.64
324.1600			
324.2015	9.33	517.7	10.63
324.2016			
324.2432	9.18	509.8	10.63
324.2433			
324.2848	9.29	505.7	10.63
324.2850			
324.3265	8.91	566.1	10.63
324.3266			
324.3682	8.65	686.2	10.62
324.3683			
324.4098	8.67	728.2	10.62
324.4100			
324.4515	8.80	740.6	10.62
324.4516			
324.4932	8.76	707.1	10.62
324.4933			
324.5348	8.82	775.5	10.61
324.5350			
324.5765	8.71	820.1	10.62
324.5766			
324.6182	8.80	859.3	10.62
324.6183			
324.6598	8.53	596.1	10.61
324.6600			
324.7015	8.40	550.9	10.60
324.7016			
324.7432	8.47	486.9	10.60
324.7433			
324.7848	8.53	460.3	10.60
324.7850			
324.8265	8.65	459.7	10.60
324.8266			
324.8682	8.53	494.4	10.60
324.8683			
324.9098	8.27	557.4	10.59
324.9100			
324.9515	8.25	568.4	10.59
324.9516			
324.9932	8.25	609.9	10.59
324.9933			
325.0348	8.25	633.2	10.59
325.0350			
325.0765	8.20	637.5	10.58
325.0766			
325.1182	8.25	700.9	10.58
325.1183			
325.1598	8.40	561.6	10.59
325.1600			
325.2015	7.94	514.5	10.58
325.2016			
325.2432	7.78	480.7	10.57
325.2433			
325.2848	7.82	469.6	10.57
325.2850			
325.3265	7.85	492.7	10.57
325.3266			
325.3682	7.54	528.0	10.57
325.3683			
325.4098	7.74	538.1	10.56
325.4100			
325.4515	7.27	627.6	10.55
325.4516			
325.4932	7.20	655.9	10.55
325.4933			
325.5348	7.49	666.5	10.55
325.5350			
325.5765	7.78	611.8	10.55
325.5766			
325.6182	7.98	553.7	10.55
325.6183			
325.6598	7.94	540.3	10.56
325.6600			
325.7015	8.20	500.9	10.56
325.7016			
325.7432	7.80	451.4	10.55
325.7433			
325.7848	8.27	453.7	10.56
325.7850			
325.8265	8.38	438.6	10.56
325.8266			
325.8682	8.11	431.0	10.56
325.8683			
325.9098	8.07	452.7	10.55
325.9100			
325.9515	7.96	470.5	10.55
325.9516			
325.9932	7.89	509.2	10.54
325.9933			
326.0348	7.80	593.0	10.54
326.0350			
326.0765	7.87	644.7	10.54
326.0766			
326.1187	8.09		10.25
326.1194			
326.1598	8.29	484.2	10.70
326.1600			
326.2015	8.31	476.4	10.67
326.2016			
326.2432	8.27	478.1	10.66
326.2433			
326.2848	8.36	470.1	10.65
326.2850			
326.3265	8.38	473.2	10.64
326.3266			
326.3682	8.22	479.2	10.64
326.3683			
326.4098	8.22	480.6	10.64
326.4100			
326.4515	8.00	503.6	10.63
326.4516			
326.4932	7.87	566.2	10.63
326.4933			
326.5348	7.82	628.5	10.63
326.5350			
326.5765	7.98	600.5	10.63
326.5766			
326.6182	8.18	598.4	10.63
326.6183			
326.6598	8.33	559.4	10.63
326.6600			
326.7015	8.33	568.7	10.63
326.7016			
326.7432	8.45	564.8	10.63
326.7433			
326.7848	8.47	539.7	10.63
326.7850			
326.8265	8.71	510.5	10.64
326.8266			
326.8682	8.85	500.1	10.64
326.8683			
326.9098	8.87	479.1	10.64
326.9100			
326.9515	8.82	513.9	10.64
326.9516			
326.9932	8.82	603.0	10.64
326.9933			
327.0348	8.82	818.3	10.64
327.0350			
327.0765	8.80	1062.6	10.64
327.0766			
327.1182	8.78	1238.2	10.64
327.1183			
327.1598	8.69	1132.1	10.64
327.1600			
327.2015	8.73	919.7	10.64
327.2016			
327.2432	8.78	671.8	10.64
327.2433			
327.2848	8.47	641.6	10.63
327.2850			
327.3265	8.56	562.3	10.63
327.3266			
327.3682	8.40	546.4	10.63
327.3683			
327.4098	8.58	547.6	10.63
327.4100			
327.4515	8.40	546.3	10.63
327.4516			
327.4932	8.22	648.5	10.63
327.4933			
327.5348	8.00	890.4	10.63
327.5350			
327.5765	7.94	988.4	10.62
327.5766			
327.6182	7.96	1112.6	10.62
327.6183			
327.6598	8.07	1223.7	10.62
327.6600			
327.7015	8.31	1305.1	10.62
327.7016			
327.7432	8.27	1176.4	10.62
327.7433			
327.7848	8.65	794.6	10.62
327.7850			
327.8265	8.67	551.5	10.63
327.8266			
327.8682	8.73	487.2	10.63
327.8683			
327.9098	8.73	488.9	10.63
327.9100			
327.9515	8.67	484.8	10.63
327.9516			
327.9932	8.69	549.2	10.63
327.9933			
328.0348	8.60	624.9	10.63
328.0350			
328.0765	8.62	853.2	10.62
328.0766			
328.1182	8.62	1018.6	10.62
328.1183			
328.1598	8.62	942.6	10.62
328.1600			
328.2015	8.62	830.2	10.62
328.2016			
328.2432	8.62	640.3	10.62
328.2433			
328.2848	8.45	581.4	10.62
328.2850			
328.3265	8.40	541.9	10.61
328.3266			
328.3682	8.51	504.4	10.61
328.3683			
328.4098	8.56	511.1	10.61
328.4100			
328.4515	8.49	507.9	10.61
328.4516			
328.4932	8.29	529.6	10.61
328.4933			
328.5348	8.11	632.4	10.61
328.5350			
328.5765	7.91	812.8	10.60
328.5766			
328.6182	7.96	950.5	10.60
328.6183			
328.6598	8.16	1015.2	10.60
328.6600			
328.7015	8.22	1065.3	10.60
328.7016			
328.7432	8.25	973.7	10.60
328.7433			
328.7848	8.42	733.9	10.60
328.7850			
328.8265	8.73	549.4	10.60
328.8266			
328.8682	8.69	479.7	10.60
328.8683			
328.9098	8.73	464.5	10.60
328.9100			
328.9515	8.67	459.7	10.60
328.9516			
328.9932	8.51	466.8	10.60
328.9933			
329.0348	8.42	526.5	10.59
329.0350			
329.0765	8.16	657.0	10.59
329.0766			
329.1182	7.96	863.5	10.58
329.1183			
329.1598	7.96	1038.4	10.58
329.1600			
329.2015	7.78	1069.6	10.58
329.2016			
329.2432	7.96	1030.2	10.58
329.2433			
329.2848	7.91	1101.4	10.57
329.2850			
329.3265	7.18	723.1	10.57
329.3266			
329.3682	7.25	547.3	10.55
329.3683			
329.4098	7.43	483.5	10.55
329.4100			
329.4515	7.58	485.5	10.56
329.4516			
329.4932	7.29	482.9	10.56
329.4933			
329.5348	6.78	517.5	10.55
329.5350			
329.5765	6.30	603.6	10.54
329.5766			
329.6182	5.92	762.0	10.53
329.6183			
329.6603	6.05		10.16
329.6611			
329.7015	6.12	928.2	10.66
329.7016			
329.7432	6.21	904.3	10.63
329.7433			
329.7848	6.58	775.5	10.62
329.7850			
329.8265	7.16	571.8	10.62
329.8266			
329.8682	7.05	468.3	10.62
329.8683			
329.9098	7.40	434.6	10.62
329.9100			
329.9515	7.69	444.0	10.62
329.9516			
329.9932	7.54	442.0	10.63
329.9933			
330.0348	7.03	445.1	10.62
330.0350			
330.0765	6.78	482.6	10.62
330.0766			
330.1182	6.41	549.2	10.61
330.1183			
330.1598	6.19	757.6	10.61
330.1600			
330.2015	6.23	819.0	10.60
330.2016			
330.2432	6.67	661.3	10.60
330.2433			
330.2848	7.09	565.7	10.61
330.2850			
330.3265	7.27	541.9	10.61
330.3266			
330.3682	7.03	505.9	10.62
330.3683			
330.4098	7.16	485.1	10.62
330.4100			
330.4515	7.32	480.3	10.62
330.4516			
330.4932	7.43	483.5	10.62
330.4933			
330.5348	7.20	480.0	10.62
330.5350			
330.5765	6.76	492.5	10.62
330.5766			
330.6182	6.45	541.6	10.61
330.6183			
330.6598	6.14	626.9	10.60
330.6600			
330.7015	6.16	736.5	10.60
330.7016			
330.7432	6.25	770.9	10.60
330.7433			
330.7848	6.50	630.2	10.60
330.7850			
330.8265	6.70	603.1	10.60
330.8266			
330.8682	7.05	506.4	10.60
330.8683			
330.9098	7.32	469.1	10.61
330.9100			
330.9515	7.60	448.7	10.62
330.9516			
330.9932	7.63	451.0	10.62
330.9933			
331.0348	7.60	453.5	10.62
331.0350			
331.0765	7.40	462.2	10.62
331.0766			
331.1182	7.25	500.6	10.62
331.1183			
331.1598	7.09	597.8	10.61
331.1600			
331.2015	7.12	766.8	10.61
331.2016			
331.2432	7.20	711.5	10.61
331.2433			
331.2848	7.60	581.3	10.61
331.2850			
331.3265	7.76	542.9	10.61
331.3266			
331.3682	7.87	509.7	10.61
331.3683			
331.4098	7.85	505.8	10.62
331.4100			
331.4515	7.89	526.8	10.62
331.4516			
331.4932	8.00	492.9	10.61
331.4933			
331.5348	7.98	484.0	10.62
331.5350			
331.5765	7.98	493.0	10.62
331.5766			
331.6182	8.07	541.3	10.62
331.6183			
331.6598	8.27	619.1	10.61
331.6600			
331.7015	8.53	682.6	10.62
331.7016			
331.7432	8.98	772.0	10.62
331.7433			
331.7848	8.85	777.7	10.62
331.7850			
331.8265	8.85	752.9	10.62
331.8266			
331.8682	8.76	683.8	10.62
331.8683			
331.9098	8.80	644.1	10.62
331.9100			
331.9515	8.60	509.1	10.62
331.9516			
331.9932	8.42	474.7	10.61
331.9933			
332.0348	8.36	465.8	10.61
332.0350			
332.0765	8.42	479.9	10.61
332.0766			
332.1182	8.36	475.1	10.61
332.1183			
332.1598	8.42	545.2	10.61
332.1600			
332.2015	8.33	687.2	10.60
332.2016			
332.2432	8.31	842.8	10.60
332.2433			
332.2848	8.31	929.1	10.60
332.2850			
332.3265	8.31	811.1	10.60
332.3266			
332.3682	8.13	647.5	10.59
332.3683			
332.4098	8.16	575.8	10.59
332.4100			
332.4515	7.82	524.2	10.59
332.4516			
332.4932	7.71	489.9	10.58
332.4933			
332.5348	7.74	492.7	10.58
332.5350			
332.5765	7.78	493.1	10.58
332.5766			
332.6182	7.67	486.4	10.58
332.6183			
332.6598	7.56	533.8	10.58
332.6600			
332.7015	7.56	615.8	10.57
332.7016			
332.7432	7.56	708.1	10.57
332.7433			
332.7848	7.60	740.1	10.57
332.7850			
332.8265	7.63	735.6	10.57
332.8266			
332.8682	7.47	769.5	10.57
332.8683			
332.9098	7.47	783.5	10.57
332.9100			
332.9515	7.14	587.7	10.56
332.9516			
332.9932	7.18	514.0	10.55
332.9933			
333.0348	7.20	506.1	10.55
333.0350			
333.0765	7.16	468.2	10.55
333.0766			
333.1182	6.85	470.9	10.55
333.1183			
333.1598	6.41	526.0	10.54
333.1600			
333.2020	5.79		10.14
333.2028			
333.2432	5.37	707.4	10.64
333.2433			
333.2848	5.61	803.7	10.61
333.2850			
333.3265	5.66	763.1	10.59
333.3266			
333.3682	5.90	745.7	10.59
333.3683			
333.4098	6.03	678.1	10.59
333.4100			
333.4515	5.70	587.5	10.59
333.4516			
333.4932	5.61	541.0	10.58
333.4933			
333.5348	5.55	492.3	10.58
333.5350			
333.5765	5.79	478.1	10.58
333.5766			
333.6182	5.77	479.0	10.58
333.6183			
333.6598	5.46	478.9	10.58
333.6600			
333.7015	5.21	510.4	10.58
333.7016			
333.7432	5.08	550.1	10.58
333.7433			
333.7848	5.19	554.8	10.57
333.7850			
333.8265	5.30	565.6	10.57
333.8266			
333.8682	5.39	550.0	10.57
333.8683			
333.9098	5.59	541.9	10.57
333.9100			
333.9515	5.81	477.1	10.58
333.9516			
333.9932	5.50	449.4	10.58
333.9933			
334.0348	5.90	454.2	10.58
334.0350			
334.0765	5.94	455.3	10.58
334.0766			
334.1182	5.92	458.8	10.58
334.1183			
334.1598	5.81	444.6	10.58
334.1600			
334.2015	5.43	465.9	10.58
334.2016			
334.2432	5.19	527.5	10.58
334.2433			
334.2848	4.90	618.9	10.57
334.2850			
334.3265	5.15	645.7	10.57
334.3266			
334.3682	5.72	573.5	10.57
334.3683			
334.4098	5.68	528.3	10.58
334.4100			
334.4515	5.61	501.2	10.58
334.4516			
334.4932	5.61	501.2	10.58
334.4933			
334.5348	5.48	484.7	10.57
334.5350			
334.5765	5.57	473.5	10.57
334.5766			
334.6182	5.63	467.4	10.58
334.6183			
334.6598	5.70	461.3	10.58
334.6600			
334.7015	5.68	466.3	10.57
334.7016			
334.7432	5.61	498.3	10.58
334.7433			
334.7848	5.74	519.1	10.57
334.7850			
334.8265	5.79	517.9	10.57
334.8266			
334.8682	5.83	494.5	10.58
334.8683			
334.9098	5.88	501.3	10.57
334.9100			
334.9515	5.94	468.0	10.58
334.9516			
334.9932	6.19	451.7	10.58
334.9933			
335.0348	6.16	443.8	10.58
335.0350			
335.0765	6.21	435.3	10.58
335.0766			
335.1182	6.30	438.1	10.58
335.1183			
335.1598	6.32	442.2	10.58
335.1600			
335.2015	6.21	446.0	10.58
335.2016			
335.2432	5.94	485.7	10.57
335.2433			
335.2848	5.83	550.3	10.57
335.2850			
335.3265	5.83	608.5	10.57
335.3266			
335.3682	5.90	616.2	10.57
335.3683			
335.4098	6.12	583.1	10.57
335.4100			
335.4515	6.21	528.8	10.57
335.4516			
335.4932	6.30	538.7	10.57
335.4933			
335.5348	6.30	516.0	10.57
335.5350			
335.5765	6.32	492.3	10.57
335.5766			
335.6182	6.47	483.7	10.57
335.6183			
335.6598	6.50	481.1	10.57
335.6600			
335.7015	6.65	470.3	10.57
335.7016			
335.7432	6.74	477.6	10.57
335.7433			
335.7848	6.83	493.2	10.57
335.7850			
335.8265	6.92	512.1	10.57
335.8266			
335.8682	6.94	520.7	10.57
335.8683			
335.9098	6.85	502.8	10.57
335.9100			
335.9515	6.85	511.3	10.57
335.9516			
335.9932	6.85	498.0	10.57
335.9933			
336.0348	6.96	466.1	10.57
336.0350			
336.0765	7.05	463.9	10.57
336.0766			
336.1182	7.05	464.8	10.57
336.1183			
336.1598	7.07	473.3	10.57
336.1600			
336.2015	7.09	484.9	10.57
336.2016			
336.2432	7.09	478.3	10.57
336.2433			
336.2848	7.23	578.2	10.57
336.2850			
336.3265	7.20	591.7	10.57
336.3266			
336.3682	7.27	690.7	10.57
336.3683			
336.4098	7.25	682.9	10.57
336.4100			
336.4515	7.16	581.7	10.56
336.4516			
336.4932	7.12	550.2	10.56
336.4933			
336.5348	7.09	558.8	10.55
336.5350			
336.5765	7.12	547.1	10.55
336.5766			
336.6182	7.12	521.1	10.55
336.6183			
336.6598	7.20	504.6	10.55
336.6600			
336.7015	7.18	502.5	10.55
336.7016			
336.7437	7.34		10.13
336.7444			
336.7848	7.49	496.0	10.64
336.7850			
336.8265	7.94	585.7	10.62
336.8266			
336.8682	7.94	606.0	10.61
336.8683			
336.9098	7.85	612.3	10.61
336.9100			
336.9515	7.56	539.3	10.60
336.9516			
336.9932	7.56	536.3	10.60
336.9933			
337.0348	7.49	518.9	10.60
337.0350			
337.0765	7.56	522.3	10.60
337.0766			
337.1182	7.51	489.4	10.60
337.1183			
337.1598	7.43	482.1	10.59
337.1600			
337.2015	7.36	494.2	10.59
337.2016			
337.2432	7.34	497.5	10.59
337.2433			
337.2848	7.45	507.2	10.59
337.2850			
337.3265	7.54	524.2	10.59
337.3266			
337.3682	7.58	638.1	10.59
337.3683			
337.4098	7.58	729.7	10.59
337.4100			
337.4515	7.49	650.4	10.59
337.4516			
337.4932	7.32	581.9	10.59
337.4933			
337.5348	7.32	547.1	10.59
337.5350			
337.5765	7.23	543.6	10.58
337.5766			
337.6182	7.20	548.7	10.58
337.6183			
337.6598	7.23	537.2	10.58
337.6600			
337.7015	7.23	524.7	10.58
337.7016			
337.7432	7.23	526.0	10.58
337.7433			
337.7848	7.23	514.9	10.58
337.7850			
337.8265	7.47	594.1	10.58
337.8266			
337.8682	7.49	617.0	10.58
337.8683			
337.9098	7.54	661.0	10.58
337.9100			
337.9515	7.47	646.8	10.58
337.9516			
337.9932	7.40	624.9	10.58
337.9933			
338.0348	7.38	600.3	10.58
338.0350			
338.0765	7.36	604.6	10.58
338.0766			
338.1182	7.38	574.8	10.58
338.1183			
338.1598	7.32	553.4	10.58
338.1600			
338.2015	7.23	529.4	10.57
338.2016			
338.2432	7.25	543.4	10.57
338.2433			
338.2848	7.32	558.1	10.57
338.2850			
338.3265	7.40	641.5	10.57
338.3266			
338.3682	7.40	642.8	10.57
338.3683			
338.4098	7.45	716.1	10.57
338.4100			
338.4515	7.40	697.4	10.57
338.4516			
338.4932	7.36	675.1	10.57
338.4933			
338.5348	7.43	678.1	10.57
338.5350			
338.5765	7.43	705.9	10.57
338.5766			
338.6182	7.40	691.5	10.57
338.6183			
338.6598	7.43	599.5	10.57
338.6600			
338.7015	7.60	555.7	10.57
338.7016			
338.7432	7.54	504.8	10.56
338.7433			
338.7848	7.82	491.6	10.56
338.7850			
338.8265	8.07	542.8	10.57
338.8266			
338.8682	8.33	661.2	10.57
338.8683			
338.9098	8.27	691.5	10.57
338.9100			
338.9515	8.07	627.3	10.57
338.9516			
338.9932	7.89	604.1	10.57
338.9933			
339.0348	7.91	545.4	10.56
339.0350			
339.0765	8.02	585.1	10.56
339.0766			
339.1182	7.96	591.2	10.56
339.1183			
339.1598	7.82	538.3	10.55
339.1600			
339.2015	7.74	533.9	10.55
339.2016			
339.2432	7.58	508.5	10.55
339.2433			
339.2848	7.56	520.1	10.54
339.2850			
339.3265	7.67	524.5	10.54
339.3266			
339.3682	7.78	604.1	10.54
339.3683			
339.4098	7.78	705.3	10.54
339.4100			
339.4515	7.71	778.8	10.54
339.4516			
339.4932	7.78	793.1	10.54
339.4933			
339.5348	7.78	794.2	10.54
339.5350			
339.5765	7.78	761.9	10.54
339.5766			
339.6182	7.76	668.0	10.54
339.6183			
339.6598	7.80	700.0	10.53
339.6600			
339.7015	7.58	620.7	10.53
339.7016			
339.7432	7.32	540.1	10.52
339.7433			
339.7848	7.36	524.1	10.52
339.7850			
339.8265	7.40	504.0	10.52
339.8266			
339.8682	7.58	570.6	10.52
339.8683			
339.9098	7.60	543.3	10.52
339.9100			
339.9515	7.58	571.6	10.52
339.9516			
339.9932	7.54	545.5	10.52
339.9933			
340.0348	7.54	546.9	10.51
340.0350			
340.0765	7.51	575.0	10.51
340.0766			
340.1182	7.47	573.0	10.51
340.1183			
340.1598	7.40	537.7	10.51
340.1600			
340.2015	7.38	531.3	10.50
340.2016			
340.2432	7.29	528.6	10.50
340.2433			
340.2853	7.25		10.12
340.2861			
340.3265	7.18	506.2	10.62
340.3266			
340.3682	7.27	501.1	10.59
340.3683			
340.4098	7.32	576.3	10.57
340.4100			
340.4515	7.34	593.9	10.57
340.4516			
340.4932	7.38	650.8	10.57
340.4933			
340.5348	7.36	686.2	10.56
340.5350			
340.5765	7.38	650.2	10.56
340.5766			
340.6182	7.34	602.3	10.57
340.6183			
340.6598	7.36	588.7	10.56
340.6600			
340.7015	7.34	583.2	10.56
340.7016			
340.7432	7.25	557.2	10.56
340.7433			
340.7848	6.92	518.8	10.55
340.7850			
340.8265	7.01	529.0	10.56
340.8266			
340.8682	7.05	501.8	10.55
340.8683			
340.9098	7.20	512.0	10.56
340.9100			
340.9515	7.14	503.3	10.56
340.9516			
340.9932	7.20	540.6	10.56
340.9933			
341.0348	7.14	633.6	10.56
341.0350			
341.0765	6.89	728.4	10.56
341.0766			
341.1182	7.23	725.1	10.55
341.1183			
341.1598	7.12	628.6	10.56
341.1600			
341.2015	6.92	609.5	10.56
341.2016			
341.2432	6.08	506.6	10.55
341.2433			
341.2848	6.14	505.7	10.54
341.2850			
341.3265	6.14	510.1	10.54
341.3266			
341.3682	6.16	502.0	10.54
341.3683			
341.4098	6.32	524.4	10.54
341.4100			
341.4515	6.32	525.1	10.54
341.4516			
341.4932	6.19	556.3	10.54
341.4933			
341.5348	5.85	650.6	10.54
341.5350			
341.5765	6.08	709.1	10.53
341.5766			
341.6182	6.21	656.4	10.53
341.6183			
341.6598	6.30	593.2	10.54
341.6600			
341.7015	6.21	533.3	10.54
341.7016			
341.7432	6.14	529.6	10.54
341.7433			
341.7848	5.39	462.9	10.53
341.7850			
341.8265	5.41	447.3	10.52
341.8266			
341.8682	5.41	429.5	10.52
341.8683			
341.9098	5.57	434.8	10.52
341.9100			
341.9515	5.61	455.3	10.52
341.9516			
341.9932	5.61	453.8	10.52
341.9933			
342.0348	5.59	483.1	10.52
342.0350			
342.0765	5.63	547.4	10.52
342.0766			
342.1182	5.66	516.6	10.52
342.1183			
342.1598	5.57	479.6	10.52
342.1600			
342.2015	5.46	470.3	10.51
342.2016			
342.2432	5.52	478.2	10.51
342.2433			
342.2848	5.59	474.6	10.51
342.2850			
342.3265	5.08	444.1	10.51
342.3266			
342.3682	5.37	467.7	10.51
342.3683			
342.4098	5.41	472.3	10.51
342.4100			
342.4515	5.43	471.7	10.51
342.4516			
342.4932	5.35	474.3	10.51
342.4933			
342.5348	5.28	604.8	10.50
342.5350			
342.5765	5.24	611.0	10.50
342.5766			
342.6182	5.37	589.7	10.50
342.6183			
342.6598	5.50	581.2	10.50
342.6600			
342.7015	5.66	518.6	10.50
342.7016			
342.7432	5.70	506.4	10.51
342.7433			
342.7848	5.83	467.0	10.50
342.7850			
342.8265	6.08	445.2	10.51
342.8266			
342.8682	6.14	438.6	10.51
342.8683			
342.9098	6.19	447.6	10.51
342.9100			
342.9515	6.16	436.1	10.51
342.9516			
342.9932	6.14	428.4	10.51
342.9933			
343.0348	6.21	460.2	10.51
343.0350			
343.0765	6.10	530.2	10.51
343.0766			
343.1182	6.14	575.6	10.50
343.1183			
343.1598	6.25	508.8	10.50
343.1600			
343.2015	6.21	473.1	10.50
343.2016			
343.2432	6.16	484.1	10.50
343.2433			
343.2848	6.10	479.1	10.50
343.2850			
343.3265	5.83	468.9	10.50
343.3266			
343.3682	5.92	475.8	10.50
343.3683			
343.4098	5.88	470.7	10.49
343.4100			
343.4515	5.92	475.0	10.49
343.4516			
343.4932	5.92	496.8	10.49
343.4933			
343.5348	5.90	514.5	10.49
343.5350			
343.5765	5.88	568.9	10.48
343.5766			
343.6182	5.97	587.1	10.48
343.6183			
343.6598	6.01	590.7	10.48
343.6600			
343.7015	6.08	544.3	10.48
343.7016			
343.7432	6.16	484.4	10.48
343.7433			
343.7848	6.21	447.2	10.48
343.7850			
343.8270	6.41		10.06
343.8278			
343.8682	6.45	405.5	10.59
343.8683			
343.9098	6.43	406.0	10.57
343.9100			
343.9515	6.43	421.8	10.55
343.9516			
343.9932	6.54	427.7	10.55
343.9933			
344.0348	6.65	448.5	10.54
344.0350			
344.0765	6.81	499.1	10.55
344.0766			
344.1182	6.81	545.4	10.55
344.1183			
344.1598	6.72	536.7	10.55
344.1600			
344.2015	6.63	515.6	10.55
344.2016			
344.2432	6.52	480.0	10.55
344.2433			
344.2848	6.52	479.5	10.54
344.2850			
344.3265	6.45	479.1	10.54
344.3266			
344.3682	6.43	471.4	10.54
344.3683			
344.4098	6.41	469.0	10.54
344.4100			
344.4515	6.36	479.5	10.54
344.4516			
344.4932	6.39	481.9	10.54
344.4933			
344.5348	6.47	498.5	10.54
344.5350			
344.5765	6.58	535.2	10.54
344.5766			
344.6182	6.83	624.4	10.54
344.6183			
344.6598	7.01	690.3	10.55
344.6600			
344.7015	6.94	662.0	10.55
344.7016			
344.7432	6.85	612.6	10.55
344.7433			
344.7848	6.72	545.8	10.55
344.7850			
344.8265	6.94	478.2	10.55
344.8266			
344.8682	7.63	471.9	10.55
344.8683			
344.9098	7.47	461.1	10.55
344.9100			
344.9515	7.36	460.1	10.55
344.9516			
344.9932	7.47	449.1	10.55
344.9933			
345.0348	7.87	474.3	10.56
345.0350			
345.0765	8.25	532.1	10.56
345.0766			
345.1182	8.42	569.2	10.57
345.1183			
345.1598	8.62	634.8	10.57
345.1600			
345.2015	8.09	566.5	10.57
345.2016			
345.2432	8.29	557.7	10.56
345.2433			
345.2848	8.00	536.7	10.56
345.2850			
345.3265	7.80	540.9	10.56
345.3266			
345.3682	8.78	555.5	10.56
345.3683			
345.4098	8.27	523.0	10.56
345.4100			
345.4515	8.05	502.8	10.56
345.4516			
345.4932	8.38	510.2	10.56
345.4933			
345.5348	9.29	669.1	10.56
345.5350			
345.5765	9.13	693.4	10.57
345.5766			
345.6182	9.09	707.1	10.57
345.6183			
345.6598	9.33	753.8	10.57
345.6600			
345.7015	9.60	958.4	10.57
345.7016			
345.7432	9.74	1256.6	10.58
345.7433			
345.7848	9.71	1429.0	10.58
345.7850			
345.8265	9.53	1188.8	10.58
345.8266			
345.8682	8.85	729.0	10.57
345.8683			
345.9098	8.42	586.2	10.56
345.9100			
345.9515	8.49	555.9	10.55
345.9516			
345.9932	8.49	575.5	10.55
345.9933			
346.0348	8.40	604.4	10.55
346.0350			
346.0765	8.29	680.3	10.54
346.0766			
346.1182	8.16	700.8	10.54
346.1183			
346.1598	7.96	950.4	10.54
346.1600			
346.2015	7.96	1106.8	10.53
346.2016			
346.2432	8.05	997.7	10.53
346.2433			
346.2848	8.07	910.3	10.53
346.2850			
346.3265	8.25	889.4	10.53
346.3266			
346.3682	7.47	686.4	10.53
346.3683			
346.4098	7.14	598.1	10.52
346.4100			
346.4515	7.16	560.2	10.52
346.4516			
346.4932	7.14	555.4	10.51
346.4933			
346.5348	7.14	566.7	10.51
346.5350			
346.5765	6.92	547.0	10.51
346.5766			
346.6182	6.70	614.0	10.50
346.6183			
346.6598	6.50	718.1	10.50
346.6600			
346.7015	6.61	825.8	10.49
346.7016			
346.7432	6.67	859.2	10.49
346.7433			
346.7848	6.81	785.7	10.49
346.7850			
346.8265	7.05	732.3	10.49
346.8266			
346.8682	7.14	617.6	10.50
346.8683			
346.9098	7.12	509.5	10.50
346.9100			
346.9515	7.09	479.6	10.50
346.9516			
346.9932	7.12	478.5	10.49
346.9933			
347.0348	7.05	473.4	10.49
347.0350			
347.0765	6.87	479.0	10.49
347.0766			
347.1182	6.56	516.0	10.48
347.1183			
347.1598	6.39	577.7	10.48
347.1600			
347.2015	6.25	689.6	10.47
347.2016			
347.2432	6.41	715.1	10.47
347.2433			
347.2848	6.61	666.7	10.47
347.2850			
347.3265	6.83	647.0	10.47
347.3266			
347.3687	6.63		10.06
347.3694			
347.4098	6.39	520.6	10.58
347.4100			
347.4515	6.39	517.6	10.55
347.4516			
347.4932	6.43	515.6	10.54
347.4933			
347.5348	6.45	536.6	10.53
347.5350			
347.5765	6.45	532.2	10.53
347.5766			
347.6182	6.19	519.3	10.52
347.6183			
347.6598	6.28	555.7	10.52
347.6600			
347.7015	6.25	614.4	10.52
347.7016			
347.7432	6.47	697.4	10.52
347.7433			
347.7848	6.45	750.0	10.52
347.7850			
347.8265	6.47	683.2	10.52
347.8266			
347.8682	6.50	668.2	10.52
347.8683			
347.9098	6.63	588.6	10.52
347.9100			
347.9515	6.50	497.0	10.53
347.9516			
347.9932	6.39	484.5	10.52
347.9933			
348.0348	6.41	493.9	10.52
348.0350			
348.0765	6.36	477.6	10.52
348.0766			
348.1182	6.10	499.1	10.52
348.1183			
348.1598	5.79	557.6	10.51
348.1600			
348.2015	5.46	664.2	10.51
348.2016			
348.2432	5.50	742.3	10.51
348.2433			
348.2848	5.70	745.0	10.51
348.2850			
348.3265	5.79	738.8	10.51
348.3266			
348.3682	5.88	685.8	10.51
348.3683			
348.4098	6.05	656.9	10.51
348.4100			
348.4515	5.26	554.8	10.51
348.4516			
348.4932	5.15	526.8	10.50
348.4933			
348.5348	5.28	499.2	10.50
348.5350			
348.5765	5.39	501.8	10.50
348.5766			
348.6182	5.19	486.8	10.50
348.6183			
348.6598	4.95	505.3	10.50
348.6600			
348.7015	4.70	540.3	10.50
348.7016			
348.7432	4.73	626.2	10.49
348.7433			