Year Day	Temperature C	CO2	Battery Voltage
348.8078	4.79		0.00
348.8339	4.84		9.96
348.8347			
348.8751	4.86	767.8	10.55
348.8752			
348.9168	5.17	774.7	10.53
348.9169			
348.9584	5.24	526.1	10.53
348.9586			
349.0001	5.28	482.2	10.52
349.0002			
349.0418	5.39	467.7	10.52
349.0419			
349.0834	5.46	466.8	10.52
349.0836			
349.1251	5.32	458.0	10.53
349.1252			
349.1668	4.68	475.2	10.52
349.1669			
349.2084	4.62	501.8	10.51
349.2086			
349.2501	4.37	612.0	10.51
349.2502			
349.2918	4.31	687.4	10.51
349.2919			
349.3334	4.73	624.9	10.51
349.3336			
349.3751	5.41	624.9	10.51
349.3752			
349.4168	5.19	557.5	10.52
349.4169			
349.4584	5.17	521.4	10.52
349.4586			
349.5001	5.08	516.6	10.52
349.5002			
349.5418	5.13	496.3	10.52
349.5419			
349.5834	5.35	491.0	10.52
349.5836			
349.6251	5.41	487.0	10.52
349.6252			
349.6668	5.32	484.5	10.52
349.6669			
349.7084	5.32	493.5	10.52
349.7086			
349.7501	5.39	527.4	10.52
349.7502			
349.7918	5.59	582.5	10.52
349.7919			
349.8334	5.59	602.5	10.52
349.8336			
349.8751	5.55	565.1	10.52
349.8752			
349.9168	5.59	574.1	10.52
349.9169			
349.9584	5.55	572.4	10.52
349.9586			
350.0001	5.88	470.8	10.53
350.0002			
350.0418	5.92	453.7	10.53
350.0419			
350.0834	5.94	452.6	10.53
350.0836			
350.1251	5.97	457.7	10.53
350.1252			
350.1668	5.94	456.7	10.53
350.1669			
350.2084	5.74	491.5	10.53
350.2086			
350.2501	5.52	556.7	10.52
350.2502			
350.2918	5.41	707.5	10.52
350.2919			
350.3334	5.46	768.8	10.52
350.3336			
350.3751	5.57	741.0	10.51
350.3752			
350.4168	5.85	583.5	10.52
350.4169			
350.4584	5.70	563.0	10.52
350.4586			
350.5001	5.77	542.8	10.52
350.5002			
350.5418	5.57	524.5	10.52
350.5419			
350.5834	5.66	503.5	10.52
350.5836			
350.6251	5.79	494.4	10.51
350.6252			
350.6668	5.85	490.9	10.52
350.6669			
350.7084	5.99	499.8	10.52
350.7086			
350.7501	6.16	522.7	10.52
350.7502			
350.7918	6.30	552.4	10.52
350.7919			
350.8334	6.39	579.9	10.52
350.8336			
350.8751	6.41	599.3	10.52
350.8752			
350.9168	6.32	576.9	10.52
350.9169			
350.9584	6.34	574.7	10.52
350.9586			
351.0001	6.23	518.5	10.52
351.0002			
351.0418	6.14	460.8	10.52
351.0419			
351.0834	6.05	451.0	10.52
351.0836			
351.1251	6.01	456.6	10.51
351.1252			
351.1668	6.01	461.3	10.51
351.1669			
351.2084	5.92	466.9	10.51
351.2086			
351.2501	5.81	501.2	10.51
351.2502			
351.2918	5.66	569.4	10.50
351.2919			
351.3334	5.63	637.5	10.50
351.3336			
351.3751	5.66	662.1	10.50
351.3752			
351.4168	5.77	618.7	10.50
351.4169			
351.4584	5.88	580.9	10.50
351.4586			
351.5001	5.92	558.4	10.50
351.5002			
351.5418	5.94	545.3	10.50
351.5419			
351.5834	5.94	540.5	10.50
351.5836			
351.6251	6.01	498.0	10.50
351.6252			
351.6668	6.12	484.3	10.50
351.6669			
351.7084	6.16	482.7	10.50
351.7086			
351.7501	6.32	491.0	10.50
351.7502			
351.7918	6.45	501.6	10.50
351.7919			
351.8334	6.61	522.1	10.50
351.8336			
351.8751	6.72	560.3	10.50
351.8752			
351.9168	6.67	570.8	10.50
351.9169			
351.9584	6.56	529.0	10.50
351.9586			
352.0001	6.50	518.7	10.50
352.0002			
352.0418	6.54	514.6	10.50
352.0419			
352.0834	6.67	514.4	10.50
352.0836			
352.1251	6.72	523.0	10.50
352.1252			
352.1668	6.65	504.5	10.49
352.1669			
352.2084	6.70	506.9	10.49
352.2086			
352.2501	6.87	520.4	10.49
352.2502			
352.2918	7.27	564.5	10.50
352.2919			
352.3334	7.65	655.7	10.50
352.3336			
352.3756	7.69		10.04
352.3764			
352.4168	7.54	622.6	10.57
352.4169			
352.4584	7.94	642.6	10.54
352.4586			
352.5001	8.07	671.0	10.54
352.5002			
352.5418	7.89	602.6	10.54
352.5419			
352.5834	7.71	581.2	10.54
352.5836			
352.6251	8.07	569.1	10.54
352.6252			
352.6668	7.78	528.1	10.54
352.6669			
352.7084	7.60	507.0	10.54
352.7086			
352.7501	7.65	510.0	10.53
352.7502			
352.7918	8.51	586.2	10.54
352.7919			
352.8334	8.91	662.4	10.55
352.8336			
352.8751	9.31	731.7	10.55
352.8752			
352.9168	8.76	646.3	10.56
352.9169			
352.9584	8.82	628.2	10.55
352.9586			
353.0001	9.22	727.3	10.55
353.0002			
353.0418	9.38	965.8	10.56
353.0419			
353.0834	9.31	1395.6	10.56
353.0836			
353.1251	9.13	1133.6	10.56
353.1252			
353.1668	7.80	577.8	10.54
353.1669			
353.2084	7.67	534.2	10.54
353.2086			
353.2501	7.74	546.1	10.53
353.2502			
353.2918	7.82	644.7	10.53
353.2919			
353.3334	7.82	768.4	10.53
353.3336			
353.3751	7.82	819.7	10.53
353.3752			
353.4168	7.80	874.6	10.53
353.4169			
353.4584	7.78	837.8	10.53
353.4586			
353.5001	7.76	798.3	10.52
353.5002			
353.5418	7.76	887.4	10.52
353.5419			
353.5834	7.76	790.4	10.52
353.5836			
353.6251	7.71	694.8	10.52
353.6252			
353.6668	7.67	653.8	10.52
353.6669			
353.7084	7.67	556.1	10.52
353.7086			
353.7501	7.69	544.5	10.52
353.7502			
353.7918	7.74	539.3	10.52
353.7919			
353.8334	8.00	557.8	10.52
353.8336			
353.8751	8.11	629.2	10.52
353.8752			
353.9168	8.11	699.8	10.52
353.9169			
353.9584	8.07	806.7	10.52
353.9586			
354.0001	8.07	813.5	10.52
354.0002			
354.0418	8.05	805.4	10.52
354.0419			
354.0834	8.07	807.5	10.52
354.0836			
354.1251	7.98	730.9	10.52
354.1252			
354.1668	7.40	610.6	10.51
354.1669			
354.2084	7.38	576.2	10.51
354.2086			
354.2501	7.18	552.4	10.50
354.2502			
354.2918	7.23	541.2	10.50
354.2919			
354.3334	7.09	552.1	10.49
354.3336			
354.3751	6.87	661.0	10.49
354.3752			
354.4168	6.54	814.7	10.48
354.4169			
354.4584	6.45	875.8	10.48
354.4586			
354.5001	6.32	1001.0	10.47
354.5002			
354.5418	6.52	961.7	10.47
354.5419			
354.5834	6.65	976.0	10.47
354.5836			
354.6251	6.87	888.6	10.47
354.6252			
354.6668	6.89	906.9	10.47
354.6669			
354.7084	6.65	712.2	10.47
354.7086			
354.7501	6.61	602.9	10.47
354.7502			
354.7918	6.61	543.3	10.47
354.7919			
354.8334	6.70	540.7	10.47
354.8336			
354.8751	6.70	596.6	10.47
354.8752			
354.9168	6.63	645.4	10.46
354.9169			
354.9584	6.61	731.0	10.46
354.9586			
355.0001	6.63	744.8	10.46
355.0002			
355.0418	6.70	697.0	10.46
355.0419			
355.0834	6.63	693.3	10.46
355.0836			
355.1251	6.70	740.1	10.46
355.1252			
355.1668	6.63	628.0	10.46
355.1669			
355.2084	6.12	543.4	10.45
355.2086			
355.2501	6.03	557.0	10.44
355.2502			
355.2918	6.12	520.7	10.44
355.2919			
355.3334	6.14	518.8	10.44
355.3336			
355.3751	6.05	532.7	10.43
355.3752			
355.4168	5.85	585.6	10.43
355.4169			
355.4584	5.50	680.9	10.43
355.4586			
355.5001	5.24	749.1	10.42
355.5002			
355.5418	5.19	844.1	10.41
355.5419			
355.5834	5.19	967.3	10.41
355.5836			
355.6251	4.97	968.3	10.40
355.6252			
355.6668	5.06	1126.3	10.40
355.6669			
355.7084	4.97	1026.1	10.39
355.7086			
355.7501	5.30	739.0	10.40
355.7502			
355.7918	5.66	543.0	10.40
355.7919			
355.8334	5.77	502.0	10.40
355.8336			
355.8751	5.48	489.0	10.41
355.8752			
355.9173	5.55		9.97
355.9180			
355.9584	5.59	511.2	10.52
355.9586			
356.0001	5.46	545.0	10.49
356.0002			
356.0418	5.26	639.4	10.48
356.0419			
356.0834	5.04	705.6	10.47
356.0836			
356.1251	5.01	738.5	10.46
356.1252			
356.1668	5.08	724.7	10.46
356.1669			
356.2084	5.08	554.8	10.47
356.2086			
356.2501	4.53	523.0	10.46
356.2502			
356.2918	4.68	509.2	10.46
356.2919			
356.3334	4.79	481.5	10.46
356.3336			
356.3751	4.84	481.9	10.46
356.3752			
356.4168	4.57	493.1	10.46
356.4169			
356.4584	4.28	520.8	10.46
356.4586			
356.5001	3.73	620.8	10.45
356.5002			
356.5418	3.53	690.6	10.44
356.5419			
356.5834	3.46	802.9	10.44
356.5836			
356.6251	3.75	786.3	10.44
356.6252			
356.6668	3.75	717.5	10.44
356.6669			
356.7084	4.20	701.4	10.44
356.7086			
356.7501	4.53	571.8	10.45
356.7502			
356.7918	4.46	537.4	10.45
356.7919			
356.8334	5.01	484.2	10.46
356.8336			
356.8751	5.10	463.5	10.47
356.8752			
356.9168	5.04	450.9	10.47
356.9169			
356.9584	4.88	448.2	10.47
356.9586			
357.0001	4.79	497.0	10.47
357.0002			
357.0418	4.62	617.3	10.47
357.0419			
357.0834	4.53	694.6	10.46
357.0836			
357.1251	4.95	651.6	10.46
357.1252			
357.1668	5.13	573.8	10.47
357.1669			
357.2084	5.08	499.3	10.47
357.2086			
357.2501	5.10	498.7	10.47
357.2502			
357.2918	5.01	499.5	10.47
357.2919			
357.3334	5.08	500.4	10.47
357.3336			
357.3751	5.08	481.9	10.47
357.3752			
357.4168	5.10	484.6	10.47
357.4169			
357.4584	4.90	487.1	10.47
357.4586			
357.5001	4.46	521.3	10.46
357.5002			
357.5418	4.00	596.7	10.46
357.5419			
357.5834	3.93	650.2	10.45
357.5836			
357.6251	4.02	675.0	10.45
357.6252			
357.6668	4.22	673.6	10.45
357.6669			
357.7084	4.48	623.2	10.45
357.7086			
357.7501	4.53	582.6	10.46
357.7502			
357.7918	4.93	509.1	10.46
357.7919			
357.8334	5.37	493.8	10.46
357.8336			
357.8751	5.46	457.4	10.47
357.8752			
357.9168	5.48	451.6	10.47
357.9169			
357.9584	5.48	443.8	10.47
357.9586			
358.0001	5.39	452.4	10.47
358.0002			
358.0418	5.35	509.4	10.47
358.0419			
358.0834	5.28	600.0	10.47
358.0836			
358.1251	5.30	678.5	10.47
358.1252			
358.1668	5.32	651.1	10.47
358.1669			
358.2084	5.48	552.8	10.47
358.2086			
358.2501	5.43	515.5	10.47
358.2502			
358.2918	5.43	500.7	10.47
358.2919			
358.3334	5.41	494.7	10.47
358.3336			
358.3751	5.43	490.9	10.47
358.3752			
358.4168	5.43	485.3	10.47
358.4169			
358.4584	5.46	490.5	10.46
358.4586			
358.5001	5.37	497.2	10.47
358.5002			
358.5418	5.35	557.6	10.46
358.5419			
358.5834	5.30	671.2	10.46
358.5836			
358.6251	5.32	737.7	10.46
358.6252			
358.6668	5.39	772.4	10.46
358.6669			
358.7084	5.43	778.5	10.46
358.7086			
358.7501	5.48	718.3	10.46
358.7502			
358.7918	5.52	705.3	10.46
358.7919			
358.8334	5.66	534.5	10.46
358.8336			
358.8751	5.81	502.6	10.46
358.8752			
358.9168	5.79	479.3	10.46
358.9169			
358.9584	5.77	467.8	10.46
358.9586			
359.0001	5.79	464.3	10.46
359.0002			
359.0418	5.94	533.8	10.46
359.0419			
359.0834	6.05	630.3	10.46
359.0836			
359.1251	6.19	798.5	10.46
359.1252			
359.1668	6.19	882.0	10.47
359.1669			
359.2084	6.03	778.5	10.47
359.2086			
359.2501	5.90	596.6	10.46
359.2502			
359.2918	5.85	571.9	10.46
359.2919			
359.3334	5.81	540.3	10.46
359.3336			
359.3751	5.79	533.5	10.46
359.3752			
359.4168	5.79	513.3	10.45
359.4169			
359.4589	5.74		9.94
359.4597			
359.5001	5.74	486.4	10.51
359.5002			
359.5418	5.72	514.6	10.49
359.5419			
359.5834	5.79	607.6	10.48
359.5836			
359.6251	5.90	749.0	10.48
359.6252			
359.6668	6.19	943.9	10.48
359.6669			
359.7084	6.34	988.8	10.49
359.7086			
359.7501	6.21	902.9	10.49
359.7502			
359.7918	6.12	763.5	10.49
359.7919			
359.8334	6.12	726.9	10.49
359.8336			
359.8751	6.28	521.3	10.49
359.8752			
359.9168	6.32	498.0	10.50
359.9169			
359.9584	6.25	479.4	10.49
359.9586			
360.0001	6.21	469.5	10.49
360.0002			
360.0418	6.30	483.6	10.49
360.0419			
360.0834	6.50	547.4	10.49
360.0836			
360.1251	6.65	649.2	10.49
360.1252			
360.1668	6.72	768.2	10.50
360.1669			
360.2084	6.67	821.0	10.50
360.2086			
360.2501	6.52	747.3	10.50
360.2502			
360.2918	6.30	589.4	10.50
360.2919			
360.3334	6.25	557.2	10.49
360.3336			
360.3751	6.19	537.8	10.49
360.3752			
360.4168	6.14	526.5	10.49
360.4169			
360.4584	6.12	507.7	10.49
360.4586			
360.5001	6.05	495.4	10.48
360.5002			
360.5418	6.05	500.4	10.48
360.5419			
360.5834	6.16	524.0	10.48
360.5836			
360.6251	6.32	604.4	10.48
360.6252			
360.6668	6.47	719.1	10.48
360.6669			
360.7084	6.78	918.5	10.49
360.7086			
360.7501	6.70	981.8	10.49
360.7502			
360.7918	6.61	835.1	10.49
360.7919			
360.8334	6.56	712.9	10.49
360.8336			
360.8751	6.47	602.0	10.49
360.8752			
360.9168	6.61	525.5	10.48
360.9169			
360.9584	6.43	478.4	10.48
360.9586			
361.0001	6.36	476.2	10.48
361.0002			
361.0418	6.34	466.3	10.48
361.0419			
361.0834	6.61	522.2	10.48
361.0836			
361.1251	6.74	558.4	10.48
361.1252			
361.1668	6.87	696.8	10.48
361.1669			
361.2084	6.94	816.0	10.48
361.2086			
361.2501	6.76	754.2	10.49
361.2502			
361.2918	6.56	662.6	10.48
361.2919			
361.3334	6.45	606.0	10.48
361.3336			
361.3751	6.34	549.6	10.47
361.3752			
361.4168	6.36	534.1	10.47
361.4169			
361.4584	6.14	532.6	10.47
361.4586			
361.5001	6.12	509.2	10.47
361.5002			
361.5418	6.12	505.4	10.47
361.5419			
361.5834	6.12	501.9	10.46
361.5836			
361.6251	6.34	540.4	10.46
361.6252			
361.6668	6.52	618.5	10.46
361.6669			
361.7084	6.78	749.2	10.46
361.7086			
361.7501	6.92	799.2	10.47
361.7502			
361.7918	6.83	792.6	10.47
361.7919			
361.8334	6.74	724.6	10.47
361.8336			
361.8751	6.67	670.3	10.47
361.8752			
361.9168	6.54	532.9	10.47
361.9169			
361.9584	6.50	512.8	10.46
361.9586			
362.0001	6.43	482.5	10.46
362.0002			
362.0418	6.41	474.5	10.46
362.0419			
362.0834	6.45	479.1	10.46
362.0836			
362.1251	6.61	506.2	10.46
362.1252			
362.1668	6.81	568.4	10.46
362.1669			
362.2084	7.01	695.9	10.46
362.2086			
362.2501	7.09	765.0	10.46
362.2502			
362.2918	6.96	734.5	10.46
362.2919			
362.3334	6.74	636.8	10.46
362.3336			
362.3751	6.54	570.7	10.45
362.3752			
362.4168	6.61	553.7	10.45
362.4169			
362.4584	6.58	542.0	10.45
362.4586			
362.5001	6.50	519.3	10.44
362.5002			
362.5418	6.50	518.1	10.44
362.5419			
362.5834	6.52	509.1	10.44
362.5836			
362.6251	6.67	528.7	10.44
362.6252			
362.6668	6.87	593.8	10.44
362.6669			
362.7084	7.14	710.9	10.44
362.7086			
362.7501	7.34	873.7	10.44
362.7502			
362.7918	7.29	898.3	10.45
362.7919			
362.8334	7.29	832.7	10.45
362.8336			
362.8751	7.27	832.1	10.44
362.8752			
362.9168	7.18	796.9	10.44
362.9169			
362.9584	7.40	860.6	10.44
362.9586			
363.0006	6.98		9.98
363.0014			
363.0418	6.89	532.7	10.51
363.0419			
363.0834	6.81	519.9	10.49
363.0836			
363.1251	6.83	535.9	10.48
363.1252			
363.1668	7.12	633.0	10.47
363.1669			
363.2084	7.29	748.0	10.48
363.2086			
363.2501	7.32	817.7	10.48
363.2502			
363.2918	7.36	919.0	10.48
363.2919			
363.3334	7.29	908.9	10.48
363.3336			
363.3751	7.18	853.5	10.48
363.3752			
363.4168	6.98	746.1	10.48
363.4169			
363.4584	6.83	639.4	10.47
363.4586			
363.5001	6.70	599.3	10.47
363.5002			
363.5418	6.74	564.3	10.47
363.5419			
363.5834	6.61	533.2	10.47
363.5836			
363.6251	6.63	528.0	10.47
363.6252			
363.6668	6.78	547.9	10.47
363.6669			
363.7084	7.07	642.6	10.47
363.7086			
363.7501	7.43	775.2	10.47
363.7502			
363.7918	7.45	789.7	10.47
363.7919			
363.8334	7.38	803.1	10.48
363.8336			
363.8751	7.25	741.5	10.48
363.8752			
363.9168	7.20	671.0	10.47
363.9169			
363.9584	7.05	641.7	10.47
363.9586			
364.0001	6.96	551.0	10.47
364.0002			
364.0418	6.78	504.9	10.47
364.0419			
364.0834	6.74	491.7	10.46
364.0836			
364.1251	6.67	488.9	10.47
364.1252			
364.1668	6.83	498.6	10.46
364.1669			
364.2084	7.07	590.8	10.46
364.2086			
364.2501	7.29	755.9	10.47
364.2502			
364.2918	7.29	858.5	10.47
364.2919			
364.3334	7.23	814.3	10.47
364.3336			
364.3751	7.07	737.0	10.47
364.3752			
364.4168	6.92	644.7	10.46
364.4169			
364.4584	6.83	592.4	10.47
364.4586			
364.5001	6.76	587.0	10.46
364.5002			
364.5418	6.74	559.7	10.46
364.5419			
364.5834	6.74	540.5	10.46
364.5836			
364.6251	6.74	525.0	10.45
364.6252			
364.6668	6.76	527.5	10.46
364.6669			
364.7084	7.01	564.2	10.46
364.7086			
364.7501	7.34	661.7	10.46
364.7502			
364.7918	7.47	716.2	10.46
364.7919			
364.8334	7.54	723.2	10.46
364.8336			
364.8751	7.40	706.9	10.47
364.8752			
364.9168	7.29	685.9	10.46
364.9169			
364.9584	7.38	670.7	10.46
364.9586			
365.0001	7.43	779.0	10.46
365.0002			
365.0418	7.07	583.3	10.46
365.0419			
365.0834	6.94	550.1	10.46
365.0836			
365.1251	6.85	537.9	10.45
365.1252			
365.1668	6.81	513.0	10.45
365.1669			
365.2084	6.87	533.4	10.44
365.2086			
365.2501	7.03	625.7	10.44
365.2502			
365.2918	6.98	779.8	10.44
365.2919			
365.3334	6.94	860.7	10.44
365.3336			
365.3751	6.96	872.2	10.44
365.3752			
365.4168	6.85	732.3	10.44
365.4169			
365.4584	6.63	621.8	10.44
365.4586			
365.5001	6.72	603.4	10.43
365.5002			
365.5418	6.56	576.4	10.43
365.5419			
365.5834	6.34	558.0	10.43
365.5836			
365.6251	6.45	537.5	10.42
365.6252			
365.6668	6.43	531.9	10.43
365.6669			
365.7084	6.50	525.7	10.42
365.7086			
365.7501	6.58	582.1	10.42
365.7502			
365.7918	6.72	619.0	10.42
365.7919			
365.8334	6.85	612.7	10.43
365.8336			
365.8751	6.92	612.7	10.42
365.8752			
365.9168	6.94	584.3	10.43
365.9169			
365.9584	6.67	549.5	10.42
365.9586			