Year Day	Temperature C	CO2	Battery Voltage
1.0001	6.50	518.3	10.42
1.0002			
1.0418	6.52	502.5	10.42
1.0419			
1.0834	6.41	501.4	10.41
1.0836			
1.1251	6.39	496.9	10.41
1.1252			
1.1668	6.32	485.0	10.40
1.1669			
1.2084	6.30	481.3	10.40
1.2086			
1.2501	6.34	503.5	10.40
1.2502			
1.2918	6.28	578.1	10.40
1.2919			
1.3334	6.28	661.7	10.40
1.3336			
1.3751	6.30	652.9	10.40
1.3752			
1.4168	6.32	637.8	10.40
1.4169			
1.4584	6.30	594.0	10.40
1.4586			
1.5001	6.05	551.9	10.39
1.5002			
1.5423	5.99		9.94
1.5430			
1.5834	5.97	496.8	10.48
1.5836			
1.6251	6.05	494.3	10.46
1.6252			
1.6668	5.97	494.5	10.45
1.6669			
1.7084	6.03	482.3	10.45
1.7086			
1.7501	6.19	475.1	10.44
1.7502			
1.7918	6.39	489.3	10.44
1.7919			
1.8334	6.56	583.0	10.45
1.8336			
1.8751	6.58	606.9	10.45
1.8752			
1.9168	6.39	534.6	10.45
1.9169			
1.9584	6.32	493.7	10.45
1.9586			
2.0001	6.32	476.2	10.45
2.0002			
2.0418	6.32	476.0	10.44
2.0419			
2.0834	6.30	480.3	10.45
2.0836			
2.1251	6.23	458.0	10.44
2.1252			
2.1668	6.08	456.2	10.44
2.1669			
2.2084	6.03	454.0	10.44
2.2086			
2.2501	6.03	451.5	10.44
2.2502			
2.2918	6.08	473.9	10.44
2.2919			
2.3334	6.01	521.2	10.44
2.3336			
2.3751	5.92	575.6	10.44
2.3752			
2.4168	5.92	599.3	10.44
2.4169			
2.4584	6.05	579.2	10.44
2.4586			
2.5001	5.94	533.9	10.44
2.5002			
2.5418	5.79	509.3	10.44
2.5419			
2.5834	5.55	494.4	10.43
2.5836			
2.6251	5.66	497.1	10.43
2.6252			
2.6668	5.68	485.8	10.43
2.6669			
2.7084	5.74	471.8	10.43
2.7086			
2.7501	5.68	462.2	10.43
2.7502			
2.7918	5.90	452.6	10.43
2.7919			
2.8334	6.10	472.1	10.44
2.8336			
2.8751	6.32	577.0	10.44
2.8752			
2.9168	6.16	557.0	10.44
2.9169			
2.9584	6.03	490.4	10.44
2.9586			
3.0001	5.94	473.2	10.44
3.0002			
3.0418	5.94	469.3	10.44
3.0419			
3.0834	5.90	469.8	10.44
3.0836			
3.1251	5.83	451.3	10.43
3.1252			
3.1668	5.70	442.4	10.43
3.1669			
3.2084	5.66	447.7	10.43
3.2086			
3.2501	5.66	440.4	10.43
3.2502			
3.2918	5.70	449.0	10.43
3.2919			
3.3334	5.59	470.8	10.43
3.3336			
3.3751	5.59	527.8	10.42
3.3752			
3.4168	5.59	546.9	10.42
3.4169			
3.4584	5.63	554.8	10.42
3.4586			
3.5001	5.77	537.4	10.42
3.5002			
3.5418	5.66	534.1	10.42
3.5419			
3.5834	5.70	512.1	10.42
3.5836			
3.6251	5.70	515.8	10.42
3.6252			
3.6668	5.39	491.9	10.42
3.6669			
3.7084	5.21	451.9	10.42
3.7086			
3.7501	5.28	446.9	10.41
3.7502			
3.7918	5.24	431.2	10.41
3.7919			
3.8334	5.68	432.0	10.41
3.8336			
3.8751	5.85	459.1	10.42
3.8752			
3.9168	5.94	470.9	10.42
3.9169			
3.9584	5.83	469.6	10.42
3.9586			
4.0001	5.55	457.1	10.42
4.0002			
4.0418	5.50	435.4	10.41
4.0419			
4.0834	5.46	436.9	10.41
4.0836			
4.1251	5.46	450.6	10.41
4.1252			
4.1668	5.50	433.3	10.40
4.1669			
4.2084	5.46	426.2	10.40
4.2086			
4.2501	5.52	435.2	10.40
4.2502			
4.2918	5.52	433.9	10.40
4.2919			
4.3334	5.52	442.2	10.40
4.3336			
4.3751	5.55	477.4	10.40
4.3752			
4.4168	5.55	531.0	10.40
4.4169			
4.4584	5.55	554.1	10.40
4.4586			
4.5001	5.59	536.0	10.40
4.5002			
4.5418	5.57	519.7	10.40
4.5419			
4.5834	5.57	500.4	10.40
4.5836			
4.6251	5.59	488.0	10.40
4.6252			
4.6668	5.59	489.1	10.40
4.6669			
4.7084	5.46	450.0	10.39
4.7086			
4.7501	5.46	431.6	10.39
4.7502			
4.7918	5.41	423.3	10.39
4.7919			
4.8334	5.46	415.1	10.39
4.8336			
4.8751	5.79	431.5	10.39
4.8752			
4.9168	5.99	484.8	10.39
4.9169			
4.9584	6.08	526.0	10.39
4.9586			
5.0001	5.97	609.5	10.40
5.0002			
5.0418	5.74	731.8	10.39
5.0419			
5.0839	5.28		9.89
5.0847			
5.1251	5.30	879.7	10.46
5.1252			
5.1668	4.64	790.7	10.43
5.1669			
5.2084	4.31	676.9	10.42
5.2086			
5.2501	4.37	489.6	10.41
5.2502			
5.2918	4.48	445.5	10.41
5.2919			
5.3334	4.44	429.0	10.41
5.3336			
5.3751	4.20	502.3	10.41
5.3752			
5.4168	3.73	553.6	10.40
5.4169			
5.4584	3.93	659.7	10.40
5.4586			
5.5001	3.82	672.9	10.40
5.5002			
5.5418	2.73	727.7	10.39
5.5419			
5.5834	3.44	782.9	10.39
5.5836			
5.6251	3.13	819.5	10.38
5.6252			
5.6668	3.18	847.0	10.38
5.6669			
5.7084	3.00	821.1	10.37
5.7086			
5.7501	3.06	701.6	10.38
5.7502			
5.7918	3.49	530.4	10.38
5.7919			
5.8334	3.60	428.5	10.39
5.8336			
5.8751	3.86	422.1	10.39
5.8752			
5.9168	3.73	431.1	10.39
5.9169			
5.9584	3.64	441.8	10.40
5.9586			
6.0001	3.55	518.4	10.39
6.0002			
6.0418	3.69	497.7	10.39
6.0419			
6.0834	3.71	483.4	10.40
6.0836			
6.1251	3.33	438.0	10.39
6.1252			
6.1668	3.44	446.8	10.39
6.1669			
6.2084	3.13	427.8	10.39
6.2086			
6.2501	3.15	421.4	10.39
6.2502			
6.2918	3.11	397.9	10.38
6.2919			
6.3334	3.20	403.0	10.38
6.3336			
6.3751	3.20	406.2	10.38
6.3752			
6.4168	3.24	421.3	10.39
6.4169			
6.4584	3.13	433.7	10.38
6.4586			
6.5001	3.09	482.4	10.38
6.5002			
6.5418	3.13	479.2	10.38
6.5419			
6.5834	3.26	478.8	10.38
6.5836			
6.6251	3.26	502.9	10.38
6.6252			
6.6668	3.38	451.4	10.38
6.6669			
6.7084	3.42	460.3	10.39
6.7086			
6.7501	3.44	417.4	10.39
6.7502			
6.7918	3.44	407.6	10.39
6.7919			
6.8334	3.75	400.8	10.39
6.8336			
6.8751	3.75	391.8	10.39
6.8752			
6.9168	3.75	389.0	10.39
6.9169			
6.9584	3.82	401.0	10.39
6.9586			
7.0001	3.77	395.6	10.39
7.0002			
7.0418	3.77	415.4	10.39
7.0419			
7.0834	3.93	550.8	10.39
7.0836			
7.1251	3.89	456.0	10.39
7.1252			
7.1668	3.86	432.1	10.39
7.1669			
7.2084	4.06	432.9	10.39
7.2086			
7.2501	4.08	432.3	10.39
7.2502			
7.2918	4.17	425.5	10.39
7.2919			
7.3334	4.17	425.9	10.40
7.3336			
7.3751	4.04	434.2	10.39
7.3752			
7.4168	3.93	448.3	10.39
7.4169			
7.4584	3.93	451.0	10.39
7.4586			
7.5001	3.89	466.3	10.39
7.5002			
7.5418	3.80	492.5	10.39
7.5419			
7.5834	3.73	542.3	10.38
7.5836			
7.6251	3.73	598.8	10.38
7.6252			
7.6668	3.77	636.8	10.38
7.6669			
7.7084	3.84	593.3	10.38
7.7086			
7.7501	3.84	544.3	10.38
7.7502			
7.7918	4.04	503.7	10.38
7.7919			
7.8334	4.06	461.9	10.38
7.8336			
7.8751	3.97	451.9	10.38
7.8752			
7.9168	3.38	501.5	10.37
7.9169			
7.9584	3.24	529.4	10.37
7.9586			
8.0001	3.13	568.3	10.36
8.0002			
8.0418	3.00	605.2	10.36
8.0419			
8.0834	2.98	670.4	10.36
8.0836			
8.1251	2.82	673.7	10.35
8.1252			
8.1668	2.91	714.3	10.35
8.1669			
8.2084	3.15	729.1	10.35
8.2086			
8.2501	3.24	754.0	10.35
8.2502			
8.2918	2.87	608.8	10.35
8.2919			
8.3334	3.02	482.3	10.35
8.3336			
8.3751	3.13	460.6	10.35
8.3752			
8.4168	3.22	454.4	10.35
8.4169			
8.4584	3.02	461.7	10.35
8.4586			
8.5001	2.62	524.2	10.35
8.5002			
8.5418	2.67	553.8	10.34
8.5419			
8.5834	2.58	600.3	10.33
8.5836			
8.6256	2.47		9.74
8.6264			
8.6668	2.44	709.6	10.40
8.6669			
8.7084	2.51	808.0	10.38
8.7086			
8.7501	2.55	828.8	10.37
8.7502			
8.7918	3.04	635.8	10.38
8.7919			
8.8334	3.26	487.6	10.38
8.8336			
8.8751	3.35	451.9	10.39
8.8752			
8.9168	3.31	434.7	10.39
8.9169			
8.9584	3.38	429.7	10.39
8.9586			
9.0001	3.38	419.9	10.39
9.0002			
9.0418	3.29	494.0	10.39
9.0419			
9.0834	3.26	590.8	10.39
9.0836			
9.1251	3.20	633.7	10.39
9.1252			
9.1668	3.33	565.4	10.39
9.1669			
9.2084	3.44	534.7	10.39
9.2086			
9.2501	3.55	526.4	10.39
9.2502			
9.2918	3.55	459.0	10.39
9.2919			
9.3334	3.58	465.3	10.39
9.3336			
9.3751	3.55	452.8	10.39
9.3752			
9.4168	3.46	450.5	10.39
9.4169			
9.4584	3.51	439.0	10.39
9.4586			
9.5001	3.42	443.3	10.39
9.5002			
9.5418	3.22	453.0	10.39
9.5419			
9.5834	3.06	533.6	10.39
9.5836			
9.6251	2.91	626.0	10.39
9.6252			
9.6668	2.95	656.9	10.38
9.6669			
9.7084	3.06	668.1	10.38
9.7086			
9.7501	3.15	605.7	10.38
9.7502			
9.7918	3.46	509.9	10.39
9.7919			
9.8334	3.51	475.5	10.39
9.8336			
9.8751	3.66	454.5	10.39
9.8752			
9.9168	3.89	425.5	10.40
9.9169			
9.9584	3.86	412.2	10.40
9.9586			
10.0001	3.86	417.3	10.40
10.0002			
10.0418	3.89	435.0	10.40
10.0419			
10.0834	3.91	469.0	10.40
10.0836			
10.1251	4.00	513.0	10.40
10.1252			
10.1668	4.04	530.1	10.40
10.1669			
10.2084	4.00	518.2	10.40
10.2086			
10.2501	4.24	527.7	10.40
10.2502			
10.2918	4.26	518.1	10.40
10.2919			
10.3334	4.42	496.8	10.41
10.3336			
10.3751	4.64	484.8	10.41
10.3752			
10.4168	4.44	448.5	10.41
10.4169			
10.4584	4.77	465.7	10.41
10.4586			
10.5001	4.77	469.6	10.41
10.5002			
10.5418	4.75	464.3	10.41
10.5419			
10.5834	4.97	493.6	10.42
10.5836			
10.6251	5.30	529.1	10.42
10.6252			
10.6668	5.74	654.5	10.42
10.6669			
10.7084	5.94	678.5	10.43
10.7086			
10.7501	5.83	675.0	10.43
10.7502			
10.7918	5.94	685.5	10.43
10.7919			
10.8334	6.05	677.0	10.43
10.8336			
10.8751	5.74	588.4	10.43
10.8752			
10.9168	5.39	503.8	10.43
10.9169			
10.9584	5.17	458.9	10.42
10.9586			
11.0001	5.24	461.7	10.42
11.0002			
11.0418	5.30	487.3	10.42
11.0419			
11.0834	5.30	488.8	10.41
11.0836			
11.1251	5.43	553.5	10.41
11.1252			
11.1668	5.57	640.7	10.42
11.1669			
11.2084	5.74	912.7	10.42
11.2086			
11.2501	5.63	913.8	10.42
11.2502			
11.2918	5.39	734.1	10.42
11.2919			
11.3334	4.99	573.9	10.41
11.3336			
11.3751	4.88	531.0	10.40
11.3752			
11.4168	4.93	515.9	10.40
11.4169			
11.4584	4.73	492.2	10.40
11.4586			
11.5001	4.70	482.4	10.39
11.5002			
11.5418	4.70	486.3	10.39
11.5419			
11.5834	4.73	487.3	10.39
11.5836			
11.6251	4.82	527.7	10.39
11.6252			
11.6668	4.99	616.4	10.39
11.6669			
11.7084	5.26	709.9	10.40
11.7086			
11.7501	5.39	771.6	10.40
11.7502			
11.7918	5.35	780.2	10.40
11.7919			
11.8334	5.24	714.6	10.40
11.8336			
11.8751	5.13	625.1	10.40
11.8752			
11.9168	5.08	532.4	10.39
11.9169			
11.9584	5.01	486.3	10.39
11.9586			
12.0001	4.77	458.4	10.39
12.0002			
12.0418	4.79	468.8	10.38
12.0419			
12.0834	4.75	468.8	10.38
12.0836			
12.1251	4.79	515.7	10.38
12.1252			
12.1673	4.79		9.81
12.1680			
12.2084	4.90	748.9	10.43
12.2086			
12.2501	4.90	813.7	10.41
12.2502			
12.2918	4.84	770.8	10.41
12.2919			
12.3334	4.79	712.5	10.40
12.3336			
12.3751	4.82	657.8	10.40
12.3752			
12.4168	4.68	555.7	10.40
12.4169			
12.4584	4.53	546.4	10.40
12.4586			
12.5001	4.51	508.1	10.40
12.5002			
12.5418	4.51	497.8	10.40
12.5419			
12.5834	4.53	503.7	10.40
12.5836			
12.6251	4.51	507.7	10.40
12.6252			
12.6668	4.62	562.6	10.40
12.6669			
12.7084	4.97	646.6	10.40
12.7086			
12.7501	5.43	744.2	10.41
12.7502			
12.7918	5.59	812.0	10.42
12.7919			
12.8334	5.35	814.2	10.42
12.8336			
12.8751	5.13	718.9	10.42
12.8752			
12.9168	5.08	641.9	10.42
12.9169			
12.9584	5.08	501.7	10.42
12.9586			
13.0001	4.88	475.7	10.41
13.0002			
13.0418	4.77	467.8	10.41
13.0419			
13.0834	4.77	473.1	10.41
13.0836			
13.1251	4.79	477.7	10.40
13.1252			
13.1668	4.86	505.8	10.41
13.1669			
13.2084	4.88	563.5	10.41
13.2086			
13.2501	5.01	713.8	10.41
13.2502			
13.2918	5.06	858.6	10.41
13.2919			
13.3334	4.97	764.4	10.41
13.3336			
13.3751	4.99	714.8	10.41
13.3752			
13.4168	4.99	645.0	10.41
13.4169			
13.4584	4.99	588.7	10.40
13.4586			
13.5001	4.93	519.6	10.40
13.5002			
13.5418	4.95	511.5	10.40
13.5419			
13.5834	4.99	506.0	10.40
13.5836			
13.6251	5.08	510.7	10.40
13.6252			
13.6668	5.17	515.1	10.40
13.6669			
13.7084	5.55	535.5	10.41
13.7086			
13.7501	6.19	604.3	10.42
13.7502			
13.7918	6.61	638.2	10.42
13.7919			
13.8334	6.85	651.9	10.43
13.8336			
13.8751	6.67	638.4	10.43
13.8752			
13.9168	6.28	636.2	10.43
13.9169			
13.9584	6.19	552.7	10.43
13.9586			
14.0001	6.10	533.7	10.42
14.0002			
14.0418	5.57	522.9	10.42
14.0419			
14.0834	5.59	511.6	10.41
14.0836			
14.1251	5.41	508.8	10.41
14.1252			
14.1668	5.48	513.1	10.41
14.1669			
14.2084	5.50	557.3	10.40
14.2086			
14.2501	5.43	631.1	10.40
14.2502			
14.2918	5.41	831.7	10.40
14.2919			
14.3334	5.32	1117.2	10.40
14.3336			
14.3751	5.39	1167.3	10.40
14.3752			
14.4168	5.39	868.7	10.39
14.4169			
14.4584	5.08	727.9	10.39
14.4586			
14.5001	4.68	634.1	10.39
14.5002			
14.5418	4.57	571.9	10.38
14.5419			
14.5834	4.68	521.7	10.38
14.5836			
14.6251	4.68	508.4	10.37
14.6252			
14.6668	4.73	510.7	10.37
14.6669			
14.7084	4.75	517.4	10.37
14.7086			
14.7501	4.75	540.2	10.37
14.7502			
14.7918	4.84	549.9	10.37
14.7919			
14.8334	4.88	581.1	10.37
14.8336			
14.8751	4.90	614.6	10.37
14.8752			
14.9168	4.84	580.0	10.37
14.9169			
14.9584	4.64	593.8	10.37
14.9586			
15.0001	4.55	645.2	10.37
15.0002			
15.0418	4.28	817.2	10.36
15.0419			
15.0834	4.17	626.5	10.36
15.0836			
15.1251	4.28	546.8	10.36
15.1252			
15.1668	4.08	530.0	10.35
15.1669			
15.2084	3.97	527.5	10.35
15.2086			
15.2501	3.71	562.5	10.34
15.2502			
15.2918	3.24	648.8	10.33
15.2919			
15.3334	2.95	857.3	10.32
15.3336			
15.3751	3.04	958.2	10.32
15.3752			
15.4168	3.31	881.4	10.32
15.4169			
15.4584	3.33	683.8	10.32
15.4586			
15.5001	3.33	643.3	10.32
15.5002			
15.5418	3.13	592.8	10.31
15.5419			
15.5834	3.15	552.1	10.31
15.5836			
15.6251	3.42	528.0	10.31
15.6252			
15.6668	3.75	516.5	10.32
15.6669			
15.7089	3.58		9.75
15.7097			
15.7501	3.44	492.6	10.39
15.7502			
15.7918	3.42	511.5	10.37
15.7919			
15.8334	3.31	554.9	10.36
15.8336			
15.8751	3.31	584.3	10.36
15.8752			
15.9168	3.38	594.8	10.36
15.9169			
15.9584	3.49	609.0	10.36
15.9586			
16.0001	3.55	591.4	10.36
16.0002			
16.0418	3.53	511.9	10.36
16.0419			
16.0834	3.58	520.0	10.36
16.0836			
16.1251	3.53	505.3	10.36
16.1252			
16.1668	3.71	503.5	10.36
16.1669			
16.2084	3.69	508.6	10.36
16.2086			
16.2501	3.38	512.3	10.36
16.2502			
16.2918	3.22	554.7	10.36
16.2919			
16.3334	2.93	649.1	10.36
16.3336			
16.3751	2.89	780.8	10.35
16.3752			
16.4168	2.98	772.9	10.35
16.4169			
16.4584	3.24	736.6	10.35
16.4586			
16.5001	3.29	668.9	10.36
16.5002			
16.5418	3.26	647.4	10.36
16.5419			
16.5834	3.24	584.1	10.36
16.5836			
16.6251	3.58	539.1	10.36
16.6252			
16.6668	3.66	521.8	10.36
16.6669			
16.7084	3.64	521.0	10.36
16.7086			
16.7501	3.55	526.1	10.37
16.7502			
16.7918	3.40	550.8	10.36
16.7919			
16.8334	3.26	626.9	10.36
16.8336			
16.8751	3.31	710.2	10.36
16.8752			
16.9168	3.33	719.8	10.36
16.9169			
16.9584	3.44	725.0	10.36
16.9586			
17.0001	3.53	670.6	10.36
17.0002			
17.0418	3.38	648.3	10.36
17.0419			
17.0834	3.31	890.1	10.36
17.0836			
17.1251	3.22	848.5	10.36
17.1252			
17.1668	3.55	554.9	10.36
17.1669			
17.2084	3.64	530.8	10.36
17.2086			
17.2501	3.42	529.9	10.36
17.2502			
17.2918	3.04	566.2	10.36
17.2919			
17.3334	2.69	676.9	10.35
17.3336			
17.3751	2.38	706.5	10.34
17.3752			
17.4168	2.18	938.6	10.34
17.4169			
17.4584	2.09	1238.6	10.33
17.4586			
17.5001	2.47	1855.1	10.32
17.5002			
17.5418	2.11	2740.1	10.33
17.5419			
17.5834	2.38	3130.0	10.32
17.5836			
17.6251	2.18	3554.7	10.33
17.6252			
17.6668	2.18	3861.8	10.33
17.6669			
17.7084	2.47	3868.7	10.33
17.7086			
17.7501	2.67	3675.5	10.33
17.7502			
17.7918	2.71	3455.9	10.33
17.7919			
17.8334	2.55	2409.5	10.33
17.8336			
17.8751	2.29	1488.1	10.33
17.8752			
17.9168	2.09	1279.9	10.33
17.9169			
17.9584	2.13	1137.7	10.32
17.9586			
18.0001	2.31	1539.8	10.32
18.0002			
18.0418	2.60	1982.6	10.33
18.0419			
18.0834	2.55	2293.1	10.33
18.0836			
18.1251	2.51	2483.4	10.33
18.1252			
18.1668	2.13	2639.1	10.32
18.1669			
18.2084	2.04	2720.4	10.32
18.2086			
18.2501	2.04	2731.7	10.32
18.2502			
18.2918	2.02	2729.6	10.31
18.2919			
18.3334	1.46	2537.6	10.31
18.3336			
18.3751	1.02	1494.1	10.30
18.3752			
18.4168	0.77	1058.7	10.28
18.4169			
18.4584	1.24	1105.4	10.28
18.4586			
18.5001	1.35	1405.3	10.28
18.5002			
18.5418	1.80	1708.1	10.29
18.5419			
18.5834	1.89	1975.0	10.29
18.5836			
18.6251	1.91	2203.4	10.29
18.6252			
18.6668	1.44	2377.7	10.29
18.6669			
18.7084	1.51	1266.9	10.29
18.7086			
18.7501	1.69	628.6	10.29
18.7502			
18.7918	1.71	534.4	10.29
18.7919			
18.8334	1.80	494.0	10.29
18.8336			
18.8751	1.71	506.1	10.29
18.8752			
18.9168	1.66	578.8	10.29
18.9169			
18.9584	1.71	625.7	10.29
18.9586			
19.0001	1.80	714.1	10.29
19.0002			
19.0418	1.84	833.7	10.29
19.0419			
19.0834	2.00	992.9	10.29
19.0836			
19.1251	2.04	1180.1	10.29
19.1252			
19.1668	1.89	1386.7	10.29
19.1669			
19.2084	1.82	1698.6	10.29
19.2086			
19.2506	1.86		9.64
19.2514			
19.2918	1.98	505.3	10.34
19.2919			
19.3334	1.91	487.7	10.33
19.3336			
19.3751	1.75	517.6	10.32
19.3752			
19.4168	1.73	559.0	10.32
19.4169			
19.4584	1.69	621.5	10.31
19.4586			
19.5001	1.75	717.1	10.31
19.5002			
19.5418	1.86	898.0	10.31
19.5419			
19.5834	1.89	1080.9	10.32
19.5836			
19.6251	2.06	1286.4	10.32
19.6252			
19.6668	2.00	1517.6	10.33
19.6669			
19.7084	2.09	1743.3	10.32
19.7086			
19.7501	1.55	807.5	10.32
19.7502			
19.7918	1.75	534.9	10.32
19.7919			
19.8334	1.77	504.8	10.32
19.8336			
19.8751	1.84	505.8	10.32
19.8752			
19.9168	1.86	528.7	10.32
19.9169			
19.9584	1.93	570.6	10.32
19.9586			
20.0001	1.89	627.1	10.32
20.0002			
20.0418	1.84	711.0	10.32
20.0419			
20.0834	2.00	734.5	10.32
20.0836			
20.1251	2.06	780.7	10.32
20.1252			
20.1668	2.04	648.6	10.33
20.1669			
20.2084	1.73	630.1	10.32
20.2086			
20.2501	1.51	554.2	10.32
20.2502			
20.2918	1.08	505.4	10.31
20.2919			
20.3334	1.15	487.1	10.31
20.3336			
20.3751	1.08	494.6	10.31
20.3752			
20.4168	0.75	531.9	10.30
20.4169			
20.4584	0.50	586.6	10.30
20.4586			
20.5001	0.48	643.4	10.29
20.5002			
20.5418	0.45	739.6	10.29
20.5419			
20.5834	-0.02	768.3	10.29
20.5836			
20.6251	0.28	937.6	10.28
20.6252			
20.6668	0.48	1024.8	10.28
20.6669			
20.7084	0.90	930.1	10.28
20.7086			
20.7501	0.75	646.8	10.29
20.7502			
20.7918	0.72	547.2	10.29
20.7919			
20.8334	0.79	493.7	10.29
20.8336			
20.8751	0.79	461.3	10.29
20.8752			
20.9168	0.88	460.5	10.29
20.9169			
20.9584	0.93	499.0	10.29
20.9586			
21.0001	1.06	562.8	10.29
21.0002			
21.0418	1.04	582.7	10.29
21.0419			
21.0834	0.95	665.7	10.29
21.0836			
21.1251	1.04	761.4	10.29
21.1252			
21.1668	0.99	876.8	10.29
21.1669			
21.2084	0.79	1074.6	10.29
21.2086			
21.2501	0.68	1372.0	10.29
21.2502			
21.2918	0.72	1660.9	10.29
21.2919			
21.3334	-0.04	1825.4	10.28
21.3336			
21.3751	0.16	708.5	10.28
21.3752			
21.4168	0.16	556.8	10.27
21.4169			
21.4584	0.23	499.7	10.27
21.4586			
21.5001	0.07	552.5	10.27
21.5002			
21.5418	0.10	600.1	10.26
21.5419			
21.5834	-0.04	679.0	10.26
21.5836			
21.6251	0.03	812.6	10.26
21.6252			
21.6668	0.14	870.5	10.26
21.6669			
21.7084	0.32	844.4	10.26
21.7086			
21.7501	0.45	743.5	10.27
21.7502			
21.7918	0.19	509.2	10.27
21.7919			
21.8334	0.21	467.0	10.26
21.8336			
21.8751	0.16	455.3	10.26
21.8752			
21.9168	0.21	438.4	10.26
21.9169			
21.9584	0.16	428.0	10.26
21.9586			
22.0001	0.43	437.7	10.26
22.0002			
22.0418	0.68	513.4	10.27
22.0419			
22.0834	0.84	707.2	10.27
22.0836			
22.1251	0.68	687.8	10.27
22.1252			
22.1668	0.59	624.0	10.27
22.1669			
22.2084	0.61	572.1	10.27
22.2086			
22.2501	0.61	538.2	10.27
22.2502			
22.2918	0.57	479.0	10.27
22.2919			
22.3334	-0.11	441.6	10.26
22.3336			
22.3751	-0.22	449.2	10.25
22.3752			
22.4168	0.30	453.6	10.25
22.4169			
22.4584	0.23	441.8	10.25
22.4586			
22.5001	0.25	448.3	10.25
22.5002			
22.5418	0.16	475.7	10.25
22.5419			
22.5834	0.19	552.8	10.25
22.5836			
22.6251	0.23	576.6	10.25
22.6252			
22.6668	0.52	594.0	10.25
22.6669			
22.7084	0.48	569.5	10.25
22.7086			
22.7501	1.19	596.4	10.24
22.7502			
22.7923	9.11		9.73
22.7930			
22.8334	10.27	913.6	10.46
22.8336			