Year Day	Temperature C	CO2	Battery Voltage
265.7124	20.45		11.02
265.7132			
265.7536	20.67	1952.4	11.31
265.7537			
265.7952	20.72	1406.4	11.30
265.7954			
265.8369	20.70	1244.9	11.30
265.8370			
265.8786	20.45	1260.4	11.30
265.8787			
265.9202	20.28	1394.8	11.30
265.9204			
265.9619	20.45	1278.7	11.30
265.9620			
266.0036	20.50	1219.8	11.30
266.0037			
266.0452	20.55	1196.5	11.30
266.0454			
266.0869	19.94	1525.5	11.29
266.0870			
266.1286	19.72	1917.0	11.29
266.1287			
266.1702	19.36	2488.9	11.29
266.1704			
266.2119	19.16	2642.8	11.29
266.2120			
266.2536	18.73	3048.4	11.28
266.2537			
266.2952	19.09	2951.2	11.28
266.2954			
266.3369	18.97	1673.4	11.28
266.3370			
266.3786	19.16	1360.8	11.28
266.3787			
266.4202	19.09	1175.3	11.28
266.4204			
266.4619	18.80	1233.2	11.28
266.4620			
266.5036	18.42	1471.2	11.28
266.5037			
266.5452	18.35	1590.3	11.28
266.5454			
266.5869	17.90	1957.8	11.27
266.5870			
266.6286	17.78	2179.3	11.27
266.6287			
266.6702	17.73	2358.6	11.27
266.6704			
266.7119	17.92	2204.8	11.27
266.7120			
266.7536	17.97	2439.5	11.27
266.7537			
266.7952	18.02	2302.8	11.27
266.7954			
266.8369	18.14	1806.1	11.27
266.8370			
266.8786	18.40	1347.1	11.27
266.8787			
266.9202	18.45	972.0	11.27
266.9204			
266.9619	18.49	926.5	11.27
266.9620			
267.0036	18.42	956.4	11.27
267.0037			
267.0452	17.97	1048.3	11.27
267.0454			
267.0869	17.54	1218.9	11.27
267.0870			
267.1286	17.12	1462.8	11.26
267.1287			
267.1702	16.98	1792.2	11.26
267.1704			
267.2119	17.03	1951.9	11.26
267.2120			
267.2536	17.17	1807.6	11.26
267.2537			
267.2952	17.45	1592.1	11.26
267.2954			
267.3369	17.26	1790.9	11.26
267.3370			
267.3786	16.56	1242.1	11.26
267.3787			
267.4202	16.32	1119.5	11.25
267.4204			
267.4619	16.81	961.5	11.26
267.4620			
267.5036	16.53	940.1	11.26
267.5037			
267.5452	16.18	1009.7	11.25
267.5454			
267.5869	15.72	1185.4	11.25
267.5870			
267.6286	15.60	1392.9	11.25
267.6287			
267.6702	15.84	1483.9	11.25
267.6704			
267.7119	16.14	1578.5	11.25
267.7120			
267.7536	16.14	1496.3	11.25
267.7537			
267.7952	16.23	1506.9	11.25
267.7954			
267.8369	16.63	1118.4	11.25
267.8370			
267.8786	17.24	955.2	11.25
267.8787			
267.9202	17.40	847.0	11.26
267.9204			
267.9619	17.45	863.0	11.26
267.9620			
268.0036	17.47	898.9	11.26
268.0037			
268.0452	17.45	869.3	11.26
268.0454			
268.0869	17.26	976.0	11.26
268.0870			
268.1286	16.98	1136.0	11.26
268.1287			
268.1702	16.67	1472.2	11.26
268.1704			
268.2119	16.46	1805.5	11.25
268.2120			
268.2536	16.84	1699.3	11.25
268.2537			
268.2952	17.14	1397.6	11.25
268.2954			
268.3369	17.31	1276.0	11.26
268.3370			
268.3786	17.43	1181.9	11.26
268.3787			
268.4202	17.24	1101.6	11.26
268.4204			
268.4619	17.38	1053.5	11.26
268.4620			
268.5036	17.50	1046.5	11.26
268.5037			
268.5452	17.36	1048.3	11.26
268.5454			
268.5869	17.36	1044.0	11.26
268.5870			
268.6286	17.36	1046.9	11.26
268.6287			
268.6702	17.14	1165.2	11.26
268.6704			
268.7119	17.14	1300.0	11.26
268.7120			
268.7536	17.31	1302.0	11.26
268.7537			
268.7952	17.57	1121.5	11.26
268.7954			
268.8369	17.64	1131.9	11.26
268.8370			
268.8786	18.02	974.3	11.26
268.8787			
268.9202	18.23	929.6	11.26
268.9204			
268.9619	18.23	894.5	11.26
268.9620			
269.0036	18.28	889.3	11.26
269.0037			
269.0452	18.28	1010.2	11.26
269.0454			
269.0869	18.21	853.0	11.26
269.0870			
269.1286	18.07	1052.2	11.26
269.1287			
269.1702	17.95	1193.2	11.26
269.1704			
269.2119	17.78	1735.3	11.26
269.2120			
269.2541	17.73		10.96
269.2548			
269.2952	17.85	1668.5	11.28
269.2954			
269.3369	17.69	2099.3	11.28
269.3370			
269.3786	17.80	1715.8	11.27
269.3787			
269.4202	18.14	1289.6	11.26
269.4204			
269.4619	18.18	1035.1	11.27
269.4620			
269.5036	18.30	990.0	11.27
269.5037			
269.5452	18.30	1046.2	11.27
269.5454			
269.5869	18.33	974.2	11.27
269.5870			
269.6286	18.42	1134.6	11.26
269.6287			
269.6702	18.76	1294.7	11.26
269.6704			
269.7119	19.04	1626.4	11.27
269.7120			
269.7536	19.21	1784.4	11.27
269.7537			
269.7952	19.16	1656.3	11.27
269.7954			
269.8369	19.14	1465.6	11.27
269.8370			
269.8786	19.14	1327.3	11.27
269.8787			
269.9202	19.38	950.6	11.27
269.9204			
269.9619	19.36	875.6	11.27
269.9620			
270.0036	19.16	819.7	11.27
270.0037			
270.0452	19.07	855.3	11.27
270.0454			
270.0869	19.12	825.7	11.27
270.0870			
270.1286	19.09	846.5	11.27
270.1287			
270.1702	19.07	1073.7	11.26
270.1704			
270.2119	19.00	1479.5	11.26
270.2120			
270.2536	18.90	2087.8	11.26
270.2537			
270.2952	18.88	2493.2	11.26
270.2954			
270.3369	18.92	1646.8	11.26
270.3370			
270.3786	18.95	1510.6	11.26
270.3787			
270.4202	18.83	1119.7	11.26
270.4204			
270.4619	18.71	1048.2	11.26
270.4620			
270.5036	18.66	1031.6	11.26
270.5037			
270.5452	18.73	973.0	11.26
270.5454			
270.5869	18.80	970.1	11.26
270.5870			
270.6286	19.04	870.5	11.26
270.6287			
270.6702	19.45	942.4	11.26
270.6704			
270.7119	19.96	1106.9	11.27
270.7120			
270.7536	20.43	1409.1	11.27
270.7537			
270.7952	20.60	1844.4	11.27
270.7954			
270.8369	20.35	1368.9	11.27
270.8370			
270.8786	20.25	1201.1	11.27
270.8787			
270.9202	20.13	1205.3	11.27
270.9204			
270.9619	19.96	921.2	11.27
270.9620			
271.0036	19.62	770.2	11.27
271.0037			
271.0452	19.41	760.8	11.26
271.0454			
271.0869	19.36	827.1	11.26
271.0870			
271.1286	19.29	750.0	11.26
271.1287			
271.1702	19.26	895.8	11.26
271.1704			
271.2119	19.09	1071.9	11.26
271.2120			
271.2536	18.78	1466.9	11.26
271.2537			
271.2952	18.59	1889.2	11.25
271.2954			
271.3369	18.73	2169.2	11.25
271.3370			
271.3786	18.92	1444.3	11.25
271.3787			
271.4202	18.85	1201.9	11.25
271.4204			
271.4619	18.47	1061.1	11.25
271.4620			
271.5036	18.23	978.0	11.25
271.5037			
271.5452	18.40	876.0	11.25
271.5454			
271.5869	18.52	837.2	11.25
271.5870			
271.6286	18.59	847.7	11.25
271.6287			
271.6702	18.95	792.9	11.25
271.6704			
271.7119	19.29	896.6	11.25
271.7120			
271.7536	19.72	1065.4	11.26
271.7537			
271.7952	19.96	1236.0	11.26
271.7954			
271.8369	20.25	1300.9	11.26
271.8370			
271.8786	19.91	1252.2	11.26
271.8787			
271.9202	19.79	1134.2	11.26
271.9204			
271.9619	19.65	941.8	11.26
271.9620			
272.0036	19.57	771.9	11.26
272.0037			
272.0452	19.41	794.6	11.25
272.0454			
272.0869	19.29	762.3	11.25
272.0870			
272.1286	19.24	772.1	11.25
272.1287			
272.1702	19.29	804.5	11.25
272.1704			
272.2119	19.12	948.1	11.25
272.2120			
272.2536	18.85	1165.7	11.25
272.2537			
272.2952	18.49	1760.8	11.25
272.2954			
272.3369	18.42	2279.3	11.25
272.3370			
272.3786	18.52	2187.2	11.25
272.3787			
272.4202	18.68	1753.3	11.25
272.4204			
272.4619	18.59	1381.5	11.25
272.4620			
272.5036	18.11	1050.7	11.24
272.5037			
272.5452	18.23	978.1	11.24
272.5454			
272.5869	18.28	949.8	11.25
272.5870			
272.6286	18.45	890.6	11.24
272.6287			
272.6702	18.59	780.8	11.24
272.6704			
272.7119	18.78	830.0	11.25
272.7120			
272.7536	18.90	890.4	11.24
272.7537			
272.7957	19.07		10.96
272.7965			
272.8369	19.09	1113.3	11.27
272.8370			
272.8786	19.12	1339.8	11.26
272.8787			
272.9202	19.09	1232.8	11.26
272.9204			
272.9619	19.04	1168.0	11.26
272.9620			
273.0036	19.00	964.6	11.25
273.0037			
273.0452	18.64	775.8	11.25
273.0454			
273.0869	18.64	827.9	11.25
273.0870			
273.1286	18.64	796.2	11.25
273.1287			
273.1702	18.61	803.6	11.25
273.1704			
273.2119	18.33	835.1	11.25
273.2120			
273.2536	17.90	991.4	11.25
273.2537			
273.2952	17.61	1239.0	11.24
273.2954			
273.3369	17.26	1596.8	11.24
273.3370			
273.3786	17.45	1825.5	11.24
273.3787			
273.4202	17.83	1478.4	11.24
273.4204			
273.4619	17.92	1110.9	11.24
273.4620			
273.5036	17.90	984.0	11.24
273.5037			
273.5452	17.73	973.8	11.24
273.5454			
273.5869	17.83	966.7	11.24
273.5870			
273.6286	17.97	856.1	11.24
273.6287			
273.6702	18.07	845.5	11.24
273.6704			
273.7119	18.26	759.3	11.24
273.7120			
273.7536	18.28	779.2	11.24
273.7537			
273.7952	18.42	809.1	11.24
273.7954			
273.8369	18.37	880.6	11.24
273.8370			
273.8786	18.28	1084.9	11.24
273.8787			
273.9202	18.35	1139.3	11.24
273.9204			
273.9619	18.40	1173.7	11.24
273.9620			
274.0036	18.42	1010.7	11.24
274.0037			
274.0452	18.45	895.7	11.24
274.0454			
274.0869	17.97	786.0	11.24
274.0870			
274.1286	18.09	808.4	11.24
274.1287			
274.1702	18.14	823.8	11.24
274.1704			
274.2119	18.14	750.5	11.24
274.2120			
274.2536	17.71	792.3	11.24
274.2537			
274.2952	17.21	1001.2	11.23
274.2954			
274.3369	17.00	1196.2	11.23
274.3370			
274.3786	17.00	1570.0	11.23
274.3787			
274.4202	17.07	1595.9	11.23
274.4204			
274.4619	17.36	1268.6	11.22
274.4620			
274.5036	17.71	1173.1	11.23
274.5037			
274.5452	17.57	1039.4	11.23
274.5454			
274.5869	17.54	999.9	11.23
274.5870			
274.6286	17.64	936.1	11.23
274.6287			
274.6702	17.71	947.3	11.23
274.6704			
274.7119	17.59	897.8	11.23
274.7120			
274.7536	17.40	916.1	11.23
274.7537			
274.7952	17.31	899.1	11.23
274.7954			
274.8369	16.98	1030.0	11.22
274.8370			
274.8786	16.84	1265.0	11.22
274.8787			
274.9202	16.77	1558.9	11.22
274.9204			
274.9619	16.81	1541.9	11.22
274.9620			
275.0036	16.74	1705.1	11.22
275.0037			
275.0452	16.84	1522.7	11.22
275.0454			
275.0869	16.89	1476.1	11.22
275.0870			
275.1286	16.93	1194.0	11.22
275.1287			
275.1702	17.17	1005.4	11.22
275.1704			
275.2119	17.38	935.8	11.22
275.2120			
275.2536	16.93	963.6	11.22
275.2537			
275.2952	16.65	1179.4	11.22
275.2954			
275.3369	16.35	1374.1	11.22
275.3370			
275.3786	16.14	1711.7	11.22
275.3787			
275.4202	16.02	2211.1	11.21
275.4204			
275.4619	16.16	2264.4	11.21
275.4620			
275.5036	16.44	2042.4	11.21
275.5037			
275.5452	16.77	1577.5	11.22
275.5454			
275.5869	16.63	1328.0	11.22
275.5870			
275.6286	16.46	1479.1	11.22
275.6287			
275.6702	16.16	1278.0	11.21
275.6704			
275.7119	16.72	923.5	11.21
275.7120			
275.7536	16.77	926.5	11.22
275.7537			
275.7952	16.30	936.4	11.22
275.7954			
275.8369	16.09	934.4	11.21
275.8370			
275.8786	15.77	1021.8	11.21
275.8787			
275.9202	15.49	1089.9	11.21
275.9204			
275.9619	15.23	1190.3	11.21
275.9620			
276.0036	15.19	1244.1	11.20
276.0037			
276.0452	14.82	1294.3	11.20
276.0454			
276.0869	15.33	1454.9	11.20
276.0870			
276.1286	16.02	1327.2	11.20
276.1287			
276.1702	14.66	1093.8	11.20
276.1704			
276.2119	15.46	926.1	11.20
276.2120			
276.2536	15.63	937.3	11.20
276.2537			
276.2952	14.91	904.5	11.20
276.2954			
276.3374	14.82		10.87
276.3382			
276.3786	14.66	954.7	11.22
276.3787			
276.4202	13.83	1090.4	11.21
276.4204			
276.4619	13.58	1234.6	11.20
276.4620			
276.5036	13.51	1307.7	11.20
276.5037			
276.5452	13.54	1474.1	11.20
276.5454			
276.5869	14.38	1137.9	11.20
276.5870			
276.6286	15.21	1089.4	11.20
276.6287			
276.6702	15.05	1036.7	11.20
276.6704			
276.7119	14.22	887.8	11.20
276.7120			
276.7536	15.00	820.1	11.20
276.7537			
276.7952	15.16	801.8	11.20
276.7954			
276.8369	14.70	708.3	11.21
276.8370			
276.8786	14.45	818.0	11.20
276.8787			
276.9202	14.20	794.2	11.20
276.9204			
276.9619	13.81	887.7	11.20
276.9620			
277.0036	13.61	938.4	11.19
277.0037			
277.0452	13.63	999.3	11.19
277.0454			
277.0869	13.42	1141.8	11.19
277.0870			
277.1286	14.43	1042.8	11.19
277.1287			
277.1702	13.99	1031.6	11.19
277.1704			
277.2119	13.86	989.2	11.19
277.2120			
277.2536	14.36	884.2	11.19
277.2537			
277.2952	14.63	848.1	11.19
277.2954			
277.3369	13.86	850.8	11.19
277.3370			
277.3786	13.65	954.3	11.19
277.3787			
277.4202	13.49	987.4	11.18
277.4204			
277.4619	13.36	1149.8	11.18
277.4620			
277.5036	13.24	1284.4	11.18
277.5037			
277.5452	13.26	1382.0	11.17
277.5454			
277.5869	13.24	1463.7	11.18
277.5870			
277.6286	14.11	1340.4	11.18
277.6287			
277.6702	14.68	1135.5	11.18
277.6704			
277.7119	14.02	958.2	11.18
277.7120			
277.7536	14.75	825.4	11.19
277.7537			
277.7952	15.00	776.6	11.19
277.7954			
277.8369	15.07	745.7	11.19
277.8370			
277.8786	14.82	735.1	11.19
277.8787			
277.9202	14.86	751.1	11.19
277.9204			
277.9619	14.68	775.5	11.19
277.9620			
278.0036	14.61	841.9	11.19
278.0037			
278.0452	14.59	973.3	11.19
278.0454			
278.0869	14.59	1105.0	11.18
278.0870			
278.1286	14.66	1206.4	11.19
278.1287			
278.1702	14.84	1059.9	11.19
278.1704			
278.2119	15.14	1037.4	11.19
278.2120			
278.2536	15.21	862.9	11.19
278.2537			
278.2952	15.49	826.9	11.19
278.2954			
278.3369	15.53	824.5	11.20
278.3370			
278.3786	15.46	813.5	11.20
278.3787			
278.4202	15.33	859.9	11.20
278.4204			
278.4619	15.23	899.6	11.19
278.4620			
278.5036	14.98	1022.2	11.19
278.5037			
278.5452	15.00	1214.8	11.19
278.5454			
278.5869	15.05	1318.7	11.19
278.5870			
278.6286	15.05	1403.2	11.19
278.6287			
278.6702	15.19	1434.6	11.19
278.6704			
278.7119	15.44	1295.8	11.19
278.7120			
278.7536	15.70	831.9	11.19
278.7537			
278.7952	15.81	813.6	11.20
278.7954			
278.8369	15.84	779.2	11.20
278.8370			
278.8786	15.88	764.1	11.19
278.8787			
278.9202	15.81	733.3	11.20
278.9204			
278.9619	15.72	773.3	11.20
278.9620			
279.0036	15.63	924.3	11.19
279.0037			
279.0452	15.53	1101.3	11.19
279.0454			
279.0869	15.51	1267.9	11.19
279.0870			
279.1286	15.44	1385.2	11.19
279.1287			
279.1702	15.51	1480.1	11.19
279.1704			
279.2119	15.60	1378.5	11.19
279.2120			
279.2536	15.60	1168.4	11.19
279.2537			
279.2952	15.53	1058.6	11.19
279.2954			
279.3369	15.60	907.2	11.19
279.3370			
279.3786	15.67	858.8	11.19
279.3787			
279.4202	15.67	797.7	11.19
279.4204			
279.4619	15.53	903.4	11.19
279.4620			
279.5036	15.49	1044.4	11.19
279.5037			
279.5452	15.35	1349.6	11.19
279.5454			
279.5869	15.42	1639.4	11.18
279.5870			
279.6286	15.58	1784.3	11.19
279.6287			
279.6702	15.58	1876.9	11.19
279.6704			
279.7119	15.72	1574.2	11.19
279.7120			
279.7536	15.81	1234.3	11.19
279.7537			
279.7952	16.51	918.8	11.19
279.7954			
279.8369	16.65	802.0	11.20
279.8370			
279.8791	16.44		10.88
279.8798			
279.9202	16.46	723.8	11.21
279.9204			
279.9619	16.51	712.7	11.21
279.9620			
280.0036	16.58	750.5	11.20
280.0037			
280.0452	16.74	925.5	11.20
280.0454			
280.0869	16.79	1223.2	11.20
280.0870			
280.1286	16.72	1629.1	11.20
280.1287			
280.1702	16.70	1874.8	11.20
280.1704			
280.2119	16.72	1762.4	11.20
280.2120			
280.2536	16.58	1455.2	11.20
280.2537			
280.2952	16.49	1134.2	11.20
280.2954			
280.3369	16.30	1010.2	11.20
280.3370			
280.3786	16.35	864.0	11.19
280.3787			
280.4202	16.30	785.3	11.19
280.4204			
280.4619	16.28	820.2	11.19
280.4620			
280.5036	16.18	877.3	11.19
280.5037			
280.5452	16.14	1060.3	11.19
280.5454			
280.5869	16.18	1377.7	11.19
280.5870			
280.6286	16.46	1743.3	11.19
280.6287			
280.6702	16.70	1845.0	11.19
280.6704			
280.7119	17.05	2051.3	11.20
280.7120			
280.7536	16.58	1668.2	11.19
280.7537			
280.7952	16.91	1240.9	11.20
280.7954			
280.8369	17.76	868.8	11.20
280.8370			
280.8786	17.57	725.9	11.20
280.8787			
280.9202	17.26	654.3	11.20
280.9204			
280.9619	17.12	677.7	11.20
280.9620			
281.0036	17.24	661.5	11.20
281.0037			
281.0452	17.38	714.8	11.20
281.0454			
281.0869	17.50	908.4	11.20
281.0870			
281.1286	17.57	1346.7	11.20
281.1287			
281.1702	17.52	1791.2	11.20
281.1704			
281.2119	17.47	2069.8	11.20
281.2120			
281.2536	17.52	2110.9	11.20
281.2537			
281.2952	17.50	2060.4	11.20
281.2954			
281.3369	17.21	1727.8	11.20
281.3370			
281.3786	16.65	917.1	11.19
281.3787			
281.4202	16.56	745.4	11.19
281.4204			
281.4619	16.51	752.2	11.18
281.4620			
281.5036	16.44	773.3	11.18
281.5037			
281.5452	16.30	821.0	11.18
281.5454			
281.5869	16.14	1007.5	11.18
281.5870			
281.6286	16.02	1414.4	11.18
281.6287			
281.6702	16.23	1888.6	11.18
281.6704			
281.7119	16.35	2147.9	11.18
281.7120			
281.7536	16.39	2048.5	11.18
281.7537			
281.7952	16.51	1674.9	11.18
281.7954			
281.8369	16.70	1110.6	11.18
281.8370			
281.8786	17.14	856.3	11.18
281.8787			
281.9202	16.96	672.9	11.18
281.9204			
281.9619	16.72	656.1	11.18
281.9620			
282.0036	16.70	681.5	11.18
282.0037			
282.0452	16.60	662.5	11.18
282.0454			
282.0869	16.49	771.3	11.18
282.0870			
282.1286	16.16	981.4	11.18
282.1287			
282.1702	15.72	1514.0	11.18
282.1704			
282.2119	15.40	1948.4	11.18
282.2120			
282.2536	15.65	2056.7	11.17
282.2537			
282.2952	15.81	1947.0	11.17
282.2954			
282.3369	15.81	1665.7	11.17
282.3370			
282.3786	15.14	1083.5	11.17
282.3787			
282.4202	15.33	883.7	11.17
282.4204			
282.4619	15.46	707.5	11.17
282.4620			
282.5036	15.56	712.4	11.17
282.5037			
282.5452	15.37	708.2	11.17
282.5454			
282.5869	15.07	727.8	11.17
282.5870			
282.6286	14.93	853.0	11.17
282.6287			
282.6702	14.91	1027.5	11.16
282.6704			
282.7119	15.12	1239.4	11.16
282.7120			
282.7536	15.19	1371.6	11.16
282.7537			
282.7952	15.28	1296.5	11.17
282.7954			
282.8369	15.44	1198.5	11.17
282.8370			
282.8786	15.65	1036.4	11.17
282.8787			
282.9202	15.90	676.2	11.17
282.9204			
282.9619	15.86	607.5	11.17
282.9620			
283.0036	15.86	609.9	11.17
283.0037			
283.0452	15.86	626.5	11.17
283.0454			
283.0869	15.53	620.1	11.17
283.0870			
283.1286	15.26	697.9	11.17
283.1287			
283.1702	14.93	860.9	11.17
283.1704			
283.2119	14.61	1211.8	11.16
283.2120			
283.2536	14.66	1491.5	11.16
283.2537			
283.2952	14.82	1453.7	11.16
283.2954			
283.3369	15.12	1276.1	11.16
283.3370			
283.3786	15.21	1040.7	11.16
283.3787			
283.4207	15.14		10.83
283.4215			
283.4619	15.33	706.1	11.18
283.4620			
283.5036	15.37	713.2	11.18
283.5037			
283.5452	15.46	690.0	11.18
283.5454			
283.5869	15.46	660.0	11.17
283.5870			
283.6286	15.40	667.6	11.18
283.6287			
283.6702	15.51	726.3	11.17
283.6704			
283.7119	15.51	824.1	11.17
283.7120			
283.7536	15.58	996.0	11.17
283.7537			
283.7952	15.65	998.0	11.17
283.7954			
283.8369	15.77	990.6	11.17
283.8370			
283.8786	15.79	948.5	11.17
283.8787			
283.9202	16.04	676.7	11.17
283.9204			
283.9619	15.90	613.5	11.17
283.9620			
284.0036	15.88	601.2	11.17
284.0037			
284.0452	15.88	646.3	11.17
284.0454			
284.0869	15.72	629.6	11.17
284.0870			
284.1286	15.65	654.3	11.17
284.1287			
284.1702	15.42	724.7	11.17
284.1704			
284.2119	15.09	879.0	11.17
284.2120			
284.2536	14.89	1126.2	11.16
284.2537			
284.2952	15.03	1339.2	11.16
284.2954			
284.3369	15.14	1080.4	11.16
284.3370			
284.3786	15.35	970.7	11.16
284.3787			
284.4202	15.33	804.6	11.16
284.4204			
284.4619	15.16	789.1	11.16
284.4620			
284.5036	15.30	727.2	11.16
284.5037			
284.5452	15.40	726.9	11.16
284.5454			
284.5869	15.44	724.2	11.16
284.5870			
284.6286	15.58	685.7	11.16
284.6287			
284.6702	15.67	735.8	11.16
284.6704			
284.7119	15.90	809.2	11.16
284.7120			
284.7536	16.21	949.8	11.16
284.7537			
284.7952	16.32	1124.0	11.17
284.7954			
284.8369	16.25	1143.6	11.17
284.8370			
284.8786	16.23	1006.6	11.17
284.8787			
284.9202	16.28	1013.6	11.17
284.9204			
284.9619	16.51	761.8	11.17
284.9620			
285.0036	16.14	690.1	11.17
285.0037			
285.0452	16.09	667.0	11.17
285.0454			
285.0869	16.04	735.7	11.16
285.0870			
285.1286	15.97	680.5	11.16
285.1287			
285.1702	15.93	712.4	11.16
285.1704			
285.2119	15.65	829.7	11.16
285.2120			
285.2536	15.40	971.9	11.16
285.2537			
285.2952	15.21	1204.9	11.15
285.2954			
285.3369	15.46	1219.5	11.15
285.3370			
285.3786	15.70	1002.9	11.15
285.3787			
285.4202	15.53	906.7	11.15
285.4204			
285.4619	15.53	805.8	11.15
285.4620			
285.5036	15.44	770.9	11.15
285.5037			
285.5452	15.51	744.5	11.15
285.5454			
285.5869	15.67	692.4	11.15
285.5870			
285.6286	15.81	699.4	11.15
285.6287			
285.6702	16.04	698.4	11.16
285.6704			
285.7119	16.30	740.3	11.16
285.7120			
285.7536	16.65	815.6	11.16
285.7537			
285.7952	16.81	989.8	11.17
285.7954			
285.8369	16.89	967.0	11.17
285.8370			
285.8786	16.79	1015.9	11.17
285.8787			
285.9202	16.72	997.8	11.17
285.9204			
285.9619	16.70	831.2	11.17
285.9620			
286.0036	16.49	691.9	11.17
286.0037			
286.0452	16.30	691.5	11.16
286.0454			
286.0869	16.25	705.2	11.16
286.0870			
286.1286	16.25	696.2	11.16
286.1287			
286.1702	16.21	715.0	11.16
286.1704			
286.2119	16.30	753.9	11.16
286.2120			
286.2536	16.07	831.3	11.16
286.2537			
286.2952	15.93	991.6	11.16
286.2954			
286.3369	15.95	1231.2	11.15
286.3370			
286.3786	16.04	951.3	11.15
286.3787			
286.4202	15.90	854.3	11.15
286.4204			
286.4619	15.95	854.5	11.15
286.4620			
286.5036	15.86	779.5	11.15
286.5037			
286.5452	15.88	765.6	11.15
286.5454			
286.5869	15.90	694.6	11.15
286.5870			
286.6286	15.97	705.4	11.15
286.6287			
286.6702	16.09	709.0	11.15
286.6704			
286.7119	16.25	713.4	11.15
286.7120			
286.7536	16.42	755.4	11.15
286.7537			
286.7952	16.56	809.5	11.15
286.7954			
286.8369	16.56	923.8	11.16
286.8370			
286.8786	16.49	885.7	11.16
286.8787			
286.9202	16.46	943.4	11.16
286.9204			
286.9624	16.42		10.84
286.9632			
287.0036	16.32	794.7	11.18
287.0037			
287.0452	16.28	738.8	11.17
287.0454			
287.0869	16.28	734.3	11.16
287.0870			
287.1286	16.21	799.5	11.16
287.1287			
287.1702	16.25	733.1	11.16
287.1704			
287.2119	16.37	751.7	11.16
287.2120			
287.2536	16.39	857.2	11.16
287.2537			
287.2952	16.39	977.8	11.16
287.2954			
287.3369	16.42	1211.1	11.16
287.3370			
287.3786	16.39	1092.9	11.16
287.3787			
287.4202	16.39	968.0	11.16
287.4204			
287.4619	16.37	917.3	11.16
287.4620			
287.5036	16.35	913.1	11.16
287.5037			
287.5452	16.46	861.4	11.16
287.5454			
287.5869	16.53	824.3	11.15
287.5870			
287.6286	16.51	769.4	11.16
287.6287			
287.6702	16.60	758.3	11.15
287.6704			
287.7119	16.84	842.7	11.15
287.7120			
287.7536	16.91	1015.3	11.15
287.7537			
287.7952	17.12	1043.1	11.16
287.7954			
287.8369	17.03	1143.9	11.16
287.8370			
287.8786	17.10	1120.4	11.16
287.8787			
287.9202	17.26	1152.4	11.16
287.9204			
287.9619	17.10	1166.8	11.16
287.9620			
288.0036	17.07	1202.3	11.16
288.0037			
288.0452	16.91	1111.6	11.16
288.0454			
288.0869	16.84	877.4	11.15
288.0870			
288.1286	16.74	945.0	11.15
288.1287			
288.1702	16.65	914.2	11.15
288.1704			
288.2119	16.65	859.0	11.15
288.2120			
288.2536	16.72	841.6	11.15
288.2537			
288.2952	16.42	1140.7	11.15
288.2954			
288.3369	16.37	1443.2	11.15
288.3370			
288.3786	16.32	1646.7	11.15
288.3787			
288.4202	16.53	1354.5	11.15
288.4204			
288.4619	16.37	1074.9	11.15
288.4620			
288.5036	16.39	1118.3	11.15
288.5037			
288.5452	16.42	1091.0	11.15
288.5454			
288.5869	16.39	1087.0	11.14
288.5870			
288.6286	16.44	1060.0	11.15
288.6287			
288.6702	16.51	955.8	11.15
288.6704			
288.7119	16.53	939.4	11.15
288.7120			
288.7536	16.79	848.7	11.15
288.7537			
288.7952	17.07	913.3	11.15
288.7954			
288.8369	17.24	1042.8	11.15
288.8370			
288.8786	17.28	1128.2	11.15
288.8787			
288.9202	17.19	1133.8	11.15
288.9204			
288.9619	17.03	1203.7	11.15
288.9620			
289.0036	16.91	1093.0	11.15
289.0037			
289.0452	16.96	1071.1	11.15
289.0454			
289.0869	16.91	1067.5	11.15
289.0870			
289.1286	16.91	961.0	11.15
289.1287			
289.1702	16.70	775.4	11.15
289.1704			
289.2119	16.63	861.3	11.15
289.2120			
289.2536	16.67	795.8	11.14
289.2537			
289.2952	16.67	867.8	11.14
289.2954			
289.3369	16.46	1026.4	11.14
289.3370			
289.3786	16.46	1187.4	11.14
289.3787			
289.4202	16.58	1168.6	11.14
289.4204			
289.4619	16.63	1160.4	11.14
289.4620			
289.5036	16.56	1165.7	11.14
289.5037			
289.5452	16.42	998.6	11.14
289.5454			
289.5869	16.49	1007.2	11.14
289.5870			
289.6286	16.46	939.3	11.14
289.6287			
289.6702	16.67	1000.0	11.14
289.6704			
289.7119	16.77	827.0	11.14
289.7120			
289.7536	16.67	789.2	11.14
289.7537			
289.7952	17.19	777.5	11.14
289.7954			
289.8369	17.45	790.3	11.15
289.8370			
289.8786	17.52	844.8	11.15
289.8787			
289.9202	17.40	861.6	11.15
289.9204			
289.9619	17.28	871.1	11.15
289.9620			
290.0036	17.07	843.0	11.15
290.0037			
290.0452	17.14	861.9	11.15
290.0454			
290.0869	17.07	848.1	11.14
290.0870			
290.1286	17.07	881.2	11.15
290.1287			
290.1702	17.10	780.7	11.14
290.1704			
290.2119	16.98	769.1	11.15
290.2120			
290.2536	16.86	767.2	11.14
290.2537			
290.2952	17.00	807.1	11.14
290.2954			
290.3369	16.91	876.3	11.14
290.3370			
290.3786	16.93	930.6	11.14
290.3787			
290.4202	16.86	1080.3	11.14
290.4204			
290.4619	16.84	1082.2	11.14
290.4620			
290.5041	16.89		10.83
290.5048			
290.5452	16.81	942.0	11.16
290.5454			
290.5869	16.65	937.7	11.15
290.5870			
290.6286	16.65	997.6	11.15
290.6287			
290.6702	16.65	920.1	11.15
290.6704			
290.7119	16.58	821.1	11.15
290.7120			
290.7536	16.60	807.0	11.15
290.7537			
290.7952	16.63	804.7	11.14
290.7954			
290.8369	16.74	799.2	11.14
290.8370			
290.8786	16.77	883.3	11.14
290.8787			
290.9202	16.77	961.1	11.14
290.9204			
290.9619	16.77	1017.2	11.14
290.9620			
291.0036	16.74	969.1	11.14
291.0037			
291.0452	16.74	999.9	11.14
291.0454			
291.0869	16.77	977.4	11.14
291.0870			
291.1286	16.72	1043.0	11.14
291.1287			
291.1702	16.72	974.2	11.14
291.1704			
291.2119	16.60	841.1	11.14
291.2120			
291.2536	16.67	831.8	11.14
291.2537			
291.2952	16.63	839.7	11.14
291.2954			
291.3369	16.60	920.0	11.14
291.3370			
291.3786	16.60	978.0	11.14
291.3787			
291.4202	16.60	990.0	11.14
291.4204			
291.4619	16.30	1431.0	11.13
291.4620			
291.5036	16.44	1323.7	11.13
291.5037			
291.5452	16.46	1281.8	11.13
291.5454			
291.5869	16.56	1164.6	11.14
291.5870			
291.6286	16.60	1119.3	11.13
291.6287			
291.6702	16.67	1072.1	11.14
291.6704			
291.7119	16.77	1043.9	11.14
291.7120			
291.7536	16.98	943.0	11.14
291.7537			
291.7952	17.05	880.3	11.14
291.7954			
291.8369	17.05	861.6	11.14
291.8370			
291.8786	17.36	814.7	11.14
291.8787			
291.9202	17.26	892.6	11.14
291.9204			
291.9619	17.38	939.1	11.14
291.9620			
292.0036	17.33	934.6	11.14
292.0037			
292.0452	17.28	985.6	11.14
292.0454			
292.0869	17.31	1024.6	11.14
292.0870			
292.1286	17.26	997.4	11.14
292.1287			
292.1702	17.17	947.6	11.14
292.1704			
292.2119	17.05	870.5	11.14
292.2120			
292.2536	16.86	832.0	11.14
292.2537			
292.2952	16.65	860.9	11.13
292.2954			
292.3369	16.65	823.0	11.13
292.3370			
292.3786	16.81	810.2	11.13
292.3787			
292.4202	16.79	884.1	11.13
292.4204			
292.4619	16.81	919.4	11.13
292.4620			
292.5036	16.60	1082.6	11.13
292.5037			
292.5452	16.74	1091.4	11.13
292.5454			
292.5869	16.77	1193.9	11.13
292.5870			
292.6286	16.74	1155.6	11.13
292.6287			
292.6702	16.72	1028.5	11.13
292.6704			
292.7119	16.53	1039.1	11.13
292.7120			
292.7536	16.42	900.5	11.13
292.7537			
292.7952	16.37	858.4	11.13
292.7954			
292.8369	16.14	768.1	11.13
292.8370			
292.8786	16.39	724.5	11.13
292.8787			
292.9202	16.53	773.9	11.13
292.9204			
292.9619	16.39	789.4	11.13
292.9620			
293.0036	16.11	817.1	11.13
293.0037			
293.0452	15.72	905.8	11.12
293.0454			
293.0869	15.65	1076.2	11.12
293.0870			
293.1286	16.14	988.2	11.12
293.1287			
293.1702	16.14	994.0	11.12
293.1704			
293.2119	16.07	930.2	11.12
293.2120			
293.2536	15.56	939.9	11.12
293.2537			
293.2952	15.23	839.3	11.12
293.2954			
293.3369	15.09	825.3	11.11
293.3370			
293.3786	15.07	777.3	11.11
293.3787			
293.4202	15.14	800.7	11.11
293.4204			
293.4619	14.96	822.8	11.11
293.4620			
293.5036	14.93	969.4	11.11
293.5037			
293.5452	15.05	1094.8	11.11
293.5454			
293.5869	15.03	1098.9	11.11
293.5870			
293.6286	15.16	1150.8	11.11
293.6287			
293.6702	15.23	989.6	11.11
293.6704			
293.7119	15.26	937.1	11.11
293.7120			
293.7536	15.26	811.7	11.11
293.7537			
293.7952	15.16	697.0	11.11
293.7954			
293.8369	15.21	653.7	11.11
293.8370			
293.8786	15.21	647.9	11.11
293.8787			
293.9202	15.19	638.3	11.11
293.9204			
293.9619	15.19	653.3	11.11
293.9620			
294.0036	14.91	671.3	11.11
294.0037			
294.0457	14.89		10.77
294.0465			
294.0869	14.91	767.9	11.13
294.0870			
294.1286	14.93	793.2	11.12
294.1287			
294.1702	14.96	805.2	11.12
294.1704			
294.2119	14.98	746.4	11.12
294.2120			
294.2536	15.00	757.8	11.11
294.2537			
294.2952	14.70	708.0	11.12
294.2954			
294.3369	14.38	700.2	11.11
294.3370			
294.3786	14.38	715.9	11.11
294.3787			
294.4202	14.41	718.7	11.11
294.4204			
294.4619	14.52	751.7	11.10
294.4620			
294.5036	14.38	799.3	11.10
294.5037			
294.5452	14.15	869.0	11.10
294.5454			
294.5869	14.22	938.4	11.10
294.5870			
294.6286	14.47	1024.9	11.10
294.6287			
294.6702	14.57	1054.9	11.10
294.6704			
294.7119	14.70	866.1	11.10
294.7120			
294.7536	14.75	743.9	11.10
294.7537			
294.7952	14.93	666.0	11.10
294.7954			
294.8369	15.16	651.6	11.11
294.8370			
294.8786	15.30	631.3	11.11
294.8787			
294.9202	15.28	632.0	11.11
294.9204			
294.9619	15.26	665.9	11.11
294.9620			
295.0036	15.26	628.2	11.11
295.0037			
295.0452	15.28	677.8	11.11
295.0454			
295.0869	15.14	794.9	11.11
295.0870			
295.1286	15.07	874.3	11.11
295.1287			
295.1702	15.12	952.5	11.10
295.1704			
295.2119	15.19	824.1	11.10
295.2120			
295.2536	15.14	768.9	11.10
295.2537			
295.2952	14.96	768.8	11.10
295.2954			
295.3369	14.84	734.9	11.10
295.3370			
295.3786	14.73	730.1	11.10
295.3787			
295.4202	14.73	739.7	11.10
295.4204			
295.4619	14.75	759.1	11.10
295.4620			
295.5036	14.68	786.8	11.10
295.5037			
295.5452	14.54	833.5	11.10
295.5454			
295.5869	14.43	925.9	11.10
295.5870			
295.6286	14.63	1111.6	11.10
295.6287			
295.6702	14.77	1225.6	11.10
295.6704			
295.7119	14.89	1236.8	11.10
295.7120			
295.7536	15.00	939.6	11.10
295.7537			
295.7952	15.46	742.6	11.10
295.7954			
295.8369	15.58	688.0	11.10
295.8370			
295.8786	15.72	648.6	11.10
295.8787			
295.9202	15.60	652.7	11.10
295.9204			
295.9619	15.56	644.7	11.10
295.9620			
296.0036	15.60	652.9	11.10
296.0037			
296.0452	15.67	686.7	11.10
296.0454			
296.0869	15.56	772.2	11.10
296.0870			
296.1286	15.44	895.8	11.10
296.1287			
296.1702	15.42	1041.8	11.10
296.1704			
296.2119	15.49	1100.9	11.10
296.2120			
296.2536	15.44	973.9	11.10
296.2537			
296.2952	15.37	862.6	11.10
296.2954			
296.3369	15.26	788.2	11.10
296.3370			
296.3786	15.05	768.1	11.10
296.3787			
296.4202	14.98	757.3	11.10
296.4204			
296.4619	15.03	783.2	11.10
296.4620			
296.5036	14.98	757.9	11.09
296.5037			
296.5452	14.91	855.2	11.10
296.5454			
296.5869	14.82	986.6	11.09
296.5870			
296.6286	14.77	1140.4	11.09
296.6287			
296.6702	14.86	1379.0	11.09
296.6704			
296.7119	14.86	1577.5	11.09
296.7120			
296.7536	14.91	1444.8	11.09
296.7537			
296.7952	15.05	1136.2	11.09
296.7954			
296.8369	15.14	1007.5	11.09
296.8370			
296.8786	15.19	845.8	11.09
296.8787			
296.9202	15.21	772.3	11.09
296.9204			
296.9619	15.19	761.7	11.09
296.9620			
297.0036	15.21	759.3	11.09
297.0037			
297.0452	15.03	737.8	11.09
297.0454			
297.0869	14.89	867.5	11.09
297.0870			
297.1286	14.82	1024.7	11.09
297.1287			
297.1702	14.68	1183.7	11.09
297.1704			
297.2119	14.75	1368.3	11.09
297.2120			
297.2536	14.84	1364.6	11.09
297.2537			
297.2952	14.96	1393.9	11.09
297.2954			
297.3369	14.98	1217.6	11.09
297.3370			
297.3786	14.86	997.1	11.09
297.3787			
297.4202	14.96	898.0	11.09
297.4204			
297.4619	14.96	837.6	11.09
297.4620			
297.5036	14.98	876.5	11.09
297.5037			
297.5452	14.96	810.0	11.09
297.5454			
297.5874	14.91		10.74
297.5882			
297.6286	14.84	1152.0	11.10
297.6287			
297.6702	14.89	1463.9	11.10
297.6704			
297.7119	14.98	1773.5	11.10
297.7120			
297.7536	14.98	2006.1	11.09
297.7537			
297.7952	15.05	1565.2	11.10
297.7954			
297.8369	15.14	1212.0	11.10
297.8370			
297.8786	15.37	971.7	11.09
297.8787			
297.9202	15.35	832.0	11.10
297.9204			
297.9619	15.35	766.4	11.09
297.9620			
298.0036	15.33	762.8	11.09
298.0037			
298.0452	15.35	770.0	11.09
298.0454			
298.0869	15.35	847.0	11.09
298.0870			
298.1286	15.33	1059.1	11.09
298.1287			
298.1702	15.30	1370.5	11.09
298.1704			
298.2119	15.26	1656.2	11.09
298.2120			
298.2536	15.28	1951.5	11.09
298.2537			
298.2952	15.30	1719.3	11.09
298.2954			
298.3369	15.30	1200.5	11.09
298.3370			
298.3786	15.33	1081.3	11.09
298.3787			
298.4202	15.30	1048.6	11.09
298.4204			
298.4619	15.30	978.1	11.09
298.4620			
298.5036	15.33	908.8	11.09
298.5037			
298.5452	15.33	847.8	11.09
298.5454			
298.5869	15.42	849.5	11.09
298.5870			
298.6286	15.53	957.9	11.09
298.6287			
298.6702	15.74	1212.9	11.09
298.6704			
298.7119	16.02	1570.1	11.09
298.7120			
298.7536	16.14	1853.6	11.09
298.7537			
298.7952	15.97	1900.0	11.09
298.7954			
298.8369	16.00	1529.5	11.09
298.8370			
298.8786	15.84	1166.2	11.09
298.8787			
298.9202	16.14	894.8	11.09
298.9204			
298.9619	15.93	879.9	11.09
298.9620			
299.0036	15.81	791.1	11.09
299.0037			
299.0452	15.77	841.5	11.09
299.0454			
299.0869	16.07	833.6	11.09
299.0870			
299.1286	16.07	961.0	11.09
299.1287			
299.1702	16.23	1115.3	11.09
299.1704			
299.2119	16.25	1416.9	11.09
299.2120			
299.2536	16.25	1741.9	11.09
299.2537			
299.2952	16.21	1800.4	11.09
299.2954			
299.3369	16.09	1411.4	11.09
299.3370			
299.3786	15.88	1085.3	11.08
299.3787			
299.4202	15.90	996.8	11.09
299.4204			
299.4619	15.81	952.3	11.09
299.4620			
299.5036	15.77	822.6	11.08
299.5037			
299.5452	15.74	780.5	11.08
299.5454			
299.5869	15.81	813.8	11.08
299.5870			
299.6286	15.90	862.1	11.08
299.6287			
299.6702	15.97	1074.3	11.08
299.6704			
299.7119	16.23	1423.1	11.08
299.7120			
299.7536	16.58	1772.2	11.09
299.7537			
299.7952	16.65	2183.5	11.09
299.7954			
299.8369	16.53	2075.8	11.09
299.8370			
299.8786	16.42	1730.9	11.09
299.8787			
299.9202	16.28	1175.9	11.09
299.9204			
299.9619	16.42	992.2	11.09
299.9620			
300.0036	16.16	789.2	11.09
300.0037			
300.0452	16.11	786.0	11.08
300.0454			
300.0869	16.25	809.9	11.08
300.0870			
300.1286	16.32	844.7	11.08
300.1287			
300.1702	16.46	983.7	11.08
300.1704			
300.2119	16.58	1281.1	11.08
300.2120			
300.2536	16.58	1800.7	11.09
300.2537			
300.2952	16.56	2147.1	11.08
300.2954			
300.3369	16.53	1997.6	11.08
300.3370			
300.3786	16.30	1346.1	11.08
300.3787			
300.4202	16.16	1162.2	11.08
300.4204			
300.4619	16.11	1035.2	11.08
300.4620			
300.5036	15.97	965.5	11.08
300.5037			
300.5452	15.93	844.0	11.07
300.5454			
300.5869	15.97	825.8	11.07
300.5870			
300.6286	16.11	815.7	11.07
300.6287			
300.6702	16.49	877.7	11.07
300.6704			
300.7119	16.96	1044.2	11.08
300.7120			
300.7536	17.47	1297.9	11.08
300.7537			
300.7952	17.71	1588.0	11.09
300.7954			
300.8369	17.66	1630.6	11.09
300.8370			
300.8786	17.59	1774.2	11.09
300.8787			
300.9202	17.52	1734.7	11.09
300.9204			
300.9619	17.26	1324.5	11.09
300.9620			
301.0036	16.63	928.5	11.09
301.0037			
301.0452	16.51	858.0	11.08
301.0454			
301.0869	16.53	906.7	11.08
301.0870			
301.1291	16.49		10.74
301.1298			
301.1702	16.25	887.6	11.10
301.1704			
301.2119	15.79	1075.0	11.09
301.2120			
301.2536	15.51	1343.7	11.08
301.2537			
301.2952	15.16	1634.0	11.07
301.2954			
301.3369	15.23	1901.4	11.07
301.3370			
301.3786	15.26	1806.3	11.07
301.3787			
301.4202	15.35	1679.4	11.07
301.4204			
301.4619	15.30	1151.8	11.07
301.4620			
301.5036	14.86	971.1	11.06
301.5037			
301.5452	14.96	828.3	11.06
301.5454			
301.5869	15.05	760.2	11.06
301.5870			
301.6286	15.07	787.5	11.06
301.6287			
301.6702	15.03	748.3	11.06
301.6704			
301.7119	14.98	780.0	11.06
301.7120			
301.7536	14.93	823.7	11.06
301.7537			
301.7952	14.86	876.2	11.06
301.7954			
301.8369	14.86	975.8	11.06
301.8370			
301.8786	14.89	1046.3	11.06
301.8787			
301.9202	14.91	1043.7	11.06
301.9204			
301.9619	14.96	1045.7	11.06
301.9620			
302.0036	14.89	752.0	11.06
302.0037			
302.0452	14.68	715.2	11.06
302.0454			
302.0869	14.80	693.6	11.05
302.0870			
302.1286	14.80	685.4	11.05
302.1287			
302.1702	14.43	684.8	11.05
302.1704			
302.2119	14.18	734.4	11.05
302.2120			
302.2536	13.92	816.3	11.05
302.2537			
302.2952	13.51	958.3	11.04
302.2954			
302.3369	13.26	1160.6	11.04
302.3370			
302.3786	13.45	1287.5	11.03
302.3787			
302.4202	13.86	1079.6	11.04
302.4204			
302.4619	14.08	929.0	11.04
302.4620			
302.5036	14.29	897.6	11.04
302.5037			
302.5452	13.88	815.7	11.04
302.5454			
302.5869	14.31	750.8	11.04
302.5870			
302.6286	14.50	715.7	11.04
302.6287			
302.6702	14.54	717.8	11.04
302.6704			
302.7119	14.66	707.0	11.05
302.7120			
302.7536	14.75	731.5	11.05
302.7537			
302.7952	14.77	760.7	11.05
302.7954			
302.8369	14.68	867.0	11.04
302.8370			
302.8786	14.68	905.9	11.05
302.8787			
302.9202	14.70	891.7	11.04
302.9204			
302.9619	14.73	952.4	11.04
302.9620			
303.0036	14.82	921.2	11.04
303.0037			
303.0452	14.91	753.1	11.05
303.0454			
303.0869	14.54	685.9	11.04
303.0870			
303.1286	14.61	675.2	11.04
303.1287			
303.1702	14.66	680.1	11.04
303.1704			
303.2119	14.31	694.7	11.04
303.2120			
303.2536	13.97	720.4	11.04
303.2537			
303.2952	13.49	815.5	11.04
303.2954			
303.3369	13.11	952.1	11.03
303.3370			
303.3786	12.92	1121.1	11.03
303.3787			
303.4202	13.38	1121.3	11.03
303.4204			
303.4619	13.83	995.7	11.03
303.4620			
303.5036	13.92	945.4	11.03
303.5037			
303.5452	14.06	860.6	11.03
303.5454			
303.5869	13.86	783.3	11.03
303.5870			
303.6286	14.15	733.4	11.03
303.6287			
303.6702	14.36	688.3	11.04
303.6704			
303.7119	14.52	679.1	11.04
303.7120			
303.7536	14.68	679.9	11.04
303.7537			
303.7952	14.77	698.3	11.04
303.7954			
303.8369	14.70	742.0	11.04
303.8370			
303.8786	14.68	832.1	11.04
303.8787			
303.9202	14.68	878.2	11.04
303.9204			
303.9619	14.77	905.3	11.04
303.9620			
304.0036	14.77	959.7	11.04
304.0037			
304.0452	14.77	883.6	11.04
304.0454			
304.0869	14.84	757.9	11.04
304.0870			
304.1286	14.52	698.1	11.04
304.1287			
304.1702	14.61	679.5	11.04
304.1704			
304.2119	14.68	715.6	11.04
304.2120			
304.2536	14.47	714.5	11.04
304.2537			
304.2952	13.92	746.4	11.03
304.2954			
304.3369	13.72	817.0	11.03
304.3370			
304.3786	13.45	964.4	11.03
304.3787			
304.4202	13.58	1020.8	11.03
304.4204			
304.4619	13.83	1079.7	11.02
304.4620			
304.5036	14.20	932.3	11.03
304.5037			
304.5452	14.38	905.9	11.03
304.5454			
304.5869	14.11	821.5	11.03
304.5870			
304.6286	14.22	779.6	11.03
304.6287			
304.6707	14.34		10.66
304.6715			
304.7119	14.41	697.8	11.05
304.7120			
304.7536	14.45	713.6	11.04
304.7537			
304.7952	14.50	682.6	11.04
304.7954			
304.8369	14.36	736.6	11.04
304.8370			
304.8786	14.27	803.3	11.03
304.8787			
304.9202	14.27	860.6	11.03
304.9204			
304.9619	14.31	928.6	11.03
304.9620			
305.0036	14.36	917.8	11.03
305.0037			
305.0452	14.41	966.5	11.03
305.0454			
305.0869	14.41	966.5	11.03
305.0870			
305.1286	14.47	822.3	11.03
305.1287			
305.1702	14.61	797.2	11.03
305.1704			
305.2119	14.66	725.8	11.03
305.2120			
305.2536	14.70	729.8	11.03
305.2537			
305.2952	14.59	749.1	11.03
305.2954			
305.3369	14.50	792.0	11.03
305.3370			
305.3786	14.34	917.9	11.03
305.3787			
305.4202	14.27	1068.7	11.03
305.4204			
305.4619	14.29	1224.0	11.02
305.4620			
305.5036	14.41	1256.5	11.02
305.5037			
305.5452	14.54	996.1	11.02
305.5454			
305.5869	14.59	1024.8	11.03
305.5870			
305.6286	14.59	941.7	11.02
305.6287			
305.6702	14.68	868.3	11.03
305.6704			
305.7119	14.80	827.3	11.02
305.7120			
305.7536	14.86	764.4	11.03
305.7537			
305.7952	14.86	739.2	11.03
305.7954			
305.8369	14.93	752.7	11.03
305.8370			
305.8786	14.89	812.7	11.03
305.8787			
305.9202	14.86	944.8	11.03
305.9204			
305.9619	14.82	1069.7	11.03
305.9620			
306.0036	14.84	1156.5	11.02
306.0037			
306.0452	14.84	1174.6	11.02
306.0454			
306.0869	14.86	1177.2	11.02
306.0870			
306.1286	14.89	1111.8	11.02
306.1287			
306.1702	14.89	934.9	11.02
306.1704			
306.2119	14.80	841.3	11.02
306.2120			
306.2536	14.84	823.8	11.02
306.2537			
306.2952	14.80	835.2	11.02
306.2954			
306.3369	14.77	811.6	11.02
306.3370			
306.3786	14.68	865.5	11.02
306.3787			
306.4202	14.54	985.4	11.02
306.4204			
306.4619	14.13	1284.4	11.02
306.4620			
306.5036	13.90	1577.8	11.01
306.5037			
306.5452	14.04	1837.0	11.01
306.5454			
306.5869	14.52	1516.5	11.01
306.5870			
306.6286	14.66	1353.6	11.01
306.6287			
306.6702	14.84	1178.1	11.01
306.6704			
306.7119	14.73	917.0	11.02
306.7120			
306.7536	14.93	848.3	11.02
306.7537			
306.7952	14.96	777.8	11.02
306.7954			
306.8369	15.03	774.1	11.02
306.8370			
306.8786	15.12	789.4	11.02
306.8787			
306.9202	15.07	783.5	11.02
306.9204			
306.9619	15.16	867.8	11.02
306.9620			
307.0036	15.14	959.4	11.02
307.0037			
307.0452	15.07	986.4	11.02
307.0454			
307.0869	15.00	1123.3	11.02
307.0870			
307.1286	15.07	1125.7	11.02
307.1287			
307.1702	14.98	1035.0	11.02
307.1704			
307.2119	14.86	867.0	11.02
307.2120			
307.2536	14.45	786.1	11.01
307.2537			
307.2952	14.50	765.7	11.01
307.2954			
307.3369	14.52	817.2	11.01
307.3370			
307.3786	14.50	780.6	11.01
307.3787			
307.4202	14.27	814.1	11.00
307.4204			
307.4619	13.99	882.4	11.00
307.4620			
307.5036	13.29	1112.2	11.00
307.5037			
307.5452	13.38	1275.7	11.00
307.5454			
307.5869	13.42	1353.3	11.00
307.5870			
307.6286	13.86	1316.1	10.99
307.6287			
307.6702	14.31	1183.8	11.00
307.6704			
307.7119	14.52	991.0	11.00
307.7120			
307.7536	14.45	801.9	11.00
307.7537			
307.7952	14.86	758.0	11.00
307.7954			
307.8369	14.93	715.9	11.00
307.8370			
307.8786	14.96	756.2	11.01
307.8787			
307.9202	14.84	719.4	11.01
307.9204			
307.9619	14.80	727.8	11.01
307.9620			
308.0036	14.80	784.5	11.01
308.0037			
308.0452	14.54	920.5	11.00
308.0454			
308.0869	14.34	1070.5	11.00
308.0870			
308.1286	14.36	1271.6	11.00
308.1287			
308.1702	14.59	1145.6	11.00
308.1704			
308.2124	14.68		10.62
308.2132			
308.2536	14.63	847.9	11.02
308.2537			
308.2952	14.36	806.0	11.01
308.2954			
308.3369	14.36	785.8	11.01
308.3370			
308.3786	14.43	756.6	11.00
308.3787			
308.4202	14.38	740.2	11.00
308.4204			
308.4619	14.11	791.4	11.00
308.4620			
308.5036	13.65	913.6	11.00
308.5037			
308.5452	13.45	1079.5	10.99
308.5454			
308.5869	13.45	1276.5	10.99
308.5870			
308.6286	13.56	1457.8	10.99
308.6287			
308.6702	13.81	1566.2	10.99
308.6704			
308.7119	13.99	1358.3	10.99
308.7120			
308.7536	14.45	1118.7	10.99
308.7537			
308.7952	15.33	792.4	10.99
308.7954			
308.8369	15.30	708.7	11.00
308.8370			
308.8786	15.26	677.4	11.00
308.8787			
308.9202	15.26	700.8	11.00
308.9204			
308.9619	15.26	660.2	11.00
308.9620			
309.0036	15.26	707.7	11.00
309.0037			
309.0452	15.28	801.7	11.00
309.0454			
309.0869	15.21	953.9	11.00
309.0870			
309.1286	15.16	1147.7	11.00
309.1287			
309.1702	15.16	1269.5	11.00
309.1704			
309.2119	15.16	1159.2	11.00
309.2120			
309.2536	15.14	1059.0	11.00
309.2537			
309.2952	15.09	849.9	11.00
309.2954			
309.3369	14.96	796.7	10.99
309.3370			
309.3786	14.91	763.4	10.99
309.3787			
309.4202	14.91	751.6	10.99
309.4204			
309.4619	14.91	754.3	10.99
309.4620			
309.5036	14.91	796.6	10.99
309.5037			
309.5452	14.89	890.6	10.99
309.5454			
309.5869	14.93	1099.9	10.99
309.5870			
309.6286	15.16	1369.7	10.99
309.6287			
309.6702	15.35	1587.9	10.99
309.6704			
309.7119	15.26	1527.5	10.99
309.7120			
309.7536	15.21	1309.5	10.99
309.7537			
309.7952	15.40	1040.2	10.99
309.7954			
309.8369	15.95	755.2	10.99
309.8370			
309.8786	15.79	674.4	10.99
309.8787			
309.9202	15.53	644.1	10.99
309.9204			
309.9619	15.58	705.4	10.99
309.9620			
310.0036	15.74	669.6	10.99
310.0037			
310.0452	15.86	734.4	10.99
310.0454			
310.0869	15.95	880.5	10.99
310.0870			
310.1286	16.00	1129.5	10.99
310.1287			
310.1702	15.97	1296.7	10.99
310.1704			
310.2119	15.90	1317.7	10.99
310.2120			
310.2536	15.79	1139.7	10.99
310.2537			
310.2952	15.72	1030.0	10.99
310.2954			
310.3369	15.49	835.5	10.98
310.3370			
310.3786	15.40	808.2	10.98
310.3787			
310.4202	15.35	772.2	10.98
310.4204			
310.4619	15.33	759.0	10.98
310.4620			
310.5036	15.35	757.4	10.98
310.5037			
310.5452	15.46	798.0	10.98
310.5454			
310.5869	15.65	874.3	10.98
310.5870			
310.6286	16.04	1091.5	10.98
310.6287			
310.6702	16.46	1368.1	10.99
310.6704			
310.7119	16.42	1536.5	10.99
310.7120			
310.7536	16.28	1350.0	10.99
310.7537			
310.7952	16.14	1230.7	10.98
310.7954			
310.8369	16.11	997.3	10.98
310.8370			
310.8786	16.63	739.2	10.98
310.8787			
310.9202	16.25	682.3	10.98
310.9204			
310.9619	16.04	667.7	10.98
310.9620			
311.0036	16.00	679.1	10.98
311.0037			
311.0452	16.23	674.3	10.98
311.0454			
311.0869	16.42	734.3	10.98
311.0870			
311.1286	16.60	904.7	10.98
311.1287			
311.1702	16.65	1173.1	10.98
311.1704			
311.2119	16.60	1408.3	10.98
311.2120			
311.2536	16.44	1170.4	10.98
311.2537			
311.2952	16.18	1002.3	10.98
311.2954			
311.3369	16.00	918.8	10.98
311.3370			
311.3786	16.00	831.8	10.98
311.3787			
311.4202	15.90	813.6	10.97
311.4204			
311.4619	15.79	783.0	10.97
311.4620			
311.5036	15.77	789.8	10.97
311.5037			
311.5452	15.84	782.8	10.96
311.5454			
311.5869	16.04	818.0	10.96
311.5870			
311.6286	16.23	968.6	10.97
311.6287			
311.6702	16.60	1242.0	10.97
311.6704			
311.7119	16.96	1502.9	10.97
311.7120			
311.7541	16.96		10.59
311.7548			
311.7952	16.67	1372.1	10.99
311.7954			
311.8369	16.51	1280.5	10.98
311.8370			
311.8786	16.51	895.2	10.98
311.8787			
311.9202	16.60	818.7	10.98
311.9204			
311.9619	16.37	715.2	10.98
311.9620			
312.0036	16.30	733.4	10.97
312.0037			
312.0452	16.30	697.5	10.97
312.0454			
312.0869	16.28	768.8	10.96
312.0870			
312.1286	16.07	873.9	10.96
312.1287			
312.1702	15.81	1119.9	10.96
312.1704			
312.2119	15.46	1511.1	10.96
312.2120			
312.2536	15.65	1794.6	10.95
312.2537			
312.2952	15.72	1853.9	10.96
312.2954			
312.3369	15.70	1890.6	10.95
312.3370			
312.3786	15.35	1284.4	10.95
312.3787			
312.4202	14.68	1098.9	10.94
312.4204			
312.4619	14.93	969.7	10.94
312.4620			
312.5036	14.96	849.7	10.94
312.5037			
312.5452	14.98	873.2	10.94
312.5454			
312.5869	14.54	801.9	10.94
312.5870			
312.6286	14.22	902.4	10.94
312.6287			
312.6702	14.13	983.9	10.93
312.6704			
312.7119	14.13	1143.2	10.93
312.7120			
312.7536	14.24	1259.1	10.93
312.7537			
312.7952	14.34	1443.8	10.93
312.7954			
312.8369	14.36	1400.0	10.93
312.8370			
312.8786	14.38	1453.7	10.93
312.8787			
312.9202	14.29	1195.7	10.93
312.9204			
312.9619	13.26	799.1	10.93
312.9620			
313.0036	14.31	747.6	10.92
313.0037			
313.0452	14.22	727.7	10.92
313.0454			
313.0869	13.33	676.0	10.92
313.0870			
313.1286	13.36	742.7	10.92
313.1287			
313.1702	12.90	833.5	10.91
313.1704			
313.2119	12.52	1011.0	10.91
313.2120			
313.2536	12.47	1208.6	10.90
313.2537			
313.2952	12.63	1272.0	10.91
313.2954			
313.3369	12.72	1371.7	10.90
313.3370			
313.3786	12.95	1020.9	10.91
313.3787			
313.4202	13.08	856.3	10.91
313.4204			
313.4619	12.86	768.1	10.91
313.4620			
313.5036	12.86	730.4	10.91
313.5037			
313.5452	12.99	702.0	10.91
313.5454			
313.5869	13.01	742.0	10.91
313.5870			
313.6286	12.67	683.3	10.90
313.6287			
313.6702	12.45	710.5	10.90
313.6704			
313.7119	12.38	769.0	10.90
313.7120			
313.7536	12.47	838.5	10.90
313.7537			
313.7952	12.52	923.6	10.90
313.7954			
313.8369	12.58	1013.3	10.90
313.8370			
313.8786	12.77	945.9	10.90
313.8787			
313.9202	13.45	780.9	10.90
313.9204			
313.9619	13.42	639.0	10.91
313.9620			
314.0036	13.67	648.9	10.91
314.0037			
314.0452	13.77	661.9	10.91
314.0454			
314.0869	13.77	693.8	10.91
314.0870			
314.1286	13.22	648.1	10.91
314.1287			
314.1702	13.01	685.2	10.90
314.1704			
314.2119	12.56	757.7	10.90
314.2120			
314.2536	12.43	878.3	10.90
314.2537			
314.2952	12.40	963.9	10.89
314.2954			
314.3369	12.83	884.6	10.89
314.3370			
314.3786	13.13	815.2	10.89
314.3787			
314.4202	13.13	775.8	10.90
314.4204			
314.4619	13.01	745.2	10.90
314.4620			
314.5036	13.01	712.2	10.90
314.5037			
314.5452	13.13	704.4	10.90
314.5454			
314.5869	13.24	687.4	10.90
314.5870			
314.6286	13.26	693.4	10.90
314.6287			
314.6702	13.36	665.7	10.90
314.6704			
314.7119	13.42	677.5	10.90
314.7120			
314.7536	13.51	712.1	10.90
314.7537			
314.7952	13.58	771.3	10.90
314.7954			
314.8369	13.63	787.2	10.90
314.8370			
314.8786	13.65	796.0	10.90
314.8787			
314.9202	13.67	793.8	10.90
314.9204			
314.9619	13.79	752.0	10.90
314.9620			
315.0036	13.74	640.6	10.91
315.0037			
315.0452	13.77	652.1	10.90
315.0454			
315.0869	13.81	658.5	10.90
315.0870			
315.1286	13.83	699.8	10.90
315.1287			
315.1702	13.56	680.8	10.90
315.1704			
315.2119	13.47	740.8	10.90
315.2120			
315.2536	13.22	855.5	10.89
315.2537			
315.2957	13.15		10.44
315.2965			
315.3369	13.49	948.3	10.91
315.3370			
315.3786	13.70	879.3	10.91
315.3787			
315.4202	13.58	772.3	10.90
315.4204			
315.4619	13.58	776.9	10.90
315.4620			
315.5036	13.61	758.7	10.90
315.5037			
315.5452	13.61	735.7	10.89
315.5454			
315.5869	13.65	707.9	10.89
315.5870			
315.6286	13.67	723.4	10.89
315.6287			
315.6702	13.83	704.7	10.89
315.6704			
315.7119	13.86	722.8	10.89
315.7120			
315.7536	14.02	725.3	10.89
315.7537			
315.7952	14.06	796.6	10.89
315.7954			
315.8369	14.04	840.1	10.89
315.8370			
315.8786	14.02	790.6	10.89
315.8787			
315.9202	13.97	808.2	10.89
315.9204			
315.9619	13.99	770.2	10.89
315.9620			
316.0036	14.31	695.4	10.89
316.0037			
316.0452	14.27	713.2	10.89
316.0454			
316.0869	14.34	698.5	10.90
316.0870			
316.1286	14.34	709.4	10.89
316.1287			
316.1702	14.27	731.5	10.89
316.1704			
316.2119	14.52	708.7	10.89
316.2120			
316.2536	14.80	763.1	10.89
316.2537			
316.2952	15.05	908.2	10.89
316.2954			
316.3369	15.07	1093.8	10.89
316.3370			
316.3786	14.93	1035.3	10.89
316.3787			
316.4202	15.26	946.7	10.90
316.4204			
316.4619	14.89	865.8	10.89
316.4620			
316.5036	14.91	874.1	10.89
316.5037			
316.5452	15.05	815.2	10.89
316.5454			
316.5869	15.07	741.5	10.89
316.5870			
316.6286	15.09	753.6	10.89
316.6287			
316.6702	15.33	786.7	10.89
316.6704			
316.7119	15.60	831.9	10.89
316.7120			
316.7536	16.09	926.8	10.89
316.7537			
316.7952	16.51	1020.2	10.90
316.7954			
316.8369	16.44	1109.1	10.91
316.8370			
316.8786	16.44	1168.5	10.91
316.8787			
316.9202	16.35	1179.4	10.90
316.9204			
316.9619	16.46	1138.6	10.90
316.9620			
317.0036	16.21	1084.7	10.90
317.0037			
317.0452	15.90	976.9	10.90
317.0454			
317.0869	15.60	863.6	10.89
317.0870			
317.1286	15.40	845.4	10.89
317.1287			
317.1702	15.44	806.1	10.89
317.1704			
317.2119	15.51	862.3	10.89
317.2120			
317.2536	15.63	913.2	10.89
317.2537			
317.2952	15.58	992.1	10.89
317.2954			
317.3369	15.58	1150.3	10.88
317.3370			
317.3786	15.49	1098.2	10.89
317.3787			
317.4202	15.44	1063.2	10.88
317.4204			
317.4619	15.28	983.8	10.88
317.4620			
317.5036	15.26	938.7	10.88
317.5037			
317.5452	15.05	953.1	10.88
317.5454			
317.5869	15.07	914.3	10.88
317.5870			
317.6286	14.68	891.0	10.88
317.6287			
317.6702	14.77	870.1	10.87
317.6704			
317.7119	14.84	822.6	10.87
317.7120			
317.7536	14.80	951.2	10.87
317.7537			
317.7952	14.75	1090.5	10.86
317.7954			
317.8369	14.70	1287.8	10.86
317.8370			
317.8786	14.66	1432.6	10.87
317.8787			
317.9202	14.70	1481.2	10.87
317.9204			
317.9619	14.75	1379.1	10.87
317.9620			
318.0036	14.15	1379.4	10.87
318.0037			
318.0452	14.18	1546.0	10.86
318.0454			
318.0869	13.65	1518.5	10.86
318.0870			
318.1286	13.58	1427.7	10.85
318.1287			
318.1702	13.70	1057.3	10.85
318.1704			
318.2119	13.83	1032.4	10.85
318.2120			
318.2536	13.24	936.2	10.85
318.2537			
318.2952	12.81	1125.9	10.84
318.2954			
318.3369	12.40	1198.3	10.84
318.3370			
318.3786	12.13	1394.7	10.83
318.3787			
318.4202	12.34	1568.3	10.83
318.4204			
318.4619	12.49	1521.4	10.83
318.4620			
318.5036	13.33	1421.3	10.83
318.5037			
318.5452	12.95	1301.3	10.84
318.5454			
318.5869	13.36	1170.6	10.84
318.5870			
318.6286	13.47	1091.9	10.84
318.6287			
318.6702	12.95	1050.5	10.84
318.6704			
318.7119	12.70	956.5	10.83
318.7120			
318.7536	12.99	945.8	10.83
318.7537			
318.7952	13.15	854.9	10.83
318.7954			
318.8374	12.43		10.35
318.8382			
318.8786	12.02	913.7	10.84
318.8787			
318.9202	12.61	944.5	10.84
318.9204			
318.9619	12.58	966.2	10.83
318.9620			
319.0036	12.81	882.4	10.83
319.0037			
319.0452	12.79	925.5	10.83
319.0454			
319.0869	12.74	853.5	10.84
319.0870			
319.1286	12.34	842.9	10.83
319.1287			
319.1702	11.50	716.8	10.82
319.1704			
319.2119	11.79	728.2	10.82
319.2120			
319.2536	11.88	738.8	10.82
319.2537			
319.2952	11.14	773.4	10.81
319.2954			
319.3369	11.57	869.3	10.81
319.3370			
319.3786	11.37	882.3	10.81
319.3787			
319.4202	11.70	930.4	10.81
319.4204			
319.4619	11.68	912.5	10.81
319.4620			
319.5036	11.79	952.2	10.81
319.5037			
319.5452	11.43	842.8	10.81
319.5454			
319.5869	11.68	867.2	10.81
319.5870			
319.6286	11.68	879.2	10.81
319.6287			
319.6702	11.61	775.5	10.81
319.6704			
319.7119	11.77	748.7	10.81
319.7120			
319.7536	11.86	739.6	10.81
319.7537			
319.7952	11.86	692.9	10.81
319.7954			
319.8369	11.61	725.8	10.81
319.8370			
319.8786	11.75	733.7	10.81
319.8787			
319.9202	11.91	739.9	10.81
319.9204			
319.9619	12.00	747.1	10.81
319.9620			
320.0036	12.00	796.4	10.81
320.0037			
320.0452	12.00	749.6	10.81
320.0454			
320.0869	11.79	746.0	10.81
320.0870			
320.1286	12.04	761.0	10.81
320.1287			
320.1702	11.86	697.7	10.80
320.1704			
320.2119	12.02	722.4	10.81
320.2120			
320.2536	12.02	722.0	10.81
320.2537			
320.2952	12.02	725.8	10.81
320.2954			
320.3369	12.00	731.9	10.81
320.3370			
320.3786	11.48	715.8	10.80
320.3787			
320.4202	11.88	740.9	10.80
320.4204			
320.4619	11.77	753.9	10.80
320.4620			
320.5036	11.88	754.5	10.80
320.5037			
320.5452	11.79	745.1	10.80
320.5454			
320.5869	12.06	749.0	10.80
320.5870			
320.6286	12.11	765.1	10.80
320.6287			
320.6702	12.02	759.3	10.80
320.6704			
320.7119	12.04	712.8	10.80
320.7120			
320.7536	12.36	715.6	10.80
320.7537			
320.7952	12.52	697.5	10.81
320.7954			
320.8369	12.45	642.1	10.79
320.8370			
320.8786	12.25	682.6	10.79
320.8787			
320.9202	12.20	723.7	10.79
320.9204			
320.9619	12.13	771.1	10.80
320.9620			
321.0036	12.27	850.5	10.79
321.0037			
321.0452	12.20	797.1	10.79
321.0454			
321.0869	11.23	872.7	10.78
321.0870			
321.1286	12.00	942.1	10.78
321.1287			
321.1702	12.04	868.2	10.79
321.1704			
321.2119	11.77	753.5	10.79
321.2120			
321.2536	11.77	726.4	10.79
321.2537			
321.2952	11.77	744.8	10.78
321.2954			
321.3369	11.75	746.8	10.78
321.3370			
321.3786	11.73	732.5	10.78
321.3787			
321.4202	11.21	779.3	10.78
321.4204			
321.4619	10.83	867.4	10.77
321.4620			
321.5036	11.28	915.2	10.77
321.5037			
321.5452	11.08	915.0	10.77
321.5454			
321.5869	11.30	949.7	10.77
321.5870			
321.6286	11.57	891.2	10.78
321.6287			
321.6702	11.64	901.6	10.78
321.6704			
321.7119	11.66	906.0	10.78
321.7120			
321.7536	11.23	770.3	10.78
321.7537			
321.7952	11.23	709.3	10.78
321.7954			
321.8369	11.52	680.2	10.77
321.8370			
321.8786	11.30	682.5	10.77
321.8787			
321.9202	11.08	742.6	10.77
321.9204			
321.9619	11.14	752.3	10.77
321.9620			
322.0036	11.32	799.3	10.77
322.0037			
322.0452	10.56	760.3	10.77
322.0454			
322.0869	11.03	837.2	10.77
322.0870			
322.1286	11.01	866.4	10.77
322.1287			
322.1702	11.46	881.2	10.77
322.1704			
322.2119	10.85	861.8	10.76
322.2120			
322.2536	10.16	687.7	10.76
322.2537			
322.2952	10.18	660.0	10.76
322.2954			
322.3369	10.20	672.4	10.75
322.3370			
322.3791	9.82		10.19
322.3798			
322.4202	10.18	673.0	10.76
322.4204			
322.4619	9.85	680.1	10.75
322.4620			
322.5036	9.74	724.0	10.74
322.5037			
322.5452	9.13	750.9	10.74
322.5454			
322.5869	10.09	809.0	10.74
322.5870			
322.6286	10.34	784.7	10.74
322.6287			
322.6702	10.02	754.8	10.74
322.6704			
322.7119	9.80	669.0	10.74
322.7120			
322.7536	9.91	636.1	10.74
322.7537			
322.7952	9.87	605.5	10.74
322.7954			
322.8369	9.98	600.3	10.74
322.8370			
322.8786	9.91	588.2	10.74
322.8787			
322.9202	10.00	574.1	10.74
322.9204			
322.9619	9.76	574.3	10.74
322.9620			
323.0036	9.49	591.9	10.73
323.0037			
323.0452	9.13	609.2	10.73
323.0454			
323.0869	8.51	690.0	10.72
323.0870			
323.1286	9.49	719.4	10.72
323.1287			
323.1702	9.96	756.4	10.73
323.1704			
323.2119	9.85	700.7	10.73
323.2120			
323.2536	9.94	676.2	10.73
323.2537			
323.2952	9.38	639.2	10.73
323.2954			
323.3369	9.18	621.0	10.72
323.3370			
323.3786	9.33	616.3	10.72
323.3787			
323.4202	9.25	615.0	10.72
323.4204			
323.4619	8.47	623.2	10.72
323.4620			
323.5036	7.69	683.0	10.70
323.5037			
323.5452	7.18	730.2	10.70
323.5454			
323.5869	8.33	801.5	10.70
323.5870			
323.6286	8.73	800.4	10.70
323.6287			
323.6702	8.76	747.2	10.71
323.6704			
323.7119	9.29	694.5	10.71
323.7120			
323.7536	9.13	669.4	10.71
323.7537			
323.7952	9.09	615.6	10.71
323.7954			
323.8369	9.09	585.0	10.71
323.8370			
323.8786	9.16	582.2	10.72
323.8787			
323.9202	9.16	582.7	10.72
323.9204			
323.9619	9.05	570.3	10.72
323.9620			
324.0036	8.51	556.5	10.71
324.0037			
324.0452	8.27	591.1	10.70
324.0454			
324.0869	8.00	653.1	10.70
324.0870			
324.1286	8.25	685.5	10.69
324.1287			
324.1702	8.38	678.7	10.70
324.1704			
324.2119	8.76	692.7	10.70
324.2120			
324.2536	8.49	671.2	10.70
324.2537			
324.2952	8.42	630.7	10.70
324.2954			
324.3369	8.18	601.7	10.70
324.3370			
324.3786	8.40	599.5	10.70
324.3787			
324.4202	8.60	599.0	10.70
324.4204			
324.4619	8.45	596.2	10.70
324.4620			
324.5036	7.96	608.2	10.67
324.5037			
324.5452	7.49	684.6	10.67
324.5454			
324.5869	7.23	706.1	10.66
324.5870			
324.6286	7.12	816.9	10.66
324.6287			
324.6702	7.23	864.9	10.66
324.6704			
324.7119	7.38	884.4	10.66
324.7120			
324.7536	7.47	888.0	10.66
324.7537			
324.7952	7.51	871.2	10.66
324.7954			
324.8369	7.87	721.3	10.67
324.8370			
324.8786	7.78	653.4	10.67
324.8787			
324.9202	8.20	606.7	10.67
324.9204			
324.9619	7.45	563.4	10.67
324.9620			
325.0036	6.96	593.4	10.66
325.0037			
325.0452	6.67	621.5	10.65
325.0454			
325.0869	6.08	691.1	10.64
325.0870			
325.1286	6.08	757.9	10.64
325.1287			
325.1702	6.67	780.4	10.64
325.1704			
325.2119	7.01	800.2	10.65
325.2120			
325.2536	7.18	799.9	10.65
325.2537			
325.2952	7.43	833.4	10.66
325.2954			
325.3369	6.58	672.6	10.66
325.3370			
325.3786	6.30	604.7	10.65
325.3787			
325.4202	6.65	590.6	10.65
325.4204			
325.4619	6.61	587.8	10.65
325.4620			
325.5036	5.88	565.2	10.64
325.5037			
325.5452	5.26	595.0	10.63
325.5454			
325.5869	4.51	647.0	10.62
325.5870			
325.6286	4.59	702.4	10.61
325.6287			
325.6702	5.19	740.1	10.61
325.6704			
325.7119	5.90	728.2	10.62
325.7120			
325.7536	6.12	729.4	10.62
325.7537			
325.7952	6.41	659.8	10.63
325.7954			
325.8369	6.14	562.9	10.63
325.8370			
325.8786	6.36	539.1	10.63
325.8787			
325.9207	6.45		9.97
325.9215			
325.9619	6.52	514.7	10.63
325.9620			
326.0036	6.36	515.6	10.63
326.0037			
326.0452	6.12	520.3	10.63
326.0454			
326.0869	5.90	531.3	10.61
326.0870			
326.1286	5.83	548.9	10.61
326.1287			
326.1702	5.70	604.0	10.61
326.1704			
326.2119	5.57	684.7	10.61
326.2120			
326.2536	5.90	728.9	10.61
326.2537			
326.2952	6.03	725.7	10.61
326.2954			
326.3369	6.36	707.5	10.61
326.3370			
326.3786	6.34	625.8	10.62
326.3787			
326.4202	6.63	589.3	10.62
326.4204			
326.4619	6.89	596.3	10.63
326.4620			
326.5036	6.78	580.7	10.63
326.5037			
326.5452	5.99	578.0	10.62
326.5454			
326.5869	5.97	601.9	10.62
326.5870			
326.6286	5.83	640.8	10.61
326.6287			
326.6702	5.97	703.4	10.62
326.6704			
326.7119	6.12	754.7	10.62
326.7120			
326.7536	6.67	739.9	10.62
326.7537			
326.7952	6.85	720.7	10.62
326.7954			
326.8369	7.18	698.0	10.63
326.8370			
326.8786	7.34	563.7	10.63
326.8787			
326.9202	7.36	532.9	10.63
326.9204			
326.9619	7.58	533.8	10.63
326.9620			
327.0036	7.47	536.6	10.63
327.0037			
327.0452	7.18	528.5	10.62
327.0454			
327.0869	6.98	544.1	10.62
327.0870			
327.1286	6.81	592.6	10.62
327.1287			
327.1702	6.70	715.5	10.63
327.1704			
327.2119	6.67	759.4	10.63
327.2120			
327.2536	6.89	808.7	10.62
327.2537			
327.2952	7.07	732.0	10.63
327.2954			
327.3369	7.07	684.4	10.63
327.3370			
327.3786	6.96	625.0	10.63
327.3787			
327.4202	7.01	606.5	10.62
327.4204			
327.4619	7.14	588.0	10.63
327.4620			
327.5036	7.40	580.0	10.63
327.5037			
327.5452	7.12	581.2	10.62
327.5454			
327.5869	6.92	585.0	10.62
327.5870			
327.6286	6.83	635.9	10.60
327.6287			
327.6702	6.96	732.5	10.62
327.6704			
327.7119	7.27	850.1	10.62
327.7120			
327.7536	7.32	904.8	10.60
327.7537			
327.7952	7.25	914.6	10.60
327.7954			
327.8369	7.25	900.9	10.61
327.8370			
327.8786	7.45	777.6	10.61
327.8787			
327.9202	7.49	621.3	10.61
327.9204			
327.9619	7.49	573.3	10.62
327.9620			
328.0036	7.58	576.3	10.62
328.0037			
328.0452	7.49	555.3	10.62
328.0454			
328.0869	7.34	573.9	10.61
328.0870			
328.1286	7.27	621.2	10.61
328.1287			
328.1702	7.12	689.7	10.62
328.1704			
328.2119	7.07	837.4	10.62
328.2120			
328.2536	7.14	930.1	10.61
328.2537			
328.2952	7.23	930.8	10.62
328.2954			
328.3369	7.40	890.8	10.62
328.3370			
328.3786	7.49	785.0	10.61
328.3787			
328.4202	7.12	664.7	10.61
328.4204			
328.4619	7.20	582.5	10.61
328.4620			
328.5036	7.56	576.3	10.62
328.5037			
328.5452	7.49	595.4	10.62
328.5454			
328.5869	7.23	577.7	10.61
328.5870			
328.6286	7.05	594.5	10.61
328.6287			
328.6702	6.94	633.6	10.61
328.6704			
328.7119	7.07	701.9	10.61
328.7120			
328.7536	7.29	762.7	10.61
328.7537			
328.7952	7.40	818.6	10.62
328.7954			
328.8369	7.34	833.7	10.62
328.8370			
328.8786	7.32	800.8	10.61
328.8787			
328.9202	7.74	692.0	10.61
328.9204			
328.9619	7.76	562.0	10.61
328.9620			
329.0036	7.82	549.8	10.62
329.0037			
329.0452	7.87	550.5	10.62
329.0454			
329.0869	7.74	540.6	10.62
329.0870			
329.1286	7.58	554.2	10.61
329.1287			
329.1702	7.32	593.3	10.61
329.1704			
329.2119	7.09	688.3	10.61
329.2120			
329.2536	7.03	818.0	10.61
329.2537			
329.2952	7.18	922.3	10.61
329.2954			
329.3369	7.40	812.8	10.61
329.3370			
329.3786	7.47	723.2	10.61
329.3787			
329.4202	7.51	671.3	10.61
329.4204			
329.4624	7.67		9.95
329.4632			
329.5036	7.76	601.8	10.61
329.5037			
329.5452	7.89	583.5	10.61
329.5454			
329.5869	7.91	585.6	10.61
329.5870			
329.6286	7.85	580.3	10.60
329.6287			
329.6702	7.78	618.9	10.59
329.6704			
329.7119	7.76	692.0	10.59
329.7120			
329.7536	7.76	756.4	10.60
329.7537			
329.7952	7.82	804.8	10.60
329.7954			
329.8369	7.85	830.9	10.60
329.8370			
329.8786	7.87	830.6	10.61
329.8787			
329.9202	7.94	894.9	10.61
329.9204			
329.9619	7.91	832.5	10.60
329.9620			
330.0036	7.98	727.6	10.60
330.0037			
330.0452	8.02	627.9	10.60
330.0454			
330.0869	8.02	630.7	10.60
330.0870			
330.1286	7.85	619.3	10.61
330.1287			
330.1702	7.65	646.3	10.60
330.1704			
330.2119	7.43	713.3	10.60
330.2120			
330.2536	7.16	862.1	10.59
330.2537			
330.2952	7.07	1042.8	10.59
330.2954			
330.3369	7.14	1186.0	10.59
330.3370			
330.3786	7.16	1232.7	10.59
330.3787			
330.4202	7.36	1092.0	10.59
330.4204			
330.4619	7.27	917.0	10.59
330.4620			
330.5036	6.78	809.4	10.59
330.5037			
330.5452	7.05	720.9	10.58
330.5454			
330.5869	7.29	653.8	10.58
330.5870			
330.6286	7.38	618.2	10.59
330.6287			
330.6702	7.27	600.1	10.58
330.6704			
330.7119	7.20	627.5	10.57
330.7120			
330.7536	7.25	669.4	10.58
330.7537			
330.7952	7.36	713.2	10.58
330.7954			
330.8369	7.45	777.3	10.59
330.8370			
330.8786	7.38	768.2	10.59
330.8787			
330.9202	7.40	796.5	10.59
330.9204			
330.9619	7.40	777.5	10.59
330.9620			
331.0036	7.43	682.5	10.58
331.0037			
331.0452	7.47	612.1	10.58
331.0454			
331.0869	7.65	597.7	10.58
331.0870			
331.1286	7.69	582.2	10.58
331.1287			
331.1702	7.54	576.8	10.58
331.1704			
331.2119	7.29	592.3	10.58
331.2120			
331.2536	7.03	645.0	10.57
331.2537			
331.2952	6.85	751.3	10.57
331.2954			
331.3369	6.89	858.2	10.58
331.3370			
331.3786	6.96	919.7	10.57
331.3787			
331.4202	7.29	841.7	10.58
331.4204			
331.4619	7.32	753.5	10.58
331.4620			
331.5036	7.40	717.6	10.58
331.5037			
331.5452	7.20	663.9	10.57
331.5454			
331.5869	7.58	601.1	10.58
331.5870			
331.6286	7.74	595.7	10.58
331.6287			
331.6702	7.74	588.0	10.58
331.6704			
331.7119	7.76	578.8	10.57
331.7120			
331.7536	7.76	579.8	10.57
331.7537			
331.7952	7.85	595.4	10.58
331.7954			
331.8369	7.89	628.8	10.58
331.8370			
331.8786	7.91	640.9	10.59
331.8787			
331.9202	7.91	671.1	10.58
331.9204			
331.9619	7.89	672.9	10.59
331.9620			
332.0036	7.89	636.9	10.58
332.0037			
332.0452	8.16	608.1	10.58
332.0454			
332.0869	8.29	584.2	10.58
332.0870			
332.1286	8.25	568.3	10.58
332.1287			
332.1702	8.29	582.4	10.58
332.1704			
332.2119	8.29	588.2	10.58
332.2120			
332.2536	8.47	582.5	10.54
332.2537			
332.2952	8.56	700.1	10.54
332.2954			
332.3369	8.56	814.4	10.55
332.3370			
332.3786	8.53	902.4	10.56
332.3787			
332.4202	8.53	894.1	10.56
332.4204			
332.4619	8.53	875.7	10.57
332.4620			
332.5036	8.42	840.4	10.56
332.5037			
332.5452	8.47	848.6	10.56
332.5454			
332.5869	8.49	760.3	10.56
332.5870			
332.6286	8.47	683.3	10.55
332.6287			
332.6702	8.47	641.2	10.55
332.6704			
332.7119	8.58	617.0	10.55
332.7120			
332.7536	8.76	623.1	10.55
332.7537			
332.7952	8.98	656.5	10.56
332.7954			
332.8369	9.16	701.2	10.57
332.8370			
332.8786	9.16	756.6	10.57
332.8787			
332.9202	9.11	808.5	10.57
332.9204			
332.9619	9.16	857.5	10.57
332.9620			
333.0041	9.13		9.89
333.0048			
333.0452	9.16	904.5	10.57
333.0454			
333.0869	8.98	879.0	10.56
333.0870			
333.1286	8.29	753.8	10.55
333.1287			
333.1702	8.29	637.6	10.54
333.1704			
333.2119	8.31	625.2	10.54
333.2120			
333.2536	8.22	612.9	10.54
333.2537			
333.2952	8.02	643.5	10.52
333.2954			
333.3369	7.78	734.8	10.52
333.3370			
333.3786	7.54	850.8	10.52
333.3787			
333.4202	7.47	991.7	10.52
333.4204			
333.4619	7.69	1024.9	10.52
333.4620			
333.5036	7.87	1028.3	10.52
333.5037			
333.5452	7.87	938.5	10.52
333.5454			
333.5869	7.71	846.3	10.52
333.5870			
333.6286	7.40	716.5	10.52
333.6287			
333.6702	7.65	686.2	10.52
333.6704			
333.7119	7.80	626.0	10.52
333.7120			
333.7536	7.85	598.9	10.52
333.7537			
333.7952	7.94	598.0	10.52
333.7954			
333.8369	7.98	620.8	10.51
333.8370			
333.8786	7.98	657.7	10.52
333.8787			
333.9202	7.98	664.8	10.52
333.9204			
333.9619	8.02	706.4	10.53
333.9620			
334.0036	8.00	733.3	10.52
334.0037			
334.0452	8.05	734.3	10.53
334.0454			
334.0869	8.00	722.6	10.52
334.0870			
334.1286	7.94	651.9	10.52
334.1287			
334.1702	7.91	604.4	10.52
334.1704			
334.2119	7.96	591.0	10.52
334.2120			
334.2536	7.91	585.4	10.52
334.2537			
334.2952	7.71	588.0	10.52
334.2954			
334.3369	7.58	615.3	10.52
334.3370			
334.3786	7.12	653.8	10.51
334.3787			
334.4202	7.23	758.5	10.51
334.4204			
334.4619	7.32	791.2	10.51
334.4620			
334.5036	7.56	788.2	10.51
334.5037			
334.5452	7.71	728.9	10.51
334.5454			
334.5869	7.78	720.2	10.52
334.5870			
334.6286	7.78	705.3	10.52
334.6287			
334.6702	7.87	662.3	10.52
334.6704			
334.7119	8.07	636.3	10.51
334.7120			
334.7536	8.16	592.9	10.52
334.7537			
334.7952	8.25	594.1	10.52
334.7954			
334.8369	8.40	576.3	10.51
334.8370			
334.8786	8.53	592.6	10.52
334.8787			
334.9202	8.73	603.6	10.52
334.9204			
334.9619	8.89	638.5	10.52
334.9620			
335.0036	8.67	664.3	10.53
335.0037			
335.0452	8.67	655.2	10.53
335.0454			
335.0869	8.60	661.1	10.53
335.0870			
335.1286	9.05	655.4	10.52
335.1287			
335.1702	9.27	708.7	10.53
335.1704			
335.2119	9.05	772.1	10.53
335.2120			
335.2536	8.65	705.6	10.53
335.2537			
335.2952	8.40	663.4	10.52
335.2954			
335.3369	8.56	640.3	10.53
335.3370			
335.3786	8.51	657.8	10.52
335.3787			
335.4202	8.42	715.7	10.52
335.4204			
335.4619	8.29	796.3	10.52
335.4620			
335.5036	7.96	979.3	10.52
335.5037			
335.5452	8.07	1123.9	10.52
335.5454			
335.5869	8.13	1052.5	10.51
335.5870			
335.6286	8.07	909.0	10.51
335.6287			
335.6702	8.07	935.9	10.51
335.6704			
335.7119	7.85	765.5	10.49
335.7120			
335.7536	7.85	670.0	10.48
335.7537			
335.7952	7.78	632.6	10.48
335.7954			