Year Day	Temperature C	SalinityConst	pHConstSal	Battery Voltage	DateStr	TimeStr	Type Name	Fractional Hour Of Day	StartTherm (Raw)	434Ref (Raw)	434Sig (Raw)	578Ref (Raw)	578Sig (Raw)	Salinity (Raw)
220.625	23.19	35	7.8263	10.8	8/8/2019	15:00:00	pH(vb+) 	15	1559	1807.61	881.09	1669.74	825.39	0
220.6667	23.65	35	7.7761	10.81	8/8/2019	15:59:59	pH(vb+) 	15.9997	1541	1807	873.57	1670.3	843.7	0
220.7083	24.5	35	7.8447	10.82	8/8/2019	16:59:59	pH(vb+) 	16.9997	1509	1803.74	884.65	1666.78	811.52	0
220.75	25.6	35	7.9054	10.83	8/8/2019	17:59:59	pH(vb+) 	17.9997	1468	1793.04	898.3	1657.96	786.96	0
220.7917	26.43	35	7.8768	10.84	8/8/2019	18:59:59	pH(vb+) 	18.9997	1438	1786.43	885.09	1650.91	781.09	0
220.8333	26.53	35	7.8856	10.85	8/8/2019	19:59:59	pH(vb+) 	19.9997	1432	1779.7	884.65	1645.3	774.17	0
220.875	22.91	35	7.8775	10.84	8/8/2019	20:59:59	pH(vb+) 	20.9997	1573	1785.91	877.04	1653.3	787.61	0
220.9167	23.63	35	7.8936	10.83	8/8/2019	21:59:59	pH(vb+) 	21.9997	1569	1801.91	889.61	1667.52	791.09	0
220.9583	22.16	35	7.9687	10.82	8/8/2019	22:59:59	pH(vb+) 	22.9997	1604	1807.17	903.74	1672.87	777.74	0
221	22.23	35	7.9255	10.81	8/8/2019	23:59:59	pH(vb+) 	23.9997	1598	1812.78	900.35	1678.13	793.43	0
221.0417	23.47	35	7.8974	10.81	8/9/2019	0:59:59	pH(vb+) 	0.9997	1548	1807.04	896.04	1671.65	792.78	0
221.0833	23.27	35	7.9249	10.82	8/9/2019	1:59:59	pH(vb+) 	1.9997	1557	1807.04	900.3	1671.83	791.91	0
221.125	23.14	35	7.9545	10.82	8/9/2019	2:59:59	pH(vb+) 	2.9997	1562	1806.96	903.78	1671.35	782.83	0
221.1667	23.04	35	7.9394	10.81	8/9/2019	3:59:59	pH(vb+) 	3.9997	1567	1808	900.43	1672.26	785.04	0
221.2083	22.94	35	7.9923	10.81	8/9/2019	4:59:59	pH(vb+) 	4.9997	1570	1809.26	906.35	1674.09	763.78	0
221.25	22.84	35	7.9681	10.81	8/9/2019	5:59:59	pH(vb+) 	5.9997	1575	1810.3	906.87	1675.09	781.09	0
221.2917	22.64	35	7.9292	10.81	8/9/2019	6:59:59	pH(vb+) 	6.9997	1582	1811.39	895.52	1676.26	788	0
221.3333	22.46	35	7.9206	10.81	8/9/2019	7:59:59	pH(vb+) 	7.9997	1590	1813.78	894.78	1677.96	796.09	0
221.375	22.28	35	7.918	10.8	8/9/2019	8:59:59	pH(vb+) 	8.9997	1596	1816.91	897.3	1680.52	800.3	0
221.4167	20.47	35	7.7322	10.79	8/9/2019	9:59:59	pH(vb+) 	9.9997	1669	1821.91	877.74	1686.48	896.35	0
221.4583	20.72	35	7.7122	10.78	8/9/2019	10:59:59	pH(vb+) 	10.9997	1660	1828.48	873.87	1691.52	906.74	0
221.5	21.09	35	7.7093	10.78	8/9/2019	11:59:59	pH(vb+) 	11.9997	1644	1829.43	869.65	1691.78	902.26	0
221.5417	21.31	35	7.7086	10.78	8/9/2019	12:59:59	pH(vb+) 	12.9997	1635	1825.52	865.52	1689.13	896.96	0
221.5833	21.88	35	7.7981	10.79	8/9/2019	13:59:59	pH(vb+) 	13.9997	1611	1821.13	880.52	1685.09	857.83	0
221.625	23.09	35	7.8936	10.8	8/9/2019	14:59:59	pH(vb+) 	14.9997	1566	1813.04	893.39	1676.3	808.13	0
221.6667	23.99	35	7.9163	10.81	8/9/2019	15:59:59	pH(vb+) 	15.9997	1530	1803.43	899.7	1667.74	795.87	0
221.7083	24.63	35	7.94	10.82	8/9/2019	16:59:59	pH(vb+) 	16.9997	1504	1794.65	898.09	1659.7	766.61	0
221.75	25.89	35	7.9434	10.83	8/9/2019	17:59:59	pH(vb+) 	17.9997	1457	1784.65	900.96	1650.52	762.35	0
221.7917	26.56	35	7.8934	10.84	8/9/2019	18:59:59	pH(vb+) 	18.9997	1431	1776.26	889.39	1641.17	770.57	0
221.8333	27.1	35	7.9224	10.85	8/9/2019	19:59:59	pH(vb+) 	19.9997	1413	1772.61	892.7	1638.35	755.04	0
221.875	27.46	35	7.9176	10.85	8/9/2019	20:59:59	pH(vb+) 	20.9997	1398	1771.3	890.09	1637.65	755.3	0
221.9167	23.57	35	7.9502	10.84	8/9/2019	21:59:59	pH(vb+) 	21.9997	1547	1781.78	896.35	1648.61	774.43	0
221.9583	24.17	35	7.9899	10.83	8/9/2019	22:59:59	pH(vb+) 	22.9997	1523	1794.43	906.35	1660.17	759.65	0
222	23.12	35	7.9988	10.82	8/9/2019	23:59:59	pH(vb+) 	23.9997	1561	1797.22	906.61	1662.65	760.09	0
222.0417	24.27	35	7.9486	10.81	8/10/2019	0:59:59	pH(vb+) 	0.9997	1518	1801.43	903.65	1666	782.39	0
222.0833	24.11	35	7.9247	10.82	8/10/2019	1:59:59	pH(vb+) 	1.9997	1524	1798.61	900.74	1664.52	791.91	0
222.125	23.93	35	7.9403	10.81	8/10/2019	2:59:59	pH(vb+) 	2.9997	1531	1799.17	902.83	1664.22	785.87	0
222.1667	23.63	35	7.9257	10.81	8/10/2019	3:59:59	pH(vb+) 	3.9997	1542	1800.87	899.48	1666.61	792.87	0
222.2083	23.47	35	7.9907	10.81	8/10/2019	4:59:59	pH(vb+) 	4.9997	1549	1804.57	911.96	1669.13	776.96	0
222.25	23.34	35	7.9996	10.8	8/10/2019	5:59:59	pH(vb+) 	5.9997	1554	1805.57	915.83	1670.91	773.35	0
222.2917	23.12	35	7.9284	10.81	8/10/2019	6:59:59	pH(vb+) 	6.9997	1564	1807.65	904.87	1672.22	800.04	0
222.3333	22.81	35	7.9357	10.8	8/10/2019	7:59:59	pH(vb+) 	7.9997	1575	1809.65	901.35	1674.35	795.22	0
222.375	22.56	35	7.9109	10.8	8/10/2019	8:59:59	pH(vb+) 	8.9997	1585	1812.52	896.3	1677.91	807	0
222.4167	22.28	35	7.8536	10.8	8/10/2019	9:59:59	pH(vb+) 	9.9997	1596	1815.39	885.78	1679.61	824.83	0
222.4583	20.43	35	7.7773	10.78	8/10/2019	10:59:59	pH(vb+) 	10.9997	1672	1820.22	876.3	1684.43	876.87	0
222.5	20.6	35	7.7367	10.77	8/10/2019	11:59:59	pH(vb+) 	11.9997	1665	1828.17	874	1691.87	895.35	0
222.5417	21.21	35	7.725	10.77	8/10/2019	12:59:59	pH(vb+) 	12.9997	1640	1827.78	873.04	1690.78	896.22	0
222.5833	21.53	35	7.7275	10.77	8/10/2019	13:59:59	pH(vb+) 	13.9997	1627	1824.61	869.39	1688.43	888.39	0
222.625	22.48	35	7.7755	10.78	8/10/2019	14:59:59	pH(vb+) 	14.9997	1590	1818.74	869.57	1682.43	856.65	0
222.6667	23.12	35	7.7929	10.78	8/10/2019	15:59:59	pH(vb+) 	15.9997	1564	1813.74	876.78	1677.39	850.7	0
222.7083	24.06	35	7.8345	10.79	8/10/2019	16:59:59	pH(vb+) 	16.9997	1526	1807	880.26	1671.61	824.48	0
222.75	24.53	35	7.8728	10.8	8/10/2019	17:59:59	pH(vb+) 	17.9997	1509	1799.43	887.39	1663.96	803.13	0
222.7917	24.79	35	7.9353	10.81	8/10/2019	18:59:59	pH(vb+) 	18.9997	1499	1794.83	895.87	1660.74	779.96	0
222.8333	24.71	35	7.8477	10.81	8/10/2019	19:59:59	pH(vb+) 	19.9997	1502	1793.61	876.26	1658.83	803.74	0
222.875	24.81	35	7.8398	10.81	8/10/2019	20:59:59	pH(vb+) 	20.9997	1497	1792.13	873.7	1657.65	807.26	0
222.9167	24.63	35	7.8799	10.81	8/10/2019	21:59:59	pH(vb+) 	21.9997	1504	1793	875.87	1658.09	790.7	0
222.9583	22.48	35	7.9233	10.8	8/10/2019	22:59:59	pH(vb+) 	22.9997	1589	1799.17	883	1665.7	790.96	0
223	23.07	35	8.0124	10.79	8/10/2019	23:59:59	pH(vb+) 	23.9997	1568	1806.61	907.61	1671.83	773.78	0
223.0417	22.66	35	7.9783	10.79	8/11/2019	0:59:59	pH(vb+) 	0.9997	1575	1810.35	900.04	1675.48	779.48	0
223.0833	22.94	35	7.9105	10.78	8/11/2019	1:59:59	pH(vb+) 	1.9997	1570	1810.3	889.87	1674.83	799.74	0
223.125	22.76	35	7.8922	10.78	8/11/2019	2:59:59	pH(vb+) 	2.9997	1577	1810.39	881.48	1674.91	799.91	0
223.1667	22.58	35	7.9343	10.78	8/11/2019	3:59:59	pH(vb+) 	3.9997	1584	1811.83	891.26	1676.17	795.78	0
223.2083	22.43	35	7.9468	10.78	8/11/2019	4:59:59	pH(vb+) 	4.9997	1590	1813.04	894.91	1676.91	794.22	0
223.25	22.08	35	7.9361	10.78	8/11/2019	5:59:59	pH(vb+) 	5.9997	1603	1815.22	890.09	1680.09	794.04	0
223.2917	21.81	35	7.9487	10.77	8/11/2019	6:59:59	pH(vb+) 	6.9997	1616	1817.87	898.7	1682	801.7	0
223.3333	21.48	35	7.8894	10.77	8/11/2019	7:59:59	pH(vb+) 	7.9997	1628	1820.48	888.3	1684.3	823.04	0
223.375	21.24	35	7.8841	10.76	8/11/2019	8:59:59	pH(vb+) 	8.9997	1638	1823.35	888.61	1686.65	829.43	0
223.4167	20.89	35	7.8751	10.76	8/11/2019	9:59:59	pH(vb+) 	9.9997	1653	1826.96	885.74	1690.26	835.39	0
223.4583	20.65	35	7.8353	10.76	8/11/2019	10:59:59	pH(vb+) 	10.9997	1662	1830.22	878.52	1692.26	849.87	0
223.5	19.89	35	7.8126	10.75	8/11/2019	11:59:59	pH(vb+) 	11.9997	1673	1829.13	868.65	1692.87	863.35	0
223.5417	19.62	35	7.7794	10.74	8/11/2019	12:59:59	pH(vb+) 	12.9997	1703	1836.96	863.87	1698.96	879.87	0
223.5833	20.38	35	7.7609	10.74	8/11/2019	13:59:59	pH(vb+) 	13.9997	1673	1837.09	861	1698.83	881.13	0
223.625	21.04	35	7.7811	10.74	8/11/2019	14:59:59	pH(vb+) 	14.9997	1646	1831.09	862.13	1692.74	867.39	0
223.6667	21.96	35	7.9071	10.75	8/11/2019	15:59:59	pH(vb+) 	15.9997	1610	1826.22	885.7	1688.57	812.7	0
223.7083	22.94	35	7.9555	10.76	8/11/2019	16:59:59	pH(vb+) 	16.9997	1572	1815.78	887.96	1678.52	780.83	0
223.75	23.86	35	7.9324	10.77	8/11/2019	17:59:59	pH(vb+) 	17.9997	1535	1804.39	879.3	1668.7	775.39	0
223.7917	24.79	35	7.9028	10.79	8/11/2019	18:59:59	pH(vb+) 	18.9997	1498	1795.09	875.83	1659.09	774.83	0
223.8333	25.15	35	7.9183	10.8	8/11/2019	19:59:59	pH(vb+) 	19.9997	1484	1788.57	874.3	1654.13	766.65	0
223.875	25.66	35	7.9801	10.8	8/11/2019	20:59:59	pH(vb+) 	20.9997	1464	1784.04	884.65	1649.61	746.17	0
223.9167	25.95	35	7.9377	10.8	8/11/2019	21:59:59	pH(vb+) 	21.9997	1455	1781.83	874.43	1647.83	751	0
223.9583	25.42	35	7.907	10.8	8/11/2019	22:59:59	pH(vb+) 	22.9997	1475	1785.96	873.48	1652.26	769.04	0
224	22.33	35	7.9516	10.79	8/11/2019	23:59:59	pH(vb+) 	23.9997	1594	1793.61	876.57	1658.96	775	0
224.0417	22.94	35	8.0164	10.78	8/12/2019	0:59:59	pH(vb+) 	0.9997	1571	1806.96	894.78	1670.43	764.91	0
224.0833	22.99	35	8.0149	10.77	8/12/2019	1:59:59	pH(vb+) 	1.9997	1567	1808.74	892.39	1673.35	762.87	0
224.125	22.89	35	7.9548	10.77	8/12/2019	2:59:59	pH(vb+) 	2.9997	1572	1808.52	885.17	1673.48	777.04	0
224.1667	22.74	35	7.8919	10.77	8/12/2019	3:59:59	pH(vb+) 	3.9997	1579	1810.13	870.7	1674.7	793.43	0
224.2083	22.53	35	8.03	10.76	8/12/2019	4:59:59	pH(vb+) 	4.9997	1587	1811.61	890.26	1676.43	751.3	0
224.25	22.36	35	8.052	10.76	8/12/2019	5:59:59	pH(vb+) 	5.9997	1594	1813.65	895.48	1677.83	739.52	0
224.2917	22.16	35	8.0425	10.76	8/12/2019	6:59:59	pH(vb+) 	6.9997	1601	1815.22	891.09	1678.57	742.65	0
224.3333	22.01	35	8.0071	10.75	8/12/2019	7:59:59	pH(vb+) 	7.9997	1607	1817.61	888	1681.91	759.78	0
224.375	21.86	35	8.0192	10.75	8/12/2019	8:59:59	pH(vb+) 	8.9997	1613	1818.78	891.7	1681.83	759.87	0
224.4167	21.71	35	7.9964	10.75	8/12/2019	9:59:59	pH(vb+) 	9.9997	1619	1819.87	888.43	1683.22	766.52	0
224.4583	21.53	35	7.9562	10.75	8/12/2019	10:59:59	pH(vb+) 	10.9997	1626	1821.96	878.22	1685.35	781.91	0
224.5	21.44	35	7.9497	10.74	8/12/2019	11:59:59	pH(vb+) 	11.9997	1630	1820.3	875.91	1684.26	784.39	0
224.5417	21.66	35	7.919	10.74	8/12/2019	12:59:59	pH(vb+) 	12.9997	1621	1818.17	869.57	1681.87	788.35	0
224.5833	21.29	35	7.8459	10.74	8/12/2019	13:59:59	pH(vb+) 	13.9997	1637	1822.22	859.91	1685.35	824.61	0
224.625	22.48	35	7.7904	10.74	8/12/2019	14:59:59	pH(vb+) 	14.9997	1589	1821	853.57	1683.3	833.83	0
224.6667	23.01	35	7.8427	10.75	8/12/2019	15:59:59	pH(vb+) 	15.9997	1568	1814.09	856.52	1677	809.52	0
224.7083	23.86	35	7.8928	10.76	8/12/2019	16:59:59	pH(vb+) 	16.9997	1534	1807.96	865.39	1671.78	786.52	0
224.75	24.61	35	7.9438	10.77	8/12/2019	17:59:59	pH(vb+) 	17.9997	1505	1800.13	873.78	1664.87	764.52	0
224.7917	24.92	35	7.9393	10.77	8/12/2019	18:59:59	pH(vb+) 	18.9997	1494	1793.91	870.43	1659.3	761.65	0
224.8333	25.02	35	7.9247	10.77	8/12/2019	19:59:59	pH(vb+) 	19.9997	1489	1791.57	868.04	1656.48	763.35	0
224.875	25.23	35	7.9306	10.78	8/12/2019	20:59:59	pH(vb+) 	20.9997	1481	1789.78	865.04	1655.04	753.61	0
224.9167	25.15	35	7.9787	10.78	8/12/2019	21:59:59	pH(vb+) 	21.9997	1483	1788.35	870.87	1654.43	741.39	0
224.9583	24.97	35	8.0005	10.78	8/12/2019	22:59:59	pH(vb+) 	22.9997	1490	1790.26	874.52	1655.7	733.17	0
225	24.68	35	8.0134	10.78	8/12/2019	23:59:59	pH(vb+) 	23.9997	1502	1793.83	878.39	1659.3	732.61	0
225.0417	22.48	35	7.9737	10.76	8/13/2019	0:59:59	pH(vb+) 	0.9997	1588	1802.96	867.26	1668.09	758.17	0
225.0833	22.66	35	8.0016	10.75	8/13/2019	1:59:59	pH(vb+) 	1.9997	1584	1808.74	877.96	1673.91	756.96	0
225.125	22.11	35	7.9843	10.74	8/13/2019	2:59:59	pH(vb+) 	2.9997	1601	1812.3	871.48	1676.61	759.09	0
225.1667	22.61	35	7.9281	10.74	8/13/2019	3:59:59	pH(vb+) 	3.9997	1583	1813.87	867.17	1678	783.13	0
225.2083	22.48	35	7.9025	10.74	8/13/2019	4:59:59	pH(vb+) 	4.9997	1589	1813.26	862.26	1677.83	789.48	0
225.25	22.28	35	7.9295	10.74	8/13/2019	5:59:59	pH(vb+) 	5.9997	1596	1814.83	862.87	1678.78	776.91	0
225.2917	22.11	35	7.9454	10.74	8/13/2019	6:59:59	pH(vb+) 	6.9997	1603	1816.65	870.39	1679.91	779.22	0
225.3333	22.01	35	7.9451	10.74	8/13/2019	7:59:59	pH(vb+) 	7.9997	1608	1817.26	867.39	1681.39	776.17	0
225.375	21.93	35	7.924	10.73	8/13/2019	8:59:59	pH(vb+) 	8.9997	1610	1817.96	864.74	1681.57	785.61	0
225.4167	21.86	35	7.8907	10.73	8/13/2019	9:59:59	pH(vb+) 	9.9997	1613	1819.26	850.35	1682.48	780.04	0
225.4583	21.86	35	7.8915	10.73	8/13/2019	10:59:59	pH(vb+) 	10.9997	1614	1819.43	854.65	1683.13	788	0
225.5	21.96	35	7.8725	10.73	8/13/2019	11:59:59	pH(vb+) 	11.9997	1610	1818.83	848.78	1682.74	790.65	0
225.5417	22.31	35	7.795	10.73	8/13/2019	12:59:59	pH(vb+) 	12.9997	1595	1816.83	834.48	1680.17	814.17	0
225.5833	21.21	35	7.8252	10.73	8/13/2019	13:59:59	pH(vb+) 	13.9997	1639	1815.48	838.7	1679.61	811.22	0
225.625	21.44	35	7.8493	10.72	8/13/2019	14:59:59	pH(vb+) 	14.9997	1631	1822.39	848.65	1685.65	813.48	0
225.6667	22.23	35	7.8251	10.72	8/13/2019	15:59:59	pH(vb+) 	15.9997	1599	1819.3	844.61	1682.57	813.39	0
225.7083	22.21	35	7.8394	10.73	8/13/2019	16:59:59	pH(vb+) 	16.9997	1599	1816.43	839.26	1679.7	793	0
225.75	22.16	35	7.9493	10.73	8/13/2019	17:59:59	pH(vb+) 	17.9997	1602	1816.61	859.78	1680.13	766.35	0
225.7917	22.08	35	8.0235	10.73	8/13/2019	18:59:59	pH(vb+) 	18.9997	1604	1817.39	871.09	1680.91	746.3	0
225.8333	22.13	35	7.9642	10.73	8/13/2019	19:59:59	pH(vb+) 	19.9997	1602	1816.61	862.48	1680.57	763.87	0
225.875	22.13	35	8.03	10.72	8/13/2019	20:59:59	pH(vb+) 	20.9997	1602	1815.78	872.09	1680.39	744.09	0
225.9167	22.18	35	8.0083	10.72	8/13/2019	21:59:59	pH(vb+) 	21.9997	1600	1817.3	869.48	1681.09	748.43	0
225.9583	22.13	35	7.9952	10.72	8/13/2019	22:59:59	pH(vb+) 	22.9997	1602	1816.43	865.48	1680.57	751.39	0
226	22.23	35	7.9423	10.72	8/13/2019	23:59:59	pH(vb+) 	23.9997	1598	1817.52	857.83	1680.74	766.96	0
226.0417	22.16	35	7.9119	10.72	8/14/2019	0:59:59	pH(vb+) 	0.9997	1602	1817.78	847.61	1681.39	771.13	0
226.0833	20.77	35	7.9134	10.71	8/14/2019	1:59:59	pH(vb+) 	1.9997	1657	1824.87	847.26	1687.96	784.39	0
226.125	20.7	35	7.9251	10.7	8/14/2019	2:59:59	pH(vb+) 	2.9997	1660	1828.43	856.26	1690.87	792.87	0
226.1667	20.77	35	7.9649	10.7	8/14/2019	3:59:59	pH(vb+) 	3.9997	1660	1828.91	866.96	1692.09	783.17	0
226.2083	21.02	35	7.8873	10.7	8/14/2019	4:59:59	pH(vb+) 	4.9997	1646	1827.57	847.87	1690.43	796.74	0
226.25	21.19	35	7.8227	10.7	8/14/2019	5:59:59	pH(vb+) 	5.9997	1641	1827.13	843.09	1689.74	823.04	0
226.2917	21.16	35	7.9435	10.7	8/14/2019	6:59:59	pH(vb+) 	6.9997	1642	1826.35	857.09	1690	779.35	0
226.3333	21.14	35	7.9371	10.7	8/14/2019	7:59:59	pH(vb+) 	7.9997	1642	1826.52	857.78	1689.7	783.61	0
226.375	21.11	35	7.9458	10.7	8/14/2019	8:59:59	pH(vb+) 	8.9997	1644	1826.09	855.26	1689.74	772.91	0
226.4167	21.11	35	8.0086	10.7	8/14/2019	9:59:59	pH(vb+) 	9.9997	1644	1827.17	866	1690.83	758.52	0
226.4583	21.06	35	7.909	10.7	8/14/2019	10:59:59	pH(vb+) 	10.9997	1644	1826.65	847.83	1689.57	783.35	0
226.5	21.04	35	7.8764	10.7	8/14/2019	11:59:59	pH(vb+) 	11.9997	1646	1826.52	840.87	1689.48	793	0
226.5417	21.06	35	7.8601	10.69	8/14/2019	12:59:59	pH(vb+) 	12.9997	1645	1826.52	841.61	1689.35	797.3	0
226.5833	21.14	35	7.8741	10.69	8/14/2019	13:59:59	pH(vb+) 	13.9997	1642	1825.83	840.96	1688.65	798.09	0
226.625	20.43	35	7.8552	10.69	8/14/2019	14:59:59	pH(vb+) 	14.9997	1672	1828.61	841.74	1691.13	811.43	0
226.6667	20.74	35	7.8612	10.69	8/14/2019	15:59:59	pH(vb+) 	15.9997	1658	1832.43	844.74	1694.13	813.91	0
226.7083	21.29	35	7.8308	10.69	8/14/2019	16:59:59	pH(vb+) 	16.9997	1634	1828.87	830.39	1691.3	808.04	0
226.75	21.34	35	7.8463	10.69	8/14/2019	17:59:59	pH(vb+) 	17.9997	1635	1825.87	834.91	1688.52	804.3	0
226.7917	21.71	35	7.9541	10.69	8/14/2019	18:59:59	pH(vb+) 	18.9997	1620	1823	854.43	1686.04	767.96	0
226.8333	21.88	35	7.9934	10.7	8/14/2019	19:59:59	pH(vb+) 	19.9997	1612	1818.48	857.65	1682.13	745.3	0
226.875	21.83	35	7.9993	10.69	8/14/2019	20:59:59	pH(vb+) 	20.9997	1614	1818.78	858.22	1682.39	745.78	0
226.9167	21.83	35	8.0035	10.7	8/14/2019	21:59:59	pH(vb+) 	21.9997	1615	1819.3	860.35	1682.09	745.39	0
226.9583	21.73	35	8.0026	10.7	8/14/2019	22:59:59	pH(vb+) 	22.9997	1618	1820.61	860.91	1683.96	752.3	0
227	21.66	35	7.995	10.69	8/14/2019	23:59:59	pH(vb+) 	23.9997	1621	1820.57	855.52	1684.35	747.26	0
227.0417	21.58	35	7.9859	10.69	8/15/2019	0:59:59	pH(vb+) 	0.9997	1625	1821.91	854.87	1685.91	750.52	0
227.0833	20.7	35	7.9492	10.69	8/15/2019	1:59:59	pH(vb+) 	1.9997	1645	1823.96	848.43	1686.04	770.87	0
227.125	20.52	35	7.9722	10.68	8/15/2019	2:59:59	pH(vb+) 	2.9997	1667	1830.09	849.13	1691.17	767.7	0
227.1667	20.3	35	7.9625	10.68	8/15/2019	3:59:59	pH(vb+) 	3.9997	1678	1831.04	849.87	1693.65	773.61	0
227.2083	20.6	35	7.9467	10.67	8/15/2019	4:59:59	pH(vb+) 	4.9997	1664	1832.61	850.48	1694.83	780.26	0
227.25	20.55	35	7.8992	10.67	8/15/2019	5:59:59	pH(vb+) 	5.9997	1666	1831.57	837.83	1694.13	786.87	0
227.2917	20.52	35	7.8984	10.67	8/15/2019	6:59:59	pH(vb+) 	6.9997	1668	1832.22	842.3	1694.7	789.52	0
227.3333	20.52	35	7.9523	10.67	8/15/2019	7:59:59	pH(vb+) 	7.9997	1667	1832	851.7	1693.87	775.43	0
227.375	20.5	35	8.0028	10.66	8/15/2019	8:59:59	pH(vb+) 	8.9997	1668	1832.09	858.13	1694.22	760.13	0
227.4167	20.47	35	7.9479	10.67	8/15/2019	9:59:59	pH(vb+) 	9.9997	1669	1832.7	853.3	1694.13	777.91	0
227.4583	20.45	35	7.9224	10.66	8/15/2019	10:59:59	pH(vb+) 	10.9997	1670	1832.78	840.09	1694.26	777.26	0
227.5	20.43	35	7.9092	10.66	8/15/2019	11:59:59	pH(vb+) 	11.9997	1671	1832.91	839.87	1694.39	784.26	0
227.5417	20.57	35	7.8956	10.66	8/15/2019	12:59:59	pH(vb+) 	12.9997	1665	1831.39	837.78	1693.43	788.48	0
227.5833	21.39	35	7.8996	10.67	8/15/2019	13:59:59	pH(vb+) 	13.9997	1633	1826.26	836.3	1688.78	775.57	0
227.625	22.76	35	7.9232	10.68	8/15/2019	14:59:59	pH(vb+) 	14.9997	1577	1816.61	835.74	1680.04	761.7	0
227.6667	21.41	35	7.9265	10.68	8/15/2019	15:59:59	pH(vb+) 	15.9997	1632	1821.35	836.61	1684.78	768.3	0
227.7083	22.33	35	7.9265	10.68	8/15/2019	16:59:59	pH(vb+) 	16.9997	1591	1820.65	839.13	1682.78	764.22	0
227.75	23.34	35	7.9044	10.68	8/15/2019	17:59:59	pH(vb+) 	17.9997	1556	1814.74	836.43	1677.3	766	0
227.7917	24.22	35	7.9128	10.69	8/15/2019	18:59:59	pH(vb+) 	18.9997	1524	1802.78	829.7	1667.04	743.39	0
227.8333	24.53	35	7.9903	10.7	8/15/2019	19:59:59	pH(vb+) 	19.9997	1508	1792.78	844.87	1658.43	722.48	0
227.875	24.81	35	7.9905	10.71	8/15/2019	20:59:59	pH(vb+) 	20.9997	1497	1787.48	844.52	1653.3	716.04	0
227.9167	25.23	35	8.006	10.72	8/15/2019	21:59:59	pH(vb+) 	21.9997	1482	1787.09	845.83	1652.74	706.57	0
227.9583	24.95	35	8.0343	10.72	8/15/2019	22:59:59	pH(vb+) 	22.9997	1492	1788.48	849.39	1654.43	707.48	0
228	24.74	35	8.0289	10.72	8/15/2019	23:59:59	pH(vb+) 	23.9997	1500	1789.83	848.52	1656	703.83	0
228.0417	24.48	35	8.0004	10.71	8/16/2019	0:59:59	pH(vb+) 	0.9997	1510	1793.96	840.78	1659.13	710.52	0
228.0833	24.22	35	7.989	10.7	8/16/2019	1:59:59	pH(vb+) 	1.9997	1520	1797	839.78	1661.83	716.3	0
228.125	21.46	35	8.0907	10.69	8/16/2019	2:59:59	pH(vb+) 	2.9997	1629	1803.48	823.74	1668.57	754.61	0
228.1667	21.66	35	7.9754	10.68	8/16/2019	3:59:59	pH(vb+) 	3.9997	1620	1816.35	837.48	1680.74	734.87	0
228.2083	21.04	35	7.9764	10.67	8/16/2019	4:59:59	pH(vb+) 	4.9997	1646	1820.57	833.74	1684.7	736.22	0
228.25	21.81	35	7.9151	10.66	8/16/2019	5:59:59	pH(vb+) 	5.9997	1616	1821.43	826.57	1685.7	755.22	0
228.2917	21.71	35	7.8913	10.66	8/16/2019	6:59:59	pH(vb+) 	6.9997	1619	1820	825.57	1684	765.17	0
228.3333	21.63	35	7.8947	10.66	8/16/2019	7:59:59	pH(vb+) 	7.9997	1622	1820.65	825.87	1685.09	766.13	0
228.375	21.58	35	7.8838	10.66	8/16/2019	8:59:59	pH(vb+) 	8.9997	1625	1822.26	817.91	1686.04	761.74	0
228.4167	21.51	35	7.8746	10.66	8/16/2019	9:59:59	pH(vb+) 	9.9997	1628	1822.43	817.17	1686.22	769.3	0
228.4583	21.41	35	7.8506	10.66	8/16/2019	10:59:59	pH(vb+) 	10.9997	1631	1823.78	811.52	1686.96	774.83	0
228.5	21.41	35	7.8376	10.65	8/16/2019	11:59:59	pH(vb+) 	11.9997	1632	1822.7	811.26	1687.04	779.96	0
228.5417	21.58	35	7.8421	10.65	8/16/2019	12:59:59	pH(vb+) 	12.9997	1624	1821.52	811.26	1685.43	776.48	0
228.5833	22.31	35	7.8248	10.66	8/16/2019	13:59:59	pH(vb+) 	13.9997	1596	1815.57	806.65	1680.65	780.09	0
228.625	23.57	35	7.8328	10.67	8/16/2019	14:59:59	pH(vb+) 	14.9997	1545	1809.04	809.39	1673.48	767.04	0
228.6667	21.86	35	7.893	10.66	8/16/2019	15:59:59	pH(vb+) 	15.9997	1613	1806.7	815.87	1671.39	755.35	0
228.7083	22.13	35	7.9227	10.66	8/16/2019	16:59:59	pH(vb+) 	16.9997	1601	1815	855.43	1679.83	788.04	0
228.75	22.89	35	7.9266	10.66	8/16/2019	17:59:59	pH(vb+) 	17.9997	1572	1811.78	827.26	1675.52	745.52	0
228.7917	24.68	35	7.8738	10.67	8/16/2019	18:59:59	pH(vb+) 	18.9997	1498	1802.43	816.83	1666.52	746.83	0
228.8333	23.65	35	7.9247	10.68	8/16/2019	19:59:59	pH(vb+) 	19.9997	1542	1797.39	833.83	1663.17	746.39	0
228.875	24.11	35	7.9622	10.68	8/16/2019	20:59:59	pH(vb+) 	20.9997	1525	1798.96	827.48	1664.35	722.48	0
228.9167	24.32	35	7.9615	10.68	8/16/2019	21:59:59	pH(vb+) 	21.9997	1516	1796.96	827.22	1661.43	718.3	0
228.9583	24.35	35	7.9588	10.68	8/16/2019	22:59:59	pH(vb+) 	22.9997	1515	1795.52	828.48	1660.26	721.48	0
229	24.24	35	7.9497	10.68	8/16/2019	23:59:59	pH(vb+) 	23.9997	1519	1795.78	825.7	1662	725	0
229.0417	24.14	35	7.9179	10.68	8/17/2019	0:59:59	pH(vb+) 	0.9997	1523	1796.52	825.09	1662.35	729.04	0
229.0833	24.04	35	7.9052	10.68	8/17/2019	1:59:59	pH(vb+) 	1.9997	1527	1797.96	816.61	1662.83	734	0
229.125	23.88	35	7.8765	10.67	8/17/2019	2:59:59	pH(vb+) 	2.9997	1532	1801.22	821.17	1666.43	760.96	0
229.1667	21.19	35	7.9491	10.66	8/17/2019	3:59:59	pH(vb+) 	3.9997	1640	1811.74	822	1676.61	736.13	0
229.2083	21.34	35	7.9701	10.64	8/17/2019	4:59:59	pH(vb+) 	4.9997	1634	1819.43	838.26	1683.91	756.83	0
229.25	21.41	35	0	10.63	8/17/2019	5:59:59	pH(vb+) 	5.9997	1633	1822.61	789.39	1687	710.7	0
229.2917	21.63	35	7.9222	10.63	8/17/2019	6:59:59	pH(vb+) 	6.9997	1622	1821.43	824.39	1685.09	757.35	0
229.3333	21.78	35	7.8877	10.63	8/17/2019	7:59:59	pH(vb+) 	7.9997	1616	1820.52	819.13	1684.17	766.91	0
229.375	21.63	35	7.8802	10.64	8/17/2019	8:59:59	pH(vb+) 	8.9997	1622	1820.78	820.78	1684.87	768.04	0
229.4167	21.61	35	7.8587	10.63	8/17/2019	9:59:59	pH(vb+) 	9.9997	1623	1821.13	811.22	1684.96	770.04	0
229.4583	21.56	35	7.8499	10.63	8/17/2019	10:59:59	pH(vb+) 	10.9997	1625	1821.43	809.74	1685.57	776.04	0
229.5	21.53	35	7.847	10.63	8/17/2019	11:59:59	pH(vb+) 	11.9997	1626	1821.09	808.7	1685.39	775.7	0
229.5417	21.58	35	7.8229	10.63	8/17/2019	12:59:59	pH(vb+) 	12.9997	1624	1821.52	806.83	1685.04	784.17	0
229.5833	21.86	35	7.8322	10.63	8/17/2019	13:59:59	pH(vb+) 	13.9997	1613	1819.43	804.83	1684	776.13	0
229.625	22.38	35	7.8303	10.63	8/17/2019	14:59:59	pH(vb+) 	14.9997	1592	1816.09	802.13	1679.83	773.57	0
229.6667	22.96	35	7.8356	10.64	8/17/2019	15:59:59	pH(vb+) 	15.9997	1570	1813.13	800.65	1677	765.57	0
229.7083	20.89	35	7.9667	10.62	8/17/2019	16:59:59	pH(vb+) 	16.9997	1651	1818.7	819.39	1683.22	730.3	0
229.75	21.46	35	7.9885	10.62	8/17/2019	17:59:59	pH(vb+) 	17.9997	1629	1823.35	827.13	1687.3	727.91	0
229.7917	21.86	35	7.9854	10.62	8/17/2019	18:59:59	pH(vb+) 	18.9997	1612	1820.04	820.83	1684.09	712.91	0
229.8333	22.79	35	7.9757	10.63	8/17/2019	19:59:59	pH(vb+) 	19.9997	1570	1806.96	815.7	1670.83	708.78	0
229.875	22.91	35	8.004	10.63	8/17/2019	20:59:59	pH(vb+) 	20.9997	1571	1805.78	826	1670.7	711.04	0
229.9167	23.09	35	7.9939	10.63	8/17/2019	21:59:59	pH(vb+) 	21.9997	1564	1806.3	819.7	1670.65	701.65	0
229.9583	23.32	35	7.981	10.63	8/17/2019	22:59:59	pH(vb+) 	22.9997	1556	1806.78	819.7	1670.65	705.04	0
230	23.5	35	7.992	10.63	8/17/2019	23:59:59	pH(vb+) 	23.9997	1549	1804.26	820.52	1667.78	705.22	0
230.0417	23.45	35	7.9582	10.64	8/18/2019	0:59:59	pH(vb+) 	0.9997	1550	1804.65	818	1668.26	717.04	0
230.0833	23.4	35	7.9356	10.64	8/18/2019	1:59:59	pH(vb+) 	1.9997	1553	1803.83	812.17	1668.7	721.35	0
230.125	23.29	35	7.9168	10.64	8/18/2019	2:59:59	pH(vb+) 	2.9997	1556	1805.35	809.04	1669.83	729.74	0
230.1667	23.19	35	7.9093	10.63	8/18/2019	3:59:59	pH(vb+) 	3.9997	1560	1807.22	806.91	1671.57	731.91	0
230.2083	20.7	35	7.9765	10.61	8/18/2019	4:59:59	pH(vb+) 	4.9997	1661	1822.09	817.3	1686.26	727.83	0
230.25	20.38	35	7.972	10.6	8/18/2019	5:59:59	pH(vb+) 	5.9997	1670	1825.35	818.7	1689.52	736.17	0
230.2917	20.92	35	7.9301	10.59	8/18/2019	6:59:59	pH(vb+) 	6.9997	1652	1827.78	810.26	1691.26	739.48	0
230.3333	21.68	35	7.9039	10.59	8/18/2019	7:59:59	pH(vb+) 	7.9997	1644	1824.65	807.48	1688.04	747.74	0
230.375	21.16	35	7.9373	10.6	8/18/2019	8:59:59	pH(vb+) 	8.9997	1641	1821.61	807.39	1684.48	733.74	0
230.4167	21.24	35	7.9441	10.59	8/18/2019	9:59:59	pH(vb+) 	9.9997	1638	1822.74	807.35	1686.13	732.74	0
230.4583	21.39	35	7.9347	10.6	8/18/2019	10:59:59	pH(vb+) 	10.9997	1632	1821.17	805.17	1685.04	734.74	0
230.5	21.41	35	7.9215	10.6	8/18/2019	11:59:59	pH(vb+) 	11.9997	1631	1821.57	801.43	1685.13	735.96	0
230.5417	21.66	35	7.899	10.6	8/18/2019	12:59:59	pH(vb+) 	12.9997	1622	1819.7	798.48	1682.48	742.78	0
230.5833	21.91	35	7.9082	10.6	8/18/2019	13:59:59	pH(vb+) 	13.9997	1612	1816.09	795.3	1679.57	735.35	0
230.625	22.74	35	7.8852	10.61	8/18/2019	14:59:59	pH(vb+) 	14.9997	1579	1810.22	790.3	1674.13	729.61	0
230.6667	23.63	35	7.8918	10.62	8/18/2019	15:59:59	pH(vb+) 	15.9997	1543	1803.17	789.48	1666.35	719.74	0
230.7083	22.81	35	7.9087	10.63	8/18/2019	16:59:59	pH(vb+) 	16.9997	1567	1791.83	794.48	1656.91	719.3	0
230.75	22.96	35	7.9642	10.62	8/18/2019	17:59:59	pH(vb+) 	17.9997	1568	1805.43	805.13	1669.09	709.39	0
230.7917	23.17	35	7.9682	10.62	8/18/2019	18:59:59	pH(vb+) 	18.9997	1561	1806.22	798.52	1670.91	690.57	0
230.8333	23.68	35	7.9557	10.62	8/18/2019	19:59:59	pH(vb+) 	19.9997	1537	1801.61	806.17	1665.83	711.17	0
230.875	24.37	35	7.9529	10.62	8/18/2019	20:59:59	pH(vb+) 	20.9997	1515	1796.13	804.78	1660.74	706.96	0
230.9167	24.19	35	7.956	10.63	8/18/2019	21:59:59	pH(vb+) 	21.9997	1522	1795.17	806.65	1660.7	702.22	0
230.9583	24.5	35	7.9347	10.63	8/18/2019	22:59:59	pH(vb+) 	22.9997	1509	1794.04	803.26	1658.65	704.48	0
231	24.42	35	7.9205	10.63	8/18/2019	23:59:59	pH(vb+) 	23.9997	1512	1794.61	798.91	1659	708.39	0
231.0417	24.45	35	7.9168	10.62	8/19/2019	0:59:59	pH(vb+) 	0.9997	1510	1794	796.3	1658.91	709.74	0
231.0833	24.48	35	7.8851	10.62	8/19/2019	1:59:59	pH(vb+) 	1.9997	1510	1794.43	794.39	1660.09	719.17	0
231.125	24.45	35	7.8846	10.62	8/19/2019	2:59:59	pH(vb+) 	2.9997	1511	1794.09	792.09	1659	715.61	0
231.1667	24.4	35	7.873	10.62	8/19/2019	3:59:59	pH(vb+) 	3.9997	1513	1793.78	788.96	1659.57	723.83	0
231.2083	21.71	35	7.8969	10.62	8/19/2019	4:59:59	pH(vb+) 	4.9997	1620	1796.09	785.35	1661.7	722.74	0
231.25	21.86	35	7.9133	10.59	8/19/2019	5:59:59	pH(vb+) 	5.9997	1614	1812.78	792.48	1678.35	726.17	0
231.2917	21.83	35	7.8994	10.58	8/19/2019	6:59:59	pH(vb+) 	6.9997	1615	1815.52	801.61	1680.35	749.13	0
231.3333	22.18	35	7.8531	10.58	8/19/2019	7:59:59	pH(vb+) 	7.9997	1601	1816.83	789.74	1680.7	751.61	0
231.375	22.58	35	7.8139	10.59	8/19/2019	8:59:59	pH(vb+) 	8.9997	1582	1809.87	779.96	1674.3	748.43	0
231.4167	22.86	35	7.8395	10.59	8/19/2019	9:59:59	pH(vb+) 	9.9997	1573	1810.52	784.87	1675.09	747.26	0
231.4583	22.96	35	7.8539	10.59	8/19/2019	10:59:59	pH(vb+) 	10.9997	1570	1809.48	786.65	1674	742.35	0
231.5	23.09	35	7.8011	10.59	8/19/2019	11:59:59	pH(vb+) 	11.9997	1564	1808.04	780.74	1672.22	755.39	0
231.5417	23.37	35	7.7823	10.59	8/19/2019	12:59:59	pH(vb+) 	12.9997	1555	1804.65	775.57	1669.22	757.17	0
231.5833	24.04	35	7.7668	10.6	8/19/2019	13:59:59	pH(vb+) 	13.9997	1528	1800.91	774.91	1666.09	760.61	0
231.625	24.87	35	7.7598	10.6	8/19/2019	14:59:59	pH(vb+) 	14.9997	1497	1796	779.91	1661.35	759.74	0
231.6667	26.32	35	7.7558	10.61	8/19/2019	15:59:59	pH(vb+) 	15.9997	1440	1787.09	775.3	1652	745.48	0
231.7083	26.8	35	7.7655	10.62	8/19/2019	16:59:59	pH(vb+) 	16.9997	1423	1777.52	775.22	1643.78	739.09	0
231.75	23.14	35	7.8919	10.61	8/19/2019	17:59:59	pH(vb+) 	17.9997	1563	1787.57	780.39	1654.57	712.87	0
231.7917	23.93	35	7.91	10.6	8/19/2019	18:59:59	pH(vb+) 	18.9997	1538	1794.78	796.78	1660.3	722.78	0
231.8333	24.32	35	7.9162	10.59	8/19/2019	19:59:59	pH(vb+) 	19.9997	1516	1796.04	791.91	1661.78	704.83	0
231.875	25.42	35	7.9038	10.61	8/19/2019	20:59:59	pH(vb+) 	20.9997	1476	1786.39	788.87	1652.22	702.83	0
231.9167	26.45	35	7.8755	10.62	8/19/2019	21:59:59	pH(vb+) 	21.9997	1435	1779.13	785.52	1645.7	702.22	0
231.9583	26.19	35	7.8744	10.62	8/19/2019	22:59:59	pH(vb+) 	22.9997	1445	1777.61	784.04	1643.83	704.22	0
232	25.87	35	7.8566	10.62	8/19/2019	23:59:59	pH(vb+) 	23.9997	1457	1779.39	773.61	1645.7	704.17	0
232.0417	25.66	35	7.8614	10.61	8/20/2019	0:59:59	pH(vb+) 	0.9997	1465	1780.74	784.48	1647.3	712.96	0
232.0833	25.47	35	7.8396	10.61	8/20/2019	1:59:59	pH(vb+) 	1.9997	1472	1782.83	780.13	1649.7	717.09	0
232.125	25.29	35	7.8273	10.6	8/20/2019	2:59:59	pH(vb+) 	2.9997	1479	1784.52	778.65	1650.96	723.83	0
232.1667	25.08	35	7.7681	10.6	8/20/2019	3:59:59	pH(vb+) 	3.9997	1487	1786.96	768.78	1653.7	740.09	0
232.2083	24.92	35	7.7642	10.6	8/20/2019	4:59:59	pH(vb+) 	4.9997	1493	1790.04	767.35	1656.39	745.65	0
232.25	22.13	35	0	10.57	8/20/2019	5:59:59	pH(vb+) 	5.9997	1602	1799.22	725.65	1665.57	702.3	0
232.2917	22.23	35	7.8074	10.56	8/20/2019	6:59:59	pH(vb+) 	6.9997	1591	1810.43	771.7	1675.39	750.52	0
232.3333	22.48	35	7.7742	10.55	8/20/2019	7:59:59	pH(vb+) 	7.9997	1589	1810.96	768.17	1676.35	761.61	0
232.375	22.71	35	7.7359	10.55	8/20/2019	8:59:59	pH(vb+) 	8.9997	1578	1808.39	759.48	1673.7	767.22	0
232.4167	22.71	35	7.7626	10.55	8/20/2019	9:59:59	pH(vb+) 	9.9997	1580	1809.39	767.78	1675.61	766.3	0
232.4583	22.66	35	7.7326	10.55	8/20/2019	10:59:59	pH(vb+) 	10.9997	1581	1810.48	762.48	1675.74	772	0
232.5	22.69	35	7.6988	10.55	8/20/2019	11:59:59	pH(vb+) 	11.9997	1582	1809.35	762.04	1674.13	787.22	0
232.5417	22.94	35	7.6973	10.55	8/20/2019	12:59:59	pH(vb+) 	12.9997	1570	1807	759.57	1673.61	784.22	0
232.5833	23.78	35	7.6725	10.56	8/20/2019	13:59:59	pH(vb+) 	13.9997	1538	1803.35	755.17	1668.17	785.39	0
232.625	24.5	35	7.664	10.56	8/20/2019	14:59:59	pH(vb+) 	14.9997	1510	1798.48	756.04	1663.91	782.78	0
232.6667	25.39	35	7.6561	10.57	8/20/2019	15:59:59	pH(vb+) 	15.9997	1476	1792.13	752.17	1658.13	777.52	0
232.7083	26.29	35	7.6613	10.58	8/20/2019	16:59:59	pH(vb+) 	16.9997	1442	1785.78	755.7	1650.43	769.3	0
232.75	27.46	35	7.6586	10.59	8/20/2019	17:59:59	pH(vb+) 	17.9997	1398	1777.83	752.78	1642.96	758.87	0
232.7917	25	35	7.9051	10.56	8/20/2019	18:59:59	pH(vb+) 	18.9997	1490	1786.65	784.3	1655.04	702.83	0
232.8333	25.34	35	7.9175	10.56	8/20/2019	19:59:59	pH(vb+) 	19.9997	1479	1784.7	787.57	1651.48	695.3	0
232.875	26.32	35	7.8712	10.56	8/20/2019	20:59:59	pH(vb+) 	20.9997	1433	1781.74	781.61	1647.91	703.52	0
232.9167	26	35	7.9092	10.57	8/20/2019	21:59:59	pH(vb+) 	21.9997	1453	1773.65	781.61	1641.39	691.3	0
232.9583	25.97	35	7.9043	10.57	8/20/2019	22:59:59	pH(vb+) 	22.9997	1453	1775.61	781.04	1642.52	689.48	0
233	25.84	35	7.8778	10.57	8/20/2019	23:59:59	pH(vb+) 	23.9997	1458	1778.26	779.26	1645.87	701	0
233.0417	25.68	35	7.8459	10.57	8/21/2019	0:59:59	pH(vb+) 	0.9997	1464	1780.43	773.13	1647.22	709	0
233.0833	25.47	35	7.8243	10.56	8/21/2019	1:59:59	pH(vb+) 	1.9997	1472	1782.26	770.7	1649.48	716.43	0
233.125	25.31	35	7.7983	10.56	8/21/2019	2:59:59	pH(vb+) 	2.9997	1478	1783.91	766.13	1651.87	722.52	0
233.1667	25.13	35	7.7892	10.55	8/21/2019	3:59:59	pH(vb+) 	3.9997	1485	1786.04	763.87	1653.65	730.52	0
233.2083	24.97	35	7.7711	10.55	8/21/2019	4:59:59	pH(vb+) 	4.9997	1491	1789.74	760.87	1657.3	737.17	0
233.25	24.79	35	7.7254	10.55	8/21/2019	5:59:59	pH(vb+) 	5.9997	1498	1792.48	757.48	1659.3	750.13	0
233.2917	21.36	35	7.867	10.52	8/21/2019	6:59:59	pH(vb+) 	6.9997	1633	1806.87	774.78	1674.78	732.61	0
233.3333	21.83	35	7.8743	10.5	8/21/2019	7:59:59	pH(vb+) 	7.9997	1609	1817.26	785.26	1683.91	746.87	0
233.375	22.01	35	7.8198	10.5	8/21/2019	8:59:59	pH(vb+) 	8.9997	1604	1814.48	769.3	1681.7	741.3	0
233.4167	22.38	35	7.8128	10.5	8/21/2019	9:59:59	pH(vb+) 	9.9997	1591	1811.87	776.26	1678.35	752.61	0
233.4583	22.18	35	7.8604	10.5	8/21/2019	10:59:59	pH(vb+) 	10.9997	1601	1812.52	771.09	1679.26	726.96	0
233.5	22.23	35	7.856	10.5	8/21/2019	11:59:59	pH(vb+) 	11.9997	1599	1813.48	772.78	1678.91	726.83	0
233.5417	22.38	35	7.8407	10.5	8/21/2019	12:59:59	pH(vb+) 	12.9997	1593	1810.39	769.96	1677.17	733.65	0
233.5833	22.81	35	7.7947	10.5	8/21/2019	13:59:59	pH(vb+) 	13.9997	1575	1809.74	766.7	1676.09	747.17	0
233.625	23.32	35	7.7923	10.5	8/21/2019	14:59:59	pH(vb+) 	14.9997	1555	1807.26	763.91	1673.09	746.04	0
233.6667	23.86	35	7.7879	10.51	8/21/2019	15:59:59	pH(vb+) 	15.9997	1534	1803.17	763.3	1669.26	740.7	0
233.7083	23.99	35	7.7769	10.51	8/21/2019	16:59:59	pH(vb+) 	16.9997	1529	1800.57	759.35	1665.04	739.26	0
233.75	24.55	35	7.7989	10.52	8/21/2019	17:59:59	pH(vb+) 	17.9997	1507	1797	754.52	1663.04	723.57	0
233.7917	21.63	35	7.9375	10.48	8/21/2019	18:59:59	pH(vb+) 	18.9997	1624	1798.57	772.48	1665	694.87	0
233.8333	22.03	35	7.9487	10.48	8/21/2019	19:59:59	pH(vb+) 	19.9997	1605	1815.3	790.09	1680.87	712.91	0
233.875	22.38	35	7.9582	10.47	8/21/2019	20:59:59	pH(vb+) 	20.9997	1590	1814.43	796.52	1679.78	705.48	0
233.9167	23.86	35	7.9227	10.48	8/21/2019	21:59:59	pH(vb+) 	21.9997	1527	1807.87	778.43	1673.48	694.96	0
233.9583	23.93	35	7.9249	10.49	8/21/2019	22:59:59	pH(vb+) 	22.9997	1531	1803.09	764.43	1668.17	676.04	0
234	23.63	35	7.9199	10.5	8/21/2019	23:59:59	pH(vb+) 	23.9997	1543	1801.04	755.52	1666.48	671.65	0
234.0417	23.57	35	7.9032	10.49	8/22/2019	0:59:59	pH(vb+) 	0.9997	1546	1801.3	755.65	1667.78	686.57	0
234.0833	23.55	35	7.8736	10.49	8/22/2019	1:59:59	pH(vb+) 	1.9997	1546	1802	750.3	1668.74	688.22	0
234.125	23.57	35	7.8406	10.49	8/22/2019	2:59:59	pH(vb+) 	2.9997	1545	1801	746.13	1667.91	700.52	0
234.1667	23.47	35	7.8142	10.49	8/22/2019	3:59:59	pH(vb+) 	3.9997	1550	1802.13	753.78	1668.09	721.57	0
234.2083	23.32	35	7.7948	10.49	8/22/2019	4:59:59	pH(vb+) 	4.9997	1555	1802.52	741.87	1668.26	716.22	0
234.25	23.24	35	7.7756	10.48	8/22/2019	5:59:59	pH(vb+) 	5.9997	1558	1803.43	736.04	1669.39	718.65	0
234.2917	23.24	35	7.7457	10.48	8/22/2019	6:59:59	pH(vb+) 	6.9997	1559	1804.7	728.57	1670.87	726	0
234.3333	21.61	35	7.8176	10.46	8/22/2019	7:59:59	pH(vb+) 	7.9997	1624	1815.17	739.09	1681.17	717.91	0
234.375	22.21	35	7.7793	10.46	8/22/2019	8:59:59	pH(vb+) 	8.9997	1612	1817.78	734.78	1683.48	723.65	0
234.4167	22.13	35	7.7557	10.46	8/22/2019	9:59:59	pH(vb+) 	9.9997	1601	1815	732.65	1680.96	734.7	0
234.4583	22.11	35	7.7771	10.46	8/22/2019	10:59:59	pH(vb+) 	10.9997	1605	1814.52	731.35	1680.65	726.52	0
234.5	22.48	35	7.8027	10.46	8/22/2019	11:59:59	pH(vb+) 	11.9997	1590	1813.57	733.17	1679.61	716.96	0
234.5417	22.89	35	7.7899	10.46	8/22/2019	12:59:59	pH(vb+) 	12.9997	1572	1810.17	738.65	1675.83	718.52	0
234.5833	23.4	35	7.7832	10.46	8/22/2019	13:59:59	pH(vb+) 	13.9997	1552	1804.61	731.83	1670.65	713.7	0
234.625	24.19	35	7.7548	10.47	8/22/2019	14:59:59	pH(vb+) 	14.9997	1522	1799.74	727.7	1666.39	712.57	0
234.6667	26.03	35	7.7539	10.48	8/22/2019	15:59:59	pH(vb+) 	15.9997	1452	1789.09	737	1655.74	707.7	0
234.7083	26.78	35	7.7398	10.49	8/22/2019	16:59:59	pH(vb+) 	16.9997	1423	1778.83	719.3	1646.04	692.52	0
234.75	27.54	35	7.7375	10.51	8/22/2019	17:59:59	pH(vb+) 	17.9997	1396	1770.96	726.83	1638.48	693.09	0
234.7917	28.11	35	7.7866	10.51	8/22/2019	18:59:59	pH(vb+) 	18.9997	1375	1766.52	722.78	1633.57	671.26	0
234.8333	22.86	35	7.9332	10.48	8/22/2019	19:59:59	pH(vb+) 	19.9997	1573	1787.87	735.61	1656.13	657.09	0
234.875	23.86	35	0	10.46	8/22/2019	20:59:59	pH(vb+) 	20.9997	1539	1794.83	719.61	1661.7	647.57	0
234.9167	24.55	35	7.9261	10.46	8/22/2019	21:59:59	pH(vb+) 	21.9997	1532	1797.57	750.87	1665.04	673.7	0
234.9583	24.63	35	7.9298	10.46	8/22/2019	22:59:59	pH(vb+) 	22.9997	1502	1789.39	738	1656.57	655.61	0
235	25.23	35	7.9115	10.47	8/22/2019	23:59:59	pH(vb+) 	23.9997	1481	1786.48	744.61	1654.83	658.09	0
235.0417	24.95	35	7.9193	10.47	8/23/2019	0:59:59	pH(vb+) 	0.9997	1493	1787.09	745.48	1654.74	661.48	0
235.0833	24.76	35	7.9149	10.47	8/23/2019	1:59:59	pH(vb+) 	1.9997	1500	1789.22	742.17	1656.09	654.61	0
235.125	24.58	35	7.8961	10.46	8/23/2019	2:59:59	pH(vb+) 	2.9997	1506	1790.13	730.13	1658.78	658.3	0
235.1667	24.45	35	7.8586	10.46	8/23/2019	3:59:59	pH(vb+) 	3.9997	1511	1791.78	729.91	1659.65	674.96	0
235.2083	24.35	35	7.8406	10.46	8/23/2019	4:59:59	pH(vb+) 	4.9997	1516	1793	729.3	1661.13	676.26	0
235.25	24.17	35	7.8485	10.45	8/23/2019	5:59:59	pH(vb+) 	5.9997	1521	1793.96	722.7	1662.09	673.17	0
235.2917	24.04	35	7.8087	10.44	8/23/2019	6:59:59	pH(vb+) 	6.9997	1527	1796.57	723.96	1664.04	689.13	0
235.3333	22.46	35	7.7824	10.44	8/23/2019	7:59:59	pH(vb+) 	7.9997	1581	1799.35	709.52	1666.3	696.13	0
235.375	21.88	35	7.7675	10.42	8/23/2019	8:59:59	pH(vb+) 	8.9997	1613	1811.04	712.65	1678.74	715	0
235.4167	22.71	35	7.7221	10.41	8/23/2019	9:59:59	pH(vb+) 	9.9997	1582	1812.52	709.57	1679.57	724.35	0
235.4583	22.46	35	7.7261	10.41	8/23/2019	10:59:59	pH(vb+) 	10.9997	1590	1810.96	705.26	1677.17	719.13	0
235.5	22.43	35	7.7373	10.41	8/23/2019	11:59:59	pH(vb+) 	11.9997	1591	1811.74	713.39	1678.3	719.87	0
235.5417	22.46	35	7.7538	10.4	8/23/2019	12:59:59	pH(vb+) 	12.9997	1589	1811.43	709.91	1678.3	712	0
235.5833	22.36	35	7.7126	10.4	8/23/2019	13:59:59	pH(vb+) 	13.9997	1592	1812	703.48	1677.91	722.13	0
235.625	22.31	35	7.7468	10.4	8/23/2019	14:59:59	pH(vb+) 	14.9997	1595	1812.09	709.13	1679.35	717.61	0
235.6667	22.26	35	7.7245	10.4	8/23/2019	15:59:59	pH(vb+) 	15.9997	1597	1812.48	705.96	1678.43	719.96	0
235.7083	22.38	35	7.7228	10.4	8/23/2019	16:59:59	pH(vb+) 	16.9997	1593	1812.22	707.91	1679.22	723.13	0
235.75	22.66	35	7.7361	10.4	8/23/2019	17:59:59	pH(vb+) 	17.9997	1582	1811.39	706.48	1678.17	716.96	0
235.7917	23.07	35	7.7632	10.4	8/23/2019	18:59:59	pH(vb+) 	18.9997	1565	1809.35	707.78	1676.57	705.83	0
235.8333	22.21	35	7.8098	10.4	8/23/2019	19:59:59	pH(vb+) 	19.9997	1590	1807.74	710.87	1674.39	692.39	0
235.875	21.71	35	7.9167	10.38	8/23/2019	20:59:59	pH(vb+) 	20.9997	1619	1815.26	727.96	1681.48	673.13	0
235.9167	22.23	35	7.902	10.37	8/23/2019	21:59:59	pH(vb+) 	21.9997	1609	1817.39	723.74	1684.04	667.65	0
235.9583	22.26	35	7.8702	10.37	8/23/2019	22:59:59	pH(vb+) 	22.9997	1596	1814.57	719.35	1680.78	674.65	0
236	22.13	35	0	10.37	8/23/2019	23:59:59	pH(vb+) 	23.9997	1603	1814.39	685.7	1681.43	646.83	0
236.0417	22.08	35	7.8699	10.37	8/24/2019	0:59:59	pH(vb+) 	0.9997	1604	1814.61	725.7	1681	682.39	0
236.0833	22.01	35	7.9045	10.37	8/24/2019	1:59:59	pH(vb+) 	1.9997	1606	1815.13	714.78	1681.39	661.39	0
236.125	21.93	35	7.8566	10.37	8/24/2019	2:59:59	pH(vb+) 	2.9997	1610	1816.3	720.87	1681.78	679.74	0
236.1667	21.73	35	7.842	10.37	8/24/2019	3:59:59	pH(vb+) 	3.9997	1617	1817.43	712.87	1683.96	683.87	0
236.2083	21.46	35	7.8344	10.36	8/24/2019	4:59:59	pH(vb+) 	4.9997	1630	1818.83	714.35	1686.04	692.96	0
236.25	21.24	35	7.8201	10.35	8/24/2019	5:59:59	pH(vb+) 	5.9997	1638	1821.39	710.04	1687.22	695.57	0
236.2917	20.99	35	7.7986	10.35	8/24/2019	6:59:59	pH(vb+) 	6.9997	1648	1823.65	711.3	1689.74	706.96	0
236.3333	20.74	35	7.777	10.35	8/24/2019	7:59:59	pH(vb+) 	7.9997	1659	1826.43	707.17	1691.74	714.3	0
236.375	20.5	35	7.7599	10.34	8/24/2019	8:59:59	pH(vb+) 	8.9997	1668	1830.87	703.61	1696.09	719.74	0
236.4167	19.14	35	7.7321	10.32	8/24/2019	9:59:59	pH(vb+) 	9.9997	1724	1838.04	694.22	1702.43	730.48	0
236.4583	19.43	35	7.7075	10.31	8/24/2019	10:59:59	pH(vb+) 	10.9997	1711	1839.87	699.87	1704.35	744.74	0
236.5	19.45	35	7.7141	10.31	8/24/2019	11:59:59	pH(vb+) 	11.9997	1711	1838.61	697.65	1703.26	740.48	0
236.5417	19.79	35	7.7456	10.31	8/24/2019	12:59:59	pH(vb+) 	12.9997	1699	1836.61	703.22	1701.48	729.04	0
236.5833	20.38	35	7.7708	10.31	8/24/2019	13:59:59	pH(vb+) 	13.9997	1675	1831.78	704.61	1695.96	714.65	0
236.625	21.26	35	7.7742	10.32	8/24/2019	14:59:59	pH(vb+) 	14.9997	1638	1827.17	705.39	1690.83	709.48	0
236.6667	22.26	35	7.7731	10.33	8/24/2019	15:59:59	pH(vb+) 	15.9997	1598	1818.83	706.83	1683.91	707.17	0
236.7083	23.04	35	7.7557	10.34	8/24/2019	16:59:59	pH(vb+) 	16.9997	1567	1808.78	705.13	1675.39	702.22	0
236.75	23.93	35	7.786	10.36	8/24/2019	17:59:59	pH(vb+) 	17.9997	1531	1799.96	704.17	1666.52	682.61	0
236.7917	24.89	35	7.804	10.37	8/24/2019	18:59:59	pH(vb+) 	18.9997	1495	1790.83	708.3	1658.13	670.78	0
236.8333	25.44	35	7.8096	10.38	8/24/2019	19:59:59	pH(vb+) 	19.9997	1473	1787.61	707	1654.91	662.52	0
236.875	22.69	35	7.9452	10.38	8/24/2019	20:59:59	pH(vb+) 	20.9997	1577	1787.17	714	1655.52	634.22	0
236.9167	22.71	35	8.0053	10.35	8/24/2019	21:59:59	pH(vb+) 	21.9997	1580	1802.91	731.35	1670.3	636.96	0
236.9583	22.86	35	7.9758	10.34	8/24/2019	22:59:59	pH(vb+) 	22.9997	1569	1806.39	745.04	1672.91	656.83	0
237	23.01	35	7.9706	10.34	8/24/2019	23:59:59	pH(vb+) 	23.9997	1568	1805.57	739.17	1672.39	657.26	0
237.0417	22.76	35	7.9753	10.34	8/25/2019	0:59:59	pH(vb+) 	0.9997	1577	1806.22	730.13	1673.09	637.87	0
237.0833	22.56	35	7.9628	10.33	8/25/2019	1:59:59	pH(vb+) 	1.9997	1585	1807.52	726.22	1674.52	636.78	0
237.125	22.36	35	7.9315	10.33	8/25/2019	2:59:59	pH(vb+) 	2.9997	1594	1810.61	719.78	1677.78	645.52	0
237.1667	21.91	35	7.9217	10.33	8/25/2019	3:59:59	pH(vb+) 	3.9997	1611	1812.78	716.87	1679.57	651.35	0
237.2083	21.56	35	7.9048	10.32	8/25/2019	4:59:59	pH(vb+) 	4.9997	1626	1816.22	713.65	1682.09	659.78	0
237.25	21.19	35	7.8973	10.31	8/25/2019	5:59:59	pH(vb+) 	5.9997	1639	1819.57	717.65	1685.78	670.43	0
237.2917	20.87	35	7.8875	10.3	8/25/2019	6:59:59	pH(vb+) 	6.9997	1653	1823.35	713.91	1689.26	672.04	0
237.3333	20.62	35	7.8624	10.3	8/25/2019	7:59:59	pH(vb+) 	7.9997	1663	1826.35	712.43	1690.96	682.22	0
237.375	20.35	35	7.862	10.29	8/25/2019	8:59:59	pH(vb+) 	8.9997	1674	1830.61	710.43	1695.57	682.87	0
237.4167	19.19	35	7.8152	10.28	8/25/2019	9:59:59	pH(vb+) 	9.9997	1719	1833.35	704.78	1698.43	704.35	0
237.4583	18.47	35	7.8345	10.23	8/25/2019	10:59:59	pH(vb+) 	10.9997	1752	1842.39	703.35	1706.35	702.26	0
237.5	19.09	35	7.8302	10.23	8/25/2019	11:59:59	pH(vb+) 	11.9997	1726	1844	707.3	1707.48	705.3	0
237.5417	19.33	35	7.8289	10.23	8/25/2019	12:59:59	pH(vb+) 	12.9997	1716	1840.78	706.96	1704.83	701.65	0
237.5833	19.77	35	7.8456	10.24	8/25/2019	13:59:59	pH(vb+) 	13.9997	1698	1837.17	709.65	1700.96	694.26	0
237.625	20.52	35	7.8569	10.25	8/25/2019	14:59:59	pH(vb+) 	14.9997	1668	1834	710.43	1697.96	684.61	0
237.6667	20.7	35	7.8877	10.25	8/25/2019	15:59:59	pH(vb+) 	15.9997	1660	1828.78	714.17	1693.39	674.52	0
237.7083	21.68	35	7.8926	10.26	8/25/2019	16:59:59	pH(vb+) 	16.9997	1621	1824.04	710.13	1688.43	661.17	0
237.75	22.51	35	7.9162	10.28	8/25/2019	17:59:59	pH(vb+) 	17.9997	1588	1816.13	714.3	1682.35	649	0
237.7917	22.74	35	7.9399	10.29	8/25/2019	18:59:59	pH(vb+) 	18.9997	1578	1812.09	712.78	1678.22	636.48	0
237.8333	22.91	35	7.9456	10.29	8/25/2019	19:59:59	pH(vb+) 	19.9997	1572	1809	716.52	1675.39	636.04	0
237.875	22.94	35	7.9409	10.29	8/25/2019	20:59:59	pH(vb+) 	20.9997	1570	1809.57	719.26	1675.39	647.3	0
237.9167	19.62	35	8.0487	10.17	8/25/2019	21:59:59	pH(vb+) 	21.9997	1707	1813.78	684.17	1680.43	611.17	0
237.9583	20.11	35	8.0362	10.23	8/25/2019	22:59:59	pH(vb+) 	22.9997	1684	1828.35	729.52	1693.57	647.7	0
238	20.04	35	8.0085	10.22	8/25/2019	23:59:59	pH(vb+) 	23.9997	1688	1832.13	720.3	1697.22	631.22	0
238.0417	20.45	35	8.0132	10.22	8/26/2019	0:59:59	pH(vb+) 	0.9997	1669	1830.39	714.7	1695.04	627.04	0
238.0833	20.25	35	7.9881	10.22	8/26/2019	1:59:59	pH(vb+) 	1.9997	1678	1829.87	715.52	1694.7	634.13	0
238.125	20.08	35	7.9921	10.22	8/26/2019	2:59:59	pH(vb+) 	2.9997	1685	1831.3	712.52	1695.13	633.43	0
238.1667	19.91	35	7.9779	10.21	8/26/2019	3:59:59	pH(vb+) 	3.9997	1692	1832.96	714.43	1697.04	643.96	0
238.2083	19.7	35	7.9836	10.21	8/26/2019	4:59:59	pH(vb+) 	4.9997	1702	1834.57	713.61	1698.26	642.13	0
238.25	19.55	35	7.9718	10.21	8/26/2019	5:59:59	pH(vb+) 	5.9997	1708	1836.65	709.61	1700.57	642.17	0
238.2917	19.38	35	7.9548	10.2	8/26/2019	6:59:59	pH(vb+) 	6.9997	1714	1838.65	707.13	1702.22	645.3	0
238.3333	19.26	35	7.9416	10.2	8/26/2019	7:59:59	pH(vb+) 	7.9997	1719	1840.09	700.83	1702.7	648.91	0
238.375	19.14	35	7.9318	10.19	8/26/2019	8:59:59	pH(vb+) 	8.9997	1724	1841.91	700.57	1705.43	653.39	0
238.4167	18.97	35	7.9252	10.19	8/26/2019	9:59:59	pH(vb+) 	9.9997	1731	1844.83	700.17	1706.52	657	0
238.4583	17.73	35	7.9081	10.17	8/26/2019	10:59:59	pH(vb+) 	10.9997	1737	1846.43	688.13	1709	656.87	0
238.5	16.74	35	7.8937	10.13	8/26/2019	11:59:59	pH(vb+) 	11.9997	1826	1858.74	689.74	1719.65	677.04	0
238.5417	17.8	35	7.8777	10.13	8/26/2019	12:59:59	pH(vb+) 	12.9997	1779	1858.78	697.39	1719.09	681.74	0
238.5833	18.42	35	7.8849	10.14	8/26/2019	13:59:59	pH(vb+) 	13.9997	1755	1852.26	694.26	1712.91	671.96	0
238.625	19.07	35	7.9043	10.15	8/26/2019	14:59:59	pH(vb+) 	14.9997	1727	1846.26	697.26	1707.65	661.48	0
238.6667	20.06	35	7.9183	10.16	8/26/2019	15:59:59	pH(vb+) 	15.9997	1687	1839.78	698.65	1701.04	650.61	0
238.7083	20.79	35	7.9429	10.18	8/26/2019	16:59:59	pH(vb+) 	16.9997	1656	1831.09	698.22	1693.7	641.35	0
238.75	21.51	35	7.9451	10.19	8/26/2019	17:59:59	pH(vb+) 	17.9997	1628	1819.83	694.91	1684.48	626.43	0
238.7917	22.21	35	7.9716	10.2	8/26/2019	18:59:59	pH(vb+) 	18.9997	1600	1814.83	694.65	1679.04	619.57	0
238.8333	22.81	35	7.9522	10.22	8/26/2019	19:59:59	pH(vb+) 	19.9997	1575	1807	695.09	1672.3	616.22	0
238.875	23.12	35	7.9765	10.23	8/26/2019	20:59:59	pH(vb+) 	20.9997	1564	1801.57	692.78	1667.52	603.87	0
238.9167	23.37	35	7.9821	10.24	8/26/2019	21:59:59	pH(vb+) 	21.9997	1554	1801.96	686.65	1667.74	597.52	0
238.9583	20.5	35	8.0536	10.2	8/26/2019	22:59:59	pH(vb+) 	22.9997	1668	1810.74	698.04	1677.91	595.87	0
239	20.38	35	8.0535	10.19	8/26/2019	23:59:59	pH(vb+) 	23.9997	1675	1823.52	716.96	1688.09	624.65	0
239.0417	20.16	35	8.0329	10.18	8/27/2019	0:59:59	pH(vb+) 	0.9997	1683	1828.39	711.17	1692.65	620.04	0
239.0833	20.74	35	8.0325	10.17	8/27/2019	1:59:59	pH(vb+) 	1.9997	1658	1827.35	699.17	1691.91	602	0
239.125	20.62	35	8.04	10.17	8/27/2019	2:59:59	pH(vb+) 	2.9997	1664	1827.13	705.7	1692.13	619.61	0
239.1667	20.5	35	8.023	10.16	8/27/2019	3:59:59	pH(vb+) 	3.9997	1668	1828.04	700.3	1692.09	606.26	0
239.2083	20.4	35	7.9987	10.16	8/27/2019	4:59:59	pH(vb+) 	4.9997	1673	1829.09	695.09	1693.48	608.65	0
239.25	20.25	35	8.006	10.16	8/27/2019	5:59:59	pH(vb+) 	5.9997	1678	1830.83	693.22	1694.74	614.35	0
239.2917	20.08	35	7.9799	10.16	8/27/2019	6:59:59	pH(vb+) 	6.9997	1684	1832.04	691.7	1695.39	626.3	0
239.3333	19.94	35	7.9693	10.14	8/27/2019	7:59:59	pH(vb+) 	7.9997	1691	1832.57	689.7	1697	620.83	0
239.375	19.77	35	7.962	10.13	8/27/2019	8:59:59	pH(vb+) 	8.9997	1698	1835.57	686	1698.57	624.57	0
239.4167	19.6	35	7.9407	10.13	8/27/2019	9:59:59	pH(vb+) 	9.9997	1705	1837.13	680.7	1700.22	628.35	0
239.4583	19.43	35	7.9322	10.12	8/27/2019	10:59:59	pH(vb+) 	10.9997	1713	1837.87	677.74	1701.96	627.96	0
239.5	18.11	35	7.8897	10.08	8/27/2019	11:59:59	pH(vb+) 	11.9997	1767	1839.61	669.96	1702.91	643.52	0
239.5417	18.02	35	7.886	10.09	8/27/2019	12:59:59	pH(vb+) 	12.9997	1772	1848.91	679.04	1710	656.3	0
239.5833	18.83	35	7.904	10.08	8/27/2019	13:59:59	pH(vb+) 	13.9997	1742	1848.3	681.7	1709.74	658.26	0
239.625	19.62	35	7.8921	10.09	8/27/2019	14:59:59	pH(vb+) 	14.9997	1703	1842.22	673.83	1704.61	638.17	0
239.6667	20.16	35	7.9108	10.1	8/27/2019	15:59:59	pH(vb+) 	15.9997	1682	1835.57	676.22	1697.43	629.87	0
239.7083	21.02	35	7.9079	10.12	8/27/2019	16:59:59	pH(vb+) 	16.9997	1646	1824.39	675.87	1688.48	631.96	0
239.75	21.29	35	7.9282	10.13	8/27/2019	17:59:59	pH(vb+) 	17.9997	1636	1821.13	674.17	1685.61	621.7	0
239.7917	21.61	35	7.9639	10.14	8/27/2019	18:59:59	pH(vb+) 	18.9997	1624	1820.61	677.48	1684.48	603.3	0
239.8333	21.71	35	7.9743	10.14	8/27/2019	19:59:59	pH(vb+) 	19.9997	1619	1817.87	680.22	1683.57	603.7	0
239.875	21.73	35	7.9746	10.15	8/27/2019	20:59:59	pH(vb+) 	20.9997	1619	1818.04	683.57	1682.3	605.39	0
239.9167	21.86	35	7.9743	10.15	8/27/2019	21:59:59	pH(vb+) 	21.9997	1614	1815.91	678.61	1681.22	598.22	0
239.9583	21.83	35	7.9788	10.15	8/27/2019	22:59:59	pH(vb+) 	22.9997	1614	1817.09	675.43	1682.83	592.48	0
240	20.21	35	8.1057	10.02	8/27/2019	23:59:59	pH(vb+) 	23.9997	1680	1823.7	674.57	1689.17	590.09	0
240.0417	20.11	35	8.0159	10.04	8/28/2019	0:59:59	pH(vb+) 	0.9997	1684	1829.83	692.3	1694.04	616.3	0
240.0833	20.13	35	8.0325	10.04	8/28/2019	1:59:59	pH(vb+) 	1.9997	1683	1831.35	684.65	1695.22	597.91	0
240.125	20.3	35	7.9924	10.05	8/28/2019	2:59:59	pH(vb+) 	2.9997	1676	1830.61	681.96	1695	602.26	0
240.1667	20.21	35	7.9677	10.05	8/28/2019	3:59:59	pH(vb+) 	3.9997	1681	1830.65	691.13	1694.78	628.61	0
240.2083	20.16	35	7.9807	10.04	8/28/2019	4:59:59	pH(vb+) 	4.9997	1681	1831.43	680.48	1694.48	609.52	0
240.25	20.11	35	7.966	10.05	8/28/2019	5:59:59	pH(vb+) 	5.9997	1684	1831.78	678.43	1695.83	616.57	0
240.2917	20.06	35	7.9387	10.06	8/28/2019	6:59:59	pH(vb+) 	6.9997	1686	1832.39	679.96	1696.22	628.13	0
240.3333	20.01	35	7.9457	10.05	8/28/2019	7:59:59	pH(vb+) 	7.9997	1688	1832.35	671.13	1696.17	618.7	0
240.375	19.94	35	7.9297	10.07	8/28/2019	8:59:59	pH(vb+) 	8.9997	1692	1833	669.74	1697.22	619.74	0
240.4167	19.87	35	7.9296	10.08	8/28/2019	9:59:59	pH(vb+) 	9.9997	1695	1835.09	663.87	1698.65	616.39	0
240.4583	19.77	35	7.9029	10.05	8/28/2019	10:59:59	pH(vb+) 	10.9997	1698	1834.52	667.43	1698.13	627.52	0
240.5	19.72	35	7.9033	10.05	8/28/2019	11:59:59	pH(vb+) 	11.9997	1700	1834.96	661.52	1698.78	625.22	0
240.5417	19.09	35	0	9.96	8/28/2019	12:59:59	pH(vb+) 	12.9997	1727	1837.74	623.91	1700.61	603.96	0
240.5833	19.21	35	7.8744	10	8/28/2019	13:59:59	pH(vb+) 	13.9997	1721	1840.13	666.22	1703.74	643.17	0
240.625	19.55	35	7.8993	10.01	8/28/2019	14:59:59	pH(vb+) 	14.9997	1708	1838.61	689.52	1702.3	660.3	0
240.6667	20.33	35	7.8806	10.02	8/28/2019	15:59:59	pH(vb+) 	15.9997	1677	1834.87	666.13	1698.09	635.3	0
240.7083	20.52	35	7.9147	10.03	8/28/2019	16:59:59	pH(vb+) 	16.9997	1668	1829.57	668.13	1694.04	622.3	0
240.75	20.67	35	7.9107	10.04	8/28/2019	17:59:59	pH(vb+) 	17.9997	1661	1828.35	676.91	1692.3	632.35	0
240.7917	20.87	35	7.9291	10.06	8/28/2019	18:59:59	pH(vb+) 	18.9997	1653	1826.26	666.61	1690.96	610.22	0
240.8333	20.99	35	7.9285	10.07	8/28/2019	19:59:59	pH(vb+) 	19.9997	1649	1825.26	668.3	1689.35	611.22	0
240.875	21.16	35	7.9341	10.07	8/28/2019	20:59:59	pH(vb+) 	20.9997	1641	1823.48	663.96	1687.52	603	0
240.9167	21.53	35	7.96	10.07	8/28/2019	21:59:59	pH(vb+) 	21.9997	1626	1821.09	670.52	1685.87	601.35	0
240.9583	21.46	35	7.927	10.08	8/28/2019	22:59:59	pH(vb+) 	22.9997	1630	1819.48	660.61	1684.09	600.35	0
241	21.53	35	7.9462	10.08	8/28/2019	23:59:59	pH(vb+) 	23.9997	1626	1819.22	668.39	1684.35	603.17	0
241.0417	20.38	35	7.9904	10.07	8/29/2019	0:59:59	pH(vb+) 	0.9997	1673	1825.35	672.52	1690.78	600.48	0
241.0833	19.72	35	7.9938	10.03	8/29/2019	1:59:59	pH(vb+) 	1.9997	1701	1829.04	673.48	1694.04	604.26	0
241.125	19.82	35	7.9854	10.03	8/29/2019	2:59:59	pH(vb+) 	2.9997	1696	1833.09	677.96	1697.35	608.43	0
241.1667	20.25	35	7.9467	10.03	8/29/2019	3:59:59	pH(vb+) 	3.9997	1679	1833.26	671	1696.96	613.87	0
241.2083	20.3	35	7.9276	10.03	8/29/2019	4:59:59	pH(vb+) 	4.9997	1677	1829.26	664.87	1693.48	616.22	0
241.25	21.11	35	7.9121	10.04	8/29/2019	5:59:59	pH(vb+) 	5.9997	1648	1825.96	665.22	1691.39	616.7	0
241.2917	21.26	35	7.9363	10.05	8/29/2019	6:59:59	pH(vb+) 	6.9997	1637	1821.91	667.74	1686.83	607.52	0
241.3333	20.82	35	7.8871	10.05	8/29/2019	7:59:59	pH(vb+) 	7.9997	1656	1822.17	657.57	1686.61	615.96	0
241.375	20.99	35	7.9133	10.05	8/29/2019	8:59:59	pH(vb+) 	8.9997	1649	1821.74	662.35	1687.7	614.13	0
241.4167	20.84	35	7.8839	10.05	8/29/2019	9:59:59	pH(vb+) 	9.9997	1654	1821.83	656.22	1686.83	616	0
241.4583	21.02	35	7.8793	10.05	8/29/2019	10:59:59	pH(vb+) 	10.9997	1649	1822	659	1686.17	622.43	0
241.5	21.11	35	7.8782	10.05	8/29/2019	11:59:59	pH(vb+) 	11.9997	1643	1821.65	656.7	1686.09	620.35	0
241.5417	21.04	35	7.8662	10.05	8/29/2019	12:59:59	pH(vb+) 	12.9997	1647	1821.74	656.09	1686.96	625.91	0
241.5833	20.21	35	7.7296	10.02	8/29/2019	13:59:59	pH(vb+) 	13.9997	1680	1827.04	640.48	1692.13	666.7	0
241.625	20.16	35	7.7793	10.02	8/29/2019	14:59:59	pH(vb+) 	14.9997	1683	1829.57	648.65	1693.74	651.39	0
241.6667	20.65	35	7.7756	10.02	8/29/2019	15:59:59	pH(vb+) 	15.9997	1663	1829.09	659.7	1693.48	668.13	0
241.7083	20.94	35	7.7455	10.03	8/29/2019	16:59:59	pH(vb+) 	16.9997	1651	1826.17	655.09	1691.13	667.17	0
241.75	21.71	35	7.7768	10.03	8/29/2019	17:59:59	pH(vb+) 	17.9997	1620	1822.78	641.87	1687.3	643.61	0
241.7917	22.33	35	7.7867	10.05	8/29/2019	18:59:59	pH(vb+) 	18.9997	1595	1816.09	619.65	1681.74	611.35	0
241.8333	23.12	35	7.8069	10.06	8/29/2019	19:59:59	pH(vb+) 	19.9997	1564	1807.96	649.7	1674.26	629.65	0
241.875	23.12	35	7.8033	10.07	8/29/2019	20:59:59	pH(vb+) 	20.9997	1564	1804.22	646.04	1671.3	625.26	0
241.9167	23.4	35	7.8475	10.07	8/29/2019	21:59:59	pH(vb+) 	21.9997	1553	1800.43	650.74	1667.43	617.17	0
241.9583	23.37	35	7.8479	10.07	8/29/2019	22:59:59	pH(vb+) 	22.9997	1554	1800.83	651.83	1668.26	613.04	0
242	23.22	35	7.8395	10.07	8/29/2019	23:59:59	pH(vb+) 	23.9997	1559	1801.52	647.78	1668.78	611.17	0
242.0417	23.09	35	7.8361	10.07	8/30/2019	0:59:59	pH(vb+) 	0.9997	1564	1803.52	647.96	1670.65	613	0
242.0833	21.86	35	7.8996	9.93	8/30/2019	1:59:59	pH(vb+) 	1.9997	1614	1811.87	647.65	1677.61	599.7	0
242.125	20.77	35	7.9363	9.92	8/30/2019	2:59:59	pH(vb+) 	2.9997	1657	1817.26	650.7	1683.13	592.7	0
242.1667	20.94	35	7.9329	9.92	8/30/2019	3:59:59	pH(vb+) 	3.9997	1659	1821.78	655.43	1687.48	596.65	0
242.2083	21.06	35	7.8991	9.92	8/30/2019	4:59:59	pH(vb+) 	4.9997	1645	1823.78	650.61	1688.48	605.7	0
242.25	21.24	35	7.8799	9.92	8/30/2019	5:59:59	pH(vb+) 	5.9997	1639	1821.09	647.04	1685.96	608.3	0
242.2917	21.02	35	7.882	9.92	8/30/2019	6:59:59	pH(vb+) 	6.9997	1646	1822.3	650.43	1687.04	611.65	0
242.3333	20.89	35	7.8872	9.92	8/30/2019	7:59:59	pH(vb+) 	7.9997	1652	1823.7	648.83	1688.13	612.09	0
242.375	20.67	35	7.8842	9.92	8/30/2019	8:59:59	pH(vb+) 	8.9997	1662	1824.48	649.22	1689.35	613.7	0
242.4167	20.55	35	7.8515	9.92	8/30/2019	9:59:59	pH(vb+) 	9.9997	1666	1826.83	645.09	1692.17	622.83	0
242.4583	20.45	35	7.8441	9.92	8/30/2019	10:59:59	pH(vb+) 	10.9997	1670	1827.57	641.48	1691.87	622.61	0
242.5	20.38	35	7.8235	9.91	8/30/2019	11:59:59	pH(vb+) 	11.9997	1673	1827.7	637.74	1692.48	627.17	0
242.5417	20.55	35	7.8152	9.91	8/30/2019	12:59:59	pH(vb+) 	12.9997	1667	1826.78	637	1692.04	630.39	0
242.5833	21.36	35	7.8182	9.91	8/30/2019	13:59:59	pH(vb+) 	13.9997	1633	1823.17	639	1688.17	623.57	0
242.625	20.55	35	7.8247	9.73	8/30/2019	14:59:59	pH(vb+) 	14.9997	1666	1826.04	694.61	1690.48	675.96	0
242.6667	21.16	35	7.8766	9.76	8/30/2019	15:59:59	pH(vb+) 	15.9997	1646	1826.22	703.26	1690.96	664.83	0
242.7083	21.39	35	7.8658	9.78	8/30/2019	16:59:59	pH(vb+) 	16.9997	1632	1822.26	695.78	1687.78	654.39	0
242.75	22.23	35	7.8499	9.81	8/30/2019	17:59:59	pH(vb+) 	17.9997	1598	1815.48	696.35	1680.74	658.7	0
242.7917	22.58	35	7.8864	9.84	8/30/2019	18:59:59	pH(vb+) 	18.9997	1586	1812.43	700.13	1677.48	643.13	0
242.8333	23.07	35	7.9164	9.87	8/30/2019	19:59:59	pH(vb+) 	19.9997	1565	1807.57	701.96	1673.61	633.57	0
242.875	23.09	35	7.9213	9.89	8/30/2019	20:59:59	pH(vb+) 	20.9997	1563	1805.35	699.78	1671.65	623.52	0
242.9167	23.07	35	7.9311	9.91	8/30/2019	21:59:59	pH(vb+) 	21.9997	1566	1803.52	703.96	1670.48	623.96	0
242.9583	22.86	35	7.9326	9.92	8/30/2019	22:59:59	pH(vb+) 	22.9997	1574	1805.7	705.04	1671.17	625.96	0
243	22.61	35	7.9216	9.93	8/30/2019	23:59:59	pH(vb+) 	23.9997	1583	1806.35	703.43	1672.52	628.7	0
243.0417	22.41	35	7.9056	9.92	8/31/2019	0:59:59	pH(vb+) 	0.9997	1591	1807.78	698.22	1674.7	629	0
243.0833	22.28	35	7.9033	9.91	8/31/2019	1:59:59	pH(vb+) 	1.9997	1597	1809.74	697.3	1676.7	633.48	0
243.125	21.61	35	7.9089	9.66	8/31/2019	2:59:59	pH(vb+) 	2.9997	1623	1815.3	699.87	1682.09	641.48	0
243.1667	21.21	35	7.9536	9.69	8/31/2019	3:59:59	pH(vb+) 	3.9997	1638	1817.65	709.91	1683.57	637.74	0
243.2083	21.14	35	7.95	9.7	8/31/2019	4:59:59	pH(vb+) 	4.9997	1642	1820.65	706	1686.65	632.26	0
243.25	21.44	35	7.9034	9.72	8/31/2019	5:59:59	pH(vb+) 	5.9997	1630	1820.96	701.52	1687.57	649.09	0
243.2917	21.36	35	7.8839	9.72	8/31/2019	6:59:59	pH(vb+) 	6.9997	1632	1820.13	723.57	1686.43	676.7	0
243.3333	21.34	35	7.874	9.74	8/31/2019	7:59:59	pH(vb+) 	7.9997	1635	1820.17	696.39	1686.87	652.26	0
243.375	21.29	35	7.8747	9.75	8/31/2019	8:59:59	pH(vb+) 	8.9997	1637	1820.57	700.96	1686.57	656.91	0
243.4167	21.24	35	7.8805	9.75	8/31/2019	9:59:59	pH(vb+) 	9.9997	1638	1820.17	698.22	1687.57	654.3	0
243.4583	21.16	35	7.8665	9.78	8/31/2019	10:59:59	pH(vb+) 	10.9997	1641	1821.57	693.96	1687.3	656.78	0
243.5	21.09	35	7.8296	9.78	8/31/2019	11:59:59	pH(vb+) 	11.9997	1645	1822.04	687.13	1687.74	661.7	0
243.5417	21.09	35	7.8244	9.78	8/31/2019	12:59:59	pH(vb+) 	12.9997	1644	1821.83	687.26	1687.52	667.57	0
243.5833	21.44	35	7.8146	9.79	8/31/2019	13:59:59	pH(vb+) 	13.9997	1630	1819.48	684.09	1686.78	666.87	0
243.625	21.53	35	7.7902	9.81	8/31/2019	14:59:59	pH(vb+) 	14.9997	1623	1815.74	676.57	1682.61	668.57	0
243.6667	21.44	35	7.851	9.55	8/31/2019	15:59:59	pH(vb+) 	15.9997	1630	1818.96	688.57	1683.7	658	0
243.7083	21.48	35	7.9072	9.58	8/31/2019	16:59:59	pH(vb+) 	16.9997	1624	1819.26	694.91	1684.04	633.52	0
243.75	21.98	35	7.9052	9.61	8/31/2019	17:59:59	pH(vb+) 	17.9997	1608	1816.61	698.26	1681.74	635.17	0
243.7917	23.14	35	7.878	9.65	8/31/2019	18:59:59	pH(vb+) 	18.9997	1566	1811.7	693.22	1676.83	639.78	0
243.8333	23.22	35	7.8789	9.7	8/31/2019	19:59:59	pH(vb+) 	19.9997	1559	1805.43	694.35	1670.26	635	0
243.875	23.22	35	7.9101	9.74	8/31/2019	20:59:59	pH(vb+) 	20.9997	1560	1803.65	695.87	1669.48	624.78	0
243.9167	23.27	35	7.9345	9.79	8/31/2019	21:59:59	pH(vb+) 	21.9997	1558	1802.22	698.48	1667.87	616.57	0
243.9583	23.14	35	7.9122	9.8	8/31/2019	22:59:59	pH(vb+) 	22.9997	1562	1802.52	694.96	1668.57	621.57	0
244	23.01	35	7.9088	9.8	8/31/2019	23:59:59	pH(vb+) 	23.9997	1568	1803.35	694.65	1669.3	625.35	0
244.0417	22.81	35	7.9003	9.82	9/1/2019	0:59:59	pH(vb+) 	0.9997	1575	1804.83	694.61	1670.43	630.09	0
244.0833	22.61	35	7.906	9.83	9/1/2019	1:59:59	pH(vb+) 	1.9997	1583	1805.78	693.09	1671.96	627.43	0
244.125	22.38	35	7.8846	9.82	9/1/2019	2:59:59	pH(vb+) 	2.9997	1591	1808.13	688.57	1674.04	633.26	0
244.1667	21.11	35	7.9337	9.61	9/1/2019	3:59:59	pH(vb+) 	3.9997	1643	1817.09	694.39	1682.61	628	0
244.2083	21.04	35	7.9768	9.62	9/1/2019	4:59:59	pH(vb+) 	4.9997	1646	1821.22	703.09	1686.74	622.52	0
244.25	21.09	35	7.9457	9.63	9/1/2019	5:59:59	pH(vb+) 	5.9997	1644	1821.74	701.17	1687.65	629.09	0
244.2917	21.09	35	7.9185	9.64	9/1/2019	6:59:59	pH(vb+) 	6.9997	1644	1822.22	696.22	1687.35	635.78	0
244.3333	20.99	35	7.8979	9.65	9/1/2019	7:59:59	pH(vb+) 	7.9997	1648	1823	709.43	1688.35	659.39	0
244.375	20.84	35	7.8832	9.65	9/1/2019	8:59:59	pH(vb+) 	8.9997	1654	1824.65	693.74	1689.52	648.39	0
244.4167	20.79	35	7.8886	9.66	9/1/2019	9:59:59	pH(vb+) 	9.9997	1657	1824.17	692.65	1690.96	647.91	0
244.4583	20.67	35	7.8686	9.66	9/1/2019	10:59:59	pH(vb+) 	10.9997	1661	1825.43	688.48	1689.91	653.96	0
244.5	20.62	35	7.8456	9.67	9/1/2019	11:59:59	pH(vb+) 	11.9997	1663	1826.17	685.61	1690.61	655.52	0
244.5417	20.67	35	7.8453	9.68	9/1/2019	12:59:59	pH(vb+) 	12.9997	1662	1824.52	686.3	1690.17	661.13	0
244.5833	20.94	35	7.8339	9.7	9/1/2019	13:59:59	pH(vb+) 	13.9997	1651	1823.39	688.17	1688.65	666.57	0
244.625	22.03	35	7.8475	9.71	9/1/2019	14:59:59	pH(vb+) 	14.9997	1609	1821.17	679.48	1685.78	650.48	0
244.6667	21.61	35	7.9532	9.39	9/1/2019	15:59:59	pH(vb+) 	15.9997	1623	1812.52	696.09	1678.43	623.96	0
244.7083	21.81	35	8.004	9.6	9/1/2019	16:59:59	pH(vb+) 	16.9997	1616	1816.96	712.52	1682.35	616.17	0
244.75	21.91	35	8.0175	9.64	9/1/2019	17:59:59	pH(vb+) 	17.9997	1612	1817.26	711.39	1682.61	606.96	0
244.7917	22.31	35	8.024	9.69	9/1/2019	18:59:59	pH(vb+) 	18.9997	1595	1814.43	713.09	1679.52	605.3	0
244.8333	22.89	35	7.9864	9.74	9/1/2019	19:59:59	pH(vb+) 	19.9997	1574	1808.96	708.87	1674.83	609.26	0
244.875	23.17	35	7.9898	9.78	9/1/2019	20:59:59	pH(vb+) 	20.9997	1559	1805.7	712.87	1671.26	607.78	0
244.9167	22.99	35	8.0001	9.81	9/1/2019	21:59:59	pH(vb+) 	21.9997	1569	1804.7	709.09	1671.39	602.52	0
244.9583	22.84	35	7.9838	9.83	9/1/2019	22:59:59	pH(vb+) 	22.9997	1574	1804.87	711.22	1671.96	610.35	0
245	22.61	35	7.9785	9.84	9/1/2019	23:59:59	pH(vb+) 	23.9997	1582	1807.3	707.22	1674.78	612.04	0
245.0417	22.43	35	7.9746	9.85	9/2/2019	0:59:59	pH(vb+) 	0.9997	1591	1809	705.87	1675.22	614	0
245.0833	22.21	35	7.9485	9.85	9/2/2019	1:59:59	pH(vb+) 	1.9997	1599	1810.3	705.74	1676.04	622.61	0
245.125	22.01	35	7.9441	9.86	9/2/2019	2:59:59	pH(vb+) 	2.9997	1607	1812.22	703.74	1677.74	623.3	0
245.1667	21.71	35	7.9568	9.86	9/2/2019	3:59:59	pH(vb+) 	3.9997	1619	1814.83	704.43	1680.78	627.7	0
245.2083	20.65	35	7.9611	9.59	9/2/2019	4:59:59	pH(vb+) 	4.9997	1664	1821.22	706.3	1686.39	629.13	0
245.25	20.55	35	8.0155	9.6	9/2/2019	5:59:59	pH(vb+) 	5.9997	1666	1823.83	710.87	1689.04	617.39	0
245.2917	20.57	35	7.9665	9.62	9/2/2019	6:59:59	pH(vb+) 	6.9997	1665	1824.39	705.57	1690.3	628.43	0
245.3333	20.47	35	7.956	9.67	9/2/2019	7:59:59	pH(vb+) 	7.9997	1670	1826.39	703.22	1691.35	629.39	0
245.375	20.33	35	7.9484	9.68	9/2/2019	8:59:59	pH(vb+) 	8.9997	1675	1826.83	700.96	1692.3	634	0
245.4167	20.28	35	7.9389	9.72	9/2/2019	9:59:59	pH(vb+) 	9.9997	1677	1828.48	701.39	1693.35	637	0
245.4583	20.23	35	7.9386	9.73	9/2/2019	10:59:59	pH(vb+) 	10.9997	1679	1828.61	702	1693.74	642.3	0
245.5	20.23	35	7.9272	9.74	9/2/2019	11:59:59	pH(vb+) 	11.9997	1679	1829.04	699.57	1693.65	644.39	0
245.5417	20.28	35	7.9218	9.75	9/2/2019	12:59:59	pH(vb+) 	12.9997	1678	1828.13	697.39	1692.35	644.78	0
245.5833	20.57	35	7.8892	9.74	9/2/2019	13:59:59	pH(vb+) 	13.9997	1665	1826.52	695.91	1691.22	649.7	0
245.625	21.14	35	7.897	9.75	9/2/2019	14:59:59	pH(vb+) 	14.9997	1643	1824.04	694.13	1689.3	641.7	0
245.6667	21.88	35	7.9059	9.77	9/2/2019	15:59:59	pH(vb+) 	15.9997	1613	1818.7	694.04	1684.26	636.57	0
245.7083	21.78	35	7.9337	9.58	9/2/2019	16:59:59	pH(vb+) 	16.9997	1617	1816.09	694.78	1682.78	627.43	0
245.75	21.63	35	7.9955	9.69	9/2/2019	17:59:59	pH(vb+) 	17.9997	1621	1814.65	705.57	1681.57	612.87	0
245.7917	21.91	35	7.9679	9.74	9/2/2019	18:59:59	pH(vb+) 	18.9997	1611	1815.43	702.13	1681.35	613.7	0
245.8333	22.28	35	7.9727	9.77	9/2/2019	19:59:59	pH(vb+) 	19.9997	1597	1812.48	704.17	1679.39	613.74	0
245.875	22.48	35	7.9577	9.8	9/2/2019	20:59:59	pH(vb+) 	20.9997	1590	1809.74	702.65	1676.52	614.43	0
245.9167	22.46	35	7.9715	9.82	9/2/2019	21:59:59	pH(vb+) 	21.9997	1589	1808.7	702.43	1675.65	613.43	0
245.9583	22.41	35	7.9518	9.84	9/2/2019	22:59:59	pH(vb+) 	22.9997	1591	1808.7	701.52	1675.83	619.22	0
246	22.33	35	7.9401	9.86	9/2/2019	23:59:59	pH(vb+) 	23.9997	1594	1809.65	698.35	1676.52	621.91	0
246.0417	22.23	35	7.9243	9.86	9/3/2019	0:59:59	pH(vb+) 	0.9997	1597	1809	696.61	1675.96	626.74	0
246.0833	22.11	35	7.9125	9.86	9/3/2019	1:59:59	pH(vb+) 	1.9997	1604	1811.87	694.43	1679.3	632.13	0
246.125	21.81	35	7.9046	9.87	9/3/2019	2:59:59	pH(vb+) 	2.9997	1616	1812.17	688.87	1679.87	626.43	0
246.1667	21.88	35	7.8737	9.87	9/3/2019	3:59:59	pH(vb+) 	3.9997	1613	1813.78	683.26	1680.91	635.83	0
246.2083	21.34	35	7.7814	9.87	9/3/2019	4:59:59	pH(vb+) 	4.9997	1636	1813.35	669.22	1680.52	666.78	0
246.25	21.04	35	7.7866	9.71	9/3/2019	5:59:59	pH(vb+) 	5.9997	1647	1818	678.35	1685.3	672.91	0
246.2917	20.84	35	7.9071	9.76	9/3/2019	6:59:59	pH(vb+) 	6.9997	1657	1822.09	696.04	1689.09	647.17	0
246.3333	21.21	35	7.8221	9.8	9/3/2019	7:59:59	pH(vb+) 	7.9997	1640	1821.7	686.43	1688.35	668.61	0
246.375	21.21	35	7.7867	9.8	9/3/2019	8:59:59	pH(vb+) 	8.9997	1640	1819.74	680	1687.09	671.48	0
246.4167	21.11	35	7.7806	9.81	9/3/2019	9:59:59	pH(vb+) 	9.9997	1643	1820.61	678.26	1687.35	678.74	0
246.4583	21.09	35	7.7787	9.83	9/3/2019	10:59:59	pH(vb+) 	10.9997	1644	1821.39	678.09	1688.26	676.61	0
246.5	21.06	35	7.7547	9.84	9/3/2019	11:59:59	pH(vb+) 	11.9997	1646	1821.26	674.35	1688.09	683.04	0
246.5417	21.11	35	7.7506	9.85	9/3/2019	12:59:59	pH(vb+) 	12.9997	1643	1820	675.3	1686.26	685.61	0
246.5833	21.46	35	7.755	9.86	9/3/2019	13:59:59	pH(vb+) 	13.9997	1630	1818.74	674.87	1685.65	678.26	0
246.625	22.43	35	7.7436	9.87	9/3/2019	14:59:59	pH(vb+) 	14.9997	1592	1812.35	674.09	1679.91	682.3	0
246.6667	23.07	35	7.7466	9.9	9/3/2019	15:59:59	pH(vb+) 	15.9997	1566	1806	674.22	1673.39	676.09	0
246.7083	23.93	35	7.7225	9.92	9/3/2019	16:59:59	pH(vb+) 	16.9997	1530	1796.61	671.52	1665.48	674.04	0
246.75	22.71	35	7.8711	9.73	9/3/2019	17:59:59	pH(vb+) 	17.9997	1580	1799.96	683.74	1669.39	638.74	0
246.7917	22.48	35	7.9202	9.81	9/3/2019	18:59:59	pH(vb+) 	18.9997	1584	1804.43	696.13	1672.57	633.7	0
246.8333	22.74	35	7.9244	9.84	9/3/2019	19:59:59	pH(vb+) 	19.9997	1578	1805.17	697.26	1673.22	630.57	0
246.875	23.27	35	7.9407	9.85	9/3/2019	20:59:59	pH(vb+) 	20.9997	1559	1803.52	700.61	1672.13	625.17	0
246.9167	23.65	35	7.9107	9.88	9/3/2019	21:59:59	pH(vb+) 	21.9997	1544	1797.48	697.09	1666.17	629.22	0
246.9583	23.52	35	7.913	9.9	9/3/2019	22:59:59	pH(vb+) 	22.9997	1547	1797.87	694.3	1667.57	624.39	0
247	23.32	35	7.9144	9.91	9/3/2019	23:59:59	pH(vb+) 	23.9997	1555	1798.39	694.09	1667.61	627.91	0
247.0417	23.07	35	7.8868	9.92	9/4/2019	0:59:59	pH(vb+) 	0.9997	1566	1800.74	692.26	1669.48	636.04	0
247.0833	22.86	35	7.8812	9.92	9/4/2019	1:59:59	pH(vb+) 	1.9997	1574	1802.43	688.74	1671.17	634.52	0
247.125	22.64	35	7.8809	9.92	9/4/2019	2:59:59	pH(vb+) 	2.9997	1581	1805.57	687.13	1674.09	636.13	0
247.1667	22.53	35	7.8493	9.93	9/4/2019	3:59:59	pH(vb+) 	3.9997	1587	1805.17	683.91	1674.74	646.04	0
247.2083	22.33	35	7.8553	9.93	9/4/2019	4:59:59	pH(vb+) 	4.9997	1594	1807.61	682.26	1675.78	647.52	0
247.25	22.13	35	7.8357	9.92	9/4/2019	5:59:59	pH(vb+) 	5.9997	1603	1810.91	680.22	1678.3	649.87	0
247.2917	20.72	35	7.8447	9.84	9/4/2019	6:59:59	pH(vb+) 	6.9997	1658	1820.57	680.57	1688.3	661.3	0
247.3333	20.57	35	7.8826	9.85	9/4/2019	7:59:59	pH(vb+) 	7.9997	1664	1824.7	692.09	1691.04	658.43	0
247.375	20.7	35	7.8381	9.87	9/4/2019	8:59:59	pH(vb+) 	8.9997	1660	1824.22	684.39	1691.87	669.3	0
247.4167	20.62	35	7.8108	9.87	9/4/2019	9:59:59	pH(vb+) 	9.9997	1663	1824.65	678.74	1692.26	677.04	0
247.4583	20.52	35	7.7968	9.87	9/4/2019	10:59:59	pH(vb+) 	10.9997	1667	1825.26	679.7	1693.3	683.35	0
247.5	20.55	35	7.7933	9.88	9/4/2019	11:59:59	pH(vb+) 	11.9997	1667	1825.52	683.3	1692.83	689.43	0
247.5417	20.62	35	7.7695	9.88	9/4/2019	12:59:59	pH(vb+) 	12.9997	1664	1825.43	678.74	1693	692.87	0
247.5833	20.74	35	7.7713	9.89	9/4/2019	13:59:59	pH(vb+) 	13.9997	1658	1823.74	674.3	1691.74	684.74	0
247.625	21.06	35	7.7869	9.9	9/4/2019	14:59:59	pH(vb+) 	14.9997	1646	1822.26	679.52	1689.43	683.78	0
247.6667	21.34	35	7.7907	9.91	9/4/2019	15:59:59	pH(vb+) 	15.9997	1634	1820.26	679.48	1687.52	680	0
247.7083	22.13	35	7.792	9.91	9/4/2019	16:59:59	pH(vb+) 	16.9997	1607	1815.96	678	1684	676	0
247.75	23.42	35	7.7723	9.93	9/4/2019	17:59:59	pH(vb+) 	17.9997	1552	1809.17	675.17	1677.09	666.52	0
247.7917	22.41	35	7.9282	9.81	9/4/2019	18:59:59	pH(vb+) 	18.9997	1592	1808.26	693.57	1676.96	634.78	0
247.8333	22.64	35	7.9554	9.86	9/4/2019	19:59:59	pH(vb+) 	19.9997	1581	1807.65	701	1677.26	624.96	0
247.875	22.81	35	7.9383	9.89	9/4/2019	20:59:59	pH(vb+) 	20.9997	1576	1806.26	711.26	1675.39	644.65	0
247.9167	23.4	35	7.9193	9.91	9/4/2019	21:59:59	pH(vb+) 	21.9997	1553	1802.39	693.74	1671.09	629.65	0
247.9583	23.12	35	7.916	9.92	9/4/2019	22:59:59	pH(vb+) 	22.9997	1563	1801.43	681.3	1669.39	609.43	0
248	22.96	35	7.895	9.93	9/4/2019	23:59:59	pH(vb+) 	23.9997	1570	1802	688.26	1671.39	629.09	0
248.0417	22.86	35	7.8746	9.94	9/5/2019	0:59:59	pH(vb+) 	0.9997	1573	1802.3	685.61	1671	642	0
248.0833	22.76	35	7.8439	9.94	9/5/2019	1:59:59	pH(vb+) 	1.9997	1578	1803.48	680.87	1673.52	645.39	0
248.125	22.66	35	7.8321	9.94	9/5/2019	2:59:59	pH(vb+) 	2.9997	1581	1804.83	680.09	1674.57	652.96	0
248.1667	22.58	35	7.8323	9.94	9/5/2019	3:59:59	pH(vb+) 	3.9997	1585	1805.26	677.52	1674.09	649.3	0
248.2083	22.48	35	7.7958	9.94	9/5/2019	4:59:59	pH(vb+) 	4.9997	1589	1806.96	673.09	1676.78	660.35	0
248.25	22.31	35	7.7719	9.94	9/5/2019	5:59:59	pH(vb+) 	5.9997	1596	1808.13	669.04	1677.13	668.17	0
248.2917	22.08	35	7.7409	9.94	9/5/2019	6:59:59	pH(vb+) 	6.9997	1603	1810.91	663.09	1679	677.35	0
248.3333	21.41	35	7.7204	9.83	9/5/2019	7:59:59	pH(vb+) 	7.9997	1631	1814.61	665.13	1683.96	689.74	0
248.375	21.24	35	7.7151	9.85	9/5/2019	8:59:59	pH(vb+) 	8.9997	1639	1817.22	666.39	1686.39	695.65	0
248.4167	21.09	35	7.7041	9.87	9/5/2019	9:59:59	pH(vb+) 	9.9997	1645	1818.78	672.43	1686.78	703.3	0
248.4583	20.77	35	7.7202	9.88	9/5/2019	10:59:59	pH(vb+) 	10.9997	1658	1822.3	663.87	1690.09	698.04	0
248.5	20.57	35	7.7114	9.88	9/5/2019	11:59:59	pH(vb+) 	11.9997	1665	1822.78	664.48	1691.17	701.7	0
248.5417	20.62	35	7.706	9.88	9/5/2019	12:59:59	pH(vb+) 	12.9997	1663	1823.09	663.7	1691.48	702.39	0
248.5833	20.74	35	7.7073	9.89	9/5/2019	13:59:59	pH(vb+) 	13.9997	1659	1823.57	666.09	1692.09	704.22	0
248.625	21.24	35	7.7031	9.9	9/5/2019	14:59:59	pH(vb+) 	14.9997	1638	1821.52	659.7	1688.87	699.96	0
248.6667	21.48	35	7.7053	9.91	9/5/2019	15:59:59	pH(vb+) 	15.9997	1628	1818.52	661.04	1686.96	695.83	0
248.7083	22.21	35	7.7086	9.92	9/5/2019	16:59:59	pH(vb+) 	16.9997	1600	1814.09	664.3	1681.83	692.3	0
248.75	23.04	35	7.7143	9.94	9/5/2019	17:59:59	pH(vb+) 	17.9997	1567	1807.09	659.48	1675.78	682.39	0
248.7917	23.5	35	7.7186	9.95	9/5/2019	18:59:59	pH(vb+) 	18.9997	1549	1801.7	657.48	1670.91	675.43	0
248.8333	21.46	35	7.9885	9.82	9/5/2019	19:59:59	pH(vb+) 	19.9997	1629	1808.91	687.96	1678.48	617.65	0
248.875	21.66	35	8.0235	9.86	9/5/2019	20:59:59	pH(vb+) 	20.9997	1622	1813.17	695.7	1683.09	604.09	0
248.9167	21.86	35	7.9948	9.88	9/5/2019	21:59:59	pH(vb+) 	21.9997	1616	1813.09	710.83	1683	637.61	0
248.9583	21.93	35	7.976	9.9	9/5/2019	22:59:59	pH(vb+) 	22.9997	1610	1812.09	691.7	1681.91	623.17	0
249	21.76	35	7.9699	9.9	9/5/2019	23:59:59	pH(vb+) 	23.9997	1617	1813.13	690.52	1682.65	620.96	0
249.0417	21.66	35	7.9413	9.91	9/6/2019	0:59:59	pH(vb+) 	0.9997	1621	1813.78	684.04	1684.09	624.26	0
249.0833	21.48	35	7.9278	9.91	9/6/2019	1:59:59	pH(vb+) 	1.9997	1628	1814.65	684.22	1685.48	630.74	0
249.125	21.31	35	7.9211	9.91	9/6/2019	2:59:59	pH(vb+) 	2.9997	1636	1816.52	683.35	1686.3	633.04	0
249.1667	21.14	35	7.9065	9.92	9/6/2019	3:59:59	pH(vb+) 	3.9997	1642	1817.43	682.22	1687.52	641.65	0
249.2083	20.97	35	7.8816	9.91	9/6/2019	4:59:59	pH(vb+) 	4.9997	1649	1819.7	676.7	1689.22	644.04	0
249.25	20.79	35	7.8559	9.91	9/6/2019	5:59:59	pH(vb+) 	5.9997	1656	1820.74	671.74	1690.48	652.83	0
249.2917	20.62	35	7.8382	9.91	9/6/2019	6:59:59	pH(vb+) 	6.9997	1663	1823.7	667.61	1692.57	653.78	0
249.3333	20.45	35	7.8495	9.91	9/6/2019	7:59:59	pH(vb+) 	7.9997	1671	1826.74	668.57	1695.39	659.39	0
249.375	18.97	35	7.902	9.82	9/6/2019	8:59:59	pH(vb+) 	8.9997	1731	1832.61	675.35	1700.3	653.22	0
249.4167	18.97	35	7.8998	9.84	9/6/2019	9:59:59	pH(vb+) 	9.9997	1731	1837.3	680.74	1704.3	658.74	0
249.4583	19.14	35	7.8639	9.84	9/6/2019	10:59:59	pH(vb+) 	10.9997	1724	1837.35	672.96	1704.91	665.35	0
249.5	19.12	35	7.8517	9.85	9/6/2019	11:59:59	pH(vb+) 	11.9997	1725	1838.22	671.96	1705.39	669.17	0
249.5417	19.12	35	7.8577	9.85	9/6/2019	12:59:59	pH(vb+) 	12.9997	1726	1837.48	682.48	1705	675.09	0
249.5833	19.14	35	7.8547	9.85	9/6/2019	13:59:59	pH(vb+) 	13.9997	1725	1838.48	676.35	1705.57	670.96	0
249.625	19.14	35	7.8725	9.86	9/6/2019	14:59:59	pH(vb+) 	14.9997	1724	1838.13	674.43	1705.43	668.35	0
249.6667	19.21	35	7.8732	9.86	9/6/2019	15:59:59	pH(vb+) 	15.9997	1722	1837.39	676.91	1704.7	662.57	0
249.7083	19.19	35	7.8882	9.87	9/6/2019	16:59:59	pH(vb+) 	16.9997	1722	1837.26	674.65	1705.04	655	0
