Year Day	Temperature C	SalinityConst	pHConstSal	Battery Voltage	DateStr	TimeStr
220.6173	26.67			0.00	2022-08-08	14:48:54
220.6285	26.75	35.00	7.6507	10.00	2022-08-08	15:05:00
220.6701	27.02	35.00	7.7072	10.02	2022-08-08	16:04:59
220.7118	27.48	35.00	7.6774	10.03	2022-08-08	17:04:59
220.7535	28.11	35.00	7.5518	10.04	2022-08-08	18:04:59
220.7951	28.45	35.00	7.3481	10.05	2022-08-08	19:04:59
220.8368	28.20	35.00	8.2498	10.06	2022-08-08	20:04:59
220.8785	28.28	35.00	7.7945	10.06	2022-08-08	21:04:59
220.9201	28.25	35.00	7.7911	10.06	2022-08-08	22:04:59
220.9618	28.20	35.00	7.7915	10.06	2022-08-08	23:04:59
221.0035	28.03	35.00	7.8182	10.06	2022-08-09	00:04:59
221.0451	27.92	35.00	7.8072	10.06	2022-08-09	01:04:59
221.0868	27.87	35.00	7.7824	10.06	2022-08-09	02:04:59
221.1285	27.78	35.00	7.7848	10.06	2022-08-09	03:04:59
221.1701	27.73	35.00	7.7851	10.05	2022-08-09	04:04:59
221.2118	27.62	35.00	7.7196	10.05	2022-08-09	05:04:59
221.2535	27.26	35.00	7.5392	10.05	2022-08-09	06:04:59
221.2951	27.16	35.00	7.3695	10.05	2022-08-09	07:04:59
221.3368	27.13	35.00	7.1921	10.05	2022-08-09	08:04:59
221.3785	27.13	35.00	7.1181	10.04	2022-08-09	09:04:59
221.4201	26.94	35.00	7.1829	10.04	2022-08-09	10:04:59
221.4618	26.59	35.00	7.6763	10.04	2022-08-09	11:04:59
221.5035	26.62	35.00	7.6787	10.03	2022-08-09	12:04:59
221.5451	26.75	35.00	7.6814	10.03	2022-08-09	13:04:59
221.5868	26.91	35.00	7.6411	10.03	2022-08-09	14:04:59
221.6285	27.05	35.00	7.6530	10.03	2022-08-09	15:04:59
221.6701	27.35	35.00	7.6967	10.04	2022-08-09	16:04:59
221.7118	27.62	35.00	7.6624	10.04	2022-08-09	17:04:59
221.7535	28.06	35.00	7.6207	10.04	2022-08-09	18:04:59
221.7951	28.84	35.00	7.4001	10.05	2022-08-09	19:04:59
221.8368	29.18	35.00	7.2324	10.06	2022-08-09	20:04:59
221.8785	28.84	35.00	7.4037	10.06	2022-08-09	21:04:59
221.9201	28.36	35.00	7.7010	10.06	2022-08-09	22:04:59
221.9618	28.34	35.00	7.7325	10.06	2022-08-09	23:04:59
222.0035	28.31	35.00	7.7519	10.05	2022-08-10	00:04:59
222.0451	28.20	35.00	7.7427	10.05	2022-08-10	01:04:59
222.0868	28.06	35.00	7.7347	10.05	2022-08-10	02:04:59
222.1285	27.98	35.00	7.7052	10.05	2022-08-10	03:04:59
222.1701	27.95	35.00	7.7074	10.05	2022-08-10	04:04:59
222.2118	27.92	35.00	7.6994	10.05	2022-08-10	05:04:59
222.2535	27.87	35.00	7.6326	10.04	2022-08-10	06:04:59
222.2951	27.70	35.00	7.3787	10.04	2022-08-10	07:04:59
222.3368	27.65	35.00	7.2875	10.04	2022-08-10	08:04:59
222.3785	27.73	35.00	7.0714	10.04	2022-08-10	09:04:59
222.4201	27.73	35.00	6.9699	10.04	2022-08-10	10:04:59
222.4618	27.32	35.00	7.3375	10.04	2022-08-10	11:04:59
222.5035	26.99	35.00	7.5733	10.03	2022-08-10	12:04:59
222.5451	26.86	35.00	7.6288	10.03	2022-08-10	13:04:59
222.5868	26.86	35.00	7.6599	10.02	2022-08-10	14:04:59
222.6285	26.97	35.00	7.6781	10.02	2022-08-10	15:04:59
222.6701	27.02	35.00	7.7006	10.02	2022-08-10	16:04:59
222.7118	27.13	35.00	7.7149	10.02	2022-08-10	17:04:59
222.7535	27.18	35.00	7.6861	10.02	2022-08-10	18:04:59
222.7951	27.43	35.00	7.6137	10.02	2022-08-10	19:04:59
222.8368	27.84	35.00	7.4153	10.03	2022-08-10	20:04:59
222.8785	28.03	35.00	7.2275	10.03	2022-08-10	21:04:59
222.9201	27.40	35.00	7.7033	10.03	2022-08-10	22:04:59
222.9618	27.21	35.00	7.7588	10.03	2022-08-10	23:04:59
223.0035	27.05	35.00	7.8132	10.02	2022-08-11	00:04:59
223.0451	26.94	35.00	7.7879	10.02	2022-08-11	01:04:59
223.0868	26.86	35.00	7.7657	10.01	2022-08-11	02:04:59
223.1285	26.78	35.00	7.7623	10.01	2022-08-11	03:04:59
223.1701	26.78	35.00	7.7692	10.01	2022-08-11	04:04:59
223.2118	26.75	35.00	7.7666	10.01	2022-08-11	05:04:59
223.2535	26.62	35.00	7.7617	10.01	2022-08-11	06:04:59
223.2951	26.45	35.00	7.6812	10.00	2022-08-11	07:04:59
223.3368	26.16	35.00	7.4128	10.00	2022-08-11	08:04:59
223.3785	26.00	35.00	7.2965	9.99	2022-08-11	09:04:59
223.4201	26.00	35.00	7.1459	9.99	2022-08-11	10:04:59
223.4618	26.03	35.00	7.0663	9.99	2022-08-11	11:04:59
223.5035	26.11	35.00	7.3717	9.99	2022-08-11	12:04:59
223.5451	26.13	35.00	7.6484	9.99	2022-08-11	13:04:59
223.5868	26.21	35.00	7.7181	9.99	2022-08-11	14:04:59
223.6285	26.21	35.00	7.7534	9.99	2022-08-11	15:04:59
223.6701	26.19	35.00	7.7723	9.99	2022-08-11	16:04:59
223.7118	26.19	35.00	7.7630	9.99	2022-08-11	17:04:59
223.7535	26.11	35.00	7.7574	9.99	2022-08-11	18:04:59
223.7951	26.08	35.00	7.7215	9.98	2022-08-11	19:04:59
223.8368	25.97	35.00	7.6247	9.99	2022-08-11	20:04:59
223.8785	25.81	35.00	7.3914	9.98	2022-08-11	21:04:59
223.9201	25.79	35.00	7.1681	9.98	2022-08-11	22:04:59
223.9618	25.76	35.00	7.5681	9.98	2022-08-11	23:04:59
224.0035	25.66	35.00	7.7073	9.97	2022-08-12	00:04:59
224.0451	25.58	35.00	7.7342	9.97	2022-08-12	01:04:59
224.0868	25.52	35.00	7.7548	9.97	2022-08-12	02:04:59
224.1285	25.50	35.00	7.7416	9.97	2022-08-12	03:04:59
224.1701	25.50	35.00	7.7492	9.97	2022-08-12	04:04:59
224.2118	25.47	35.00	7.7274	9.96	2022-08-12	05:04:59
224.2535	25.44	35.00	7.7372	9.96	2022-08-12	06:04:59
224.2951	25.36	35.00	7.7287	9.96	2022-08-12	07:04:59
224.3368	25.18	35.00	7.6559	9.96	2022-08-12	08:04:59
224.3785	24.79	35.00	7.4596	9.96	2022-08-12	09:04:59
224.4201	24.58	35.00	7.2679	9.95	2022-08-12	10:04:59
224.4618	24.50	35.00	7.1412	9.95	2022-08-12	11:04:59
224.5035	24.45	35.00	7.0816	9.94	2022-08-12	12:04:59
224.5451	24.84	35.00	7.5132	9.94	2022-08-12	13:04:59
224.5868	24.95	35.00	7.6517	9.95	2022-08-12	14:04:59
224.6285	24.92	35.00	7.6884	9.95	2022-08-12	15:04:59
224.6701	25.05	35.00	7.7389	9.95	2022-08-12	16:04:59
224.7118	25.15	35.00	7.7388	9.95	2022-08-12	17:04:59
224.7535	25.23	35.00	7.7562	9.95	2022-08-12	18:04:59
224.7951	25.34	35.00	7.7504	9.95	2022-08-12	19:04:59
224.8368	25.44	35.00	7.7290	9.95	2022-08-12	20:04:59
224.8785	25.60	35.00	7.6256	9.95	2022-08-12	21:04:59
224.9201	25.63	35.00	7.3994	9.95	2022-08-12	22:04:59
224.9618	25.50	35.00	7.1813	9.95	2022-08-12	23:04:59
225.0035	25.31	35.00	7.3677	9.95	2022-08-13	00:04:59
225.0451	25.02	35.00	7.6139	9.95	2022-08-13	01:04:59
225.0868	25.05	35.00	7.6543	9.95	2022-08-13	02:04:59
225.1285	24.95	35.00	7.7090	9.94	2022-08-13	03:04:59
225.1701	24.84	35.00	7.7371	9.94	2022-08-13	04:04:59
225.2118	24.74	35.00	7.7334	9.93	2022-08-13	05:04:59
225.2535	24.66	35.00	7.7328	9.93	2022-08-13	06:04:59
225.2951	24.66	35.00	7.7359	9.93	2022-08-13	07:04:59
225.3368	24.53	35.00	7.7091	9.93	2022-08-13	08:04:59
225.3785	24.24	35.00	7.6235	9.92	2022-08-13	09:04:59
225.4201	23.86	35.00	7.4040	9.92	2022-08-13	10:04:59
225.4618	23.70	35.00	7.2564	9.91	2022-08-13	11:04:59
225.5035	23.63	35.00	7.1118	9.91	2022-08-13	12:04:59
225.5451	23.60	35.00	7.0363	9.91	2022-08-13	13:04:59
225.5868	23.93	35.00	7.5562	9.90	2022-08-13	14:04:59
225.6285	23.86	35.00	7.6382	9.91	2022-08-13	15:04:59
225.6701	23.99	35.00	7.7504	9.90	2022-08-13	16:04:59
225.7118	23.81	35.00	7.7342	9.90	2022-08-13	17:04:59
225.7535	23.88	35.00	7.7213	9.90	2022-08-13	18:04:59
225.7951	23.78	35.00	7.7273	9.90	2022-08-13	19:04:59
225.8368	24.11	35.00	7.7187	9.90	2022-08-13	20:04:59
225.8785	24.58	35.00	7.7096	9.90	2022-08-13	21:04:59
225.9201	25.10	35.00	7.6300	9.91	2022-08-13	22:04:59
225.9618	25.21	35.00	7.4377	9.91	2022-08-13	23:04:59
226.0035	25.08	35.00	7.2462	9.92	2022-08-14	00:04:59
226.0451	24.81	35.00	7.2027	9.92	2022-08-14	01:04:59
226.0868	22.99	35.00	7.6339	9.90	2022-08-14	02:04:59
226.1285	23.17	35.00	7.6659	9.89	2022-08-14	03:04:59
226.1701	23.17	35.00	7.6779	9.88	2022-08-14	04:04:59
226.2118	22.91	35.00	7.6948	9.88	2022-08-14	05:04:59
226.2535	22.64	35.00	7.6858	9.87	2022-08-14	06:04:59
226.2951	22.53	35.00	7.6761	9.87	2022-08-14	07:04:59
226.3368	22.46	35.00	7.7030	9.86	2022-08-14	08:04:59
226.3785	22.48	35.00	7.6564	9.85	2022-08-14	09:04:59
226.4201	22.36	35.00	7.5811	9.85	2022-08-14	10:04:59
226.4618	22.21	35.00	7.3956	9.85	2022-08-14	11:04:59
226.5035	22.28	35.00	7.2461	9.85	2022-08-14	12:04:59
226.5451	22.53	35.00	7.1517	9.85	2022-08-14	13:04:59
226.5868	22.76	35.00	7.0941	9.85	2022-08-14	14:04:59
226.6285	22.94	35.00	7.6281	9.85	2022-08-14	15:04:59
226.6701	23.47	35.00	7.7045	9.85	2022-08-14	16:04:59
226.7118	23.81	35.00	7.7284	9.86	2022-08-14	17:04:59
226.7535	23.78	35.00	7.7837	9.87	2022-08-14	18:04:59
226.7951	23.57	35.00	7.7913	9.87	2022-08-14	19:04:59
226.8368	23.55	35.00	7.7810	9.87	2022-08-14	20:04:59
226.8785	23.75	35.00	7.8195	9.87	2022-08-14	21:04:59
226.9201	24.04	35.00	7.7951	9.87	2022-08-14	22:04:59
226.9618	24.37	35.00	7.6806	9.87	2022-08-14	23:04:59
227.0035	24.24	35.00	7.4747	9.87	2022-08-15	00:04:59
227.0451	24.22	35.00	7.2654	9.87	2022-08-15	01:04:59
227.0868	24.11	35.00	7.2192	9.87	2022-08-15	02:04:59
227.1285	23.47	35.00	7.7169	9.86	2022-08-15	03:04:59
227.1701	23.63	35.00	7.7817	9.85	2022-08-15	04:04:59
227.2118	23.47	35.00	7.7987	9.85	2022-08-15	05:04:59
227.2535	23.12	35.00	7.7605	9.85	2022-08-15	06:04:59
227.2951	23.19	35.00	7.7424	9.85	2022-08-15	07:04:59
227.3368	23.22	35.00	7.7149	9.85	2022-08-15	08:04:59
227.3785	23.09	35.00	7.7099	9.84	2022-08-15	09:04:59
227.4201	22.94	35.00	7.6967	9.84	2022-08-15	10:04:59
227.4618	22.69	35.00	7.6047	9.84	2022-08-15	11:04:59
227.5035	22.58	35.00	7.4490	9.83	2022-08-15	12:04:59
227.5451	22.61	35.00	7.2629	9.83	2022-08-15	13:04:59
227.5868	22.76	35.00	7.1545	9.83	2022-08-15	14:04:59
227.6285	23.07	35.00	7.6533	9.83	2022-08-15	15:04:59
227.6701	23.40	35.00	7.7708	9.83	2022-08-15	16:04:59
227.7118	23.63	35.00	7.8562	9.83	2022-08-15	17:04:59
227.7535	23.60	35.00	7.8983	9.84	2022-08-15	18:04:59
227.7951	23.83	35.00	7.8777	9.84	2022-08-15	19:04:59
227.8368	23.88	35.00	7.8996	9.84	2022-08-15	20:04:59
227.8785	23.96	35.00	7.9055	9.84	2022-08-15	21:04:59
227.9201	23.93	35.00	7.8983	9.84	2022-08-15	22:04:59
227.9618	23.99	35.00	7.8510	9.84	2022-08-15	23:04:59
228.0035	24.17	35.00	7.7428	9.84	2022-08-16	00:04:59
228.0451	24.09	35.00	7.5390	9.84	2022-08-16	01:04:59
228.0868	24.01	35.00	7.3595	9.84	2022-08-16	02:04:59
228.1285	23.68	35.00	7.5457	9.84	2022-08-16	03:04:59
228.1701	23.24	35.00	7.7991	9.83	2022-08-16	04:04:59
228.2118	23.17	35.00	7.8402	9.83	2022-08-16	05:04:59
228.2535	23.14	35.00	7.8557	9.83	2022-08-16	06:04:59
228.2951	23.07	35.00	7.8444	9.82	2022-08-16	07:04:59
228.3368	23.01	35.00	7.8378	9.82	2022-08-16	08:04:59
228.3785	22.94	35.00	7.8300	9.82	2022-08-16	09:04:59
228.4201	22.91	35.00	7.8248	9.81	2022-08-16	10:04:59
228.4618	22.84	35.00	7.8073	9.81	2022-08-16	11:04:59
228.5035	22.69	35.00	7.7290	9.81	2022-08-16	12:04:59
228.5451	22.74	35.00	7.5491	9.81	2022-08-16	13:04:59
228.5868	22.96	35.00	7.3307	9.81	2022-08-16	14:04:59
228.6285	23.14	35.00	7.2046	9.81	2022-08-16	15:04:59
228.6701	23.63	35.00	7.8550	9.81	2022-08-16	16:04:59
228.7118	23.65	35.00	7.9176	9.81	2022-08-16	17:04:59
228.7535	23.73	35.00	7.9369	9.82	2022-08-16	18:04:59
228.7951	23.70	35.00	7.9323	9.82	2022-08-16	19:04:59
228.8368	23.70	35.00	7.9527	9.81	2022-08-16	20:04:59
228.8785	23.63	35.00	7.9526	9.82	2022-08-16	21:04:59
228.9201	23.60	35.00	7.9284	9.81	2022-08-16	22:04:59
228.9618	23.57	35.00	7.9605	9.81	2022-08-16	23:04:59
229.0035	23.52	35.00	7.9132	9.81	2022-08-17	00:04:59
229.0451	23.45	35.00	7.7764	9.81	2022-08-17	01:04:59
229.0868	23.37	35.00	7.5484	9.81	2022-08-17	02:04:59
229.1285	23.27	35.00	7.4022	9.80	2022-08-17	03:04:59
229.1701	23.17	35.00	7.4596	9.80	2022-08-17	04:04:59
229.2118	22.71	35.00	7.8016	9.80	2022-08-17	05:04:59
229.2535	22.64	35.00	7.8331	9.79	2022-08-17	06:04:59
229.2951	22.48	35.00	7.8278	9.79	2022-08-17	07:04:59
229.3368	22.33	35.00	7.8168	9.79	2022-08-17	08:04:59
229.3785	22.18	35.00	7.8092	9.78	2022-08-17	09:04:59
229.4201	22.11	35.00	7.8070	9.77	2022-08-17	10:04:59
229.4618	22.11	35.00	7.7952	9.77	2022-08-17	11:04:59
229.5035	22.13	35.00	7.7841	9.77	2022-08-17	12:04:59
229.5451	22.13	35.00	7.6949	9.77	2022-08-17	13:04:59
229.5868	22.18	35.00	7.5494	9.76	2022-08-17	14:04:59
229.6285	22.36	35.00	7.4147	9.77	2022-08-17	15:04:59
229.6701	22.46	35.00	7.3369	9.77	2022-08-17	16:04:59
229.7118	22.53	35.00	7.7812	9.77	2022-08-17	17:04:59
229.7535	22.66	35.00	7.8737	9.77	2022-08-17	18:04:59
229.7951	22.66	35.00	7.8911	9.77	2022-08-17	19:04:59
229.8368	22.71	35.00	7.9082	9.77	2022-08-17	20:04:59
229.8785	22.48	35.00	7.8812	9.77	2022-08-17	21:04:59
229.9201	22.46	35.00	7.8888	9.76	2022-08-17	22:04:59
229.9618	22.41	35.00	7.9085	9.76	2022-08-17	23:04:59
230.0035	22.41	35.00	7.8875	9.76	2022-08-18	00:04:59
230.0451	22.33	35.00	7.8103	9.76	2022-08-18	01:04:59
230.0868	22.16	35.00	7.6344	9.76	2022-08-18	02:04:59
230.1285	22.11	35.00	7.4129	9.75	2022-08-18	03:04:59
230.1701	22.11	35.00	7.2554	9.75	2022-08-18	04:04:59
230.2118	21.71	35.00	7.6975	9.75	2022-08-18	05:04:59
230.2535	21.61	35.00	7.8054	9.74	2022-08-18	06:04:59
230.2951	21.58	35.00	7.8060	9.74	2022-08-18	07:04:59
230.3368	22.03	35.00	7.7849	9.73	2022-08-18	08:04:59
230.3785	22.26	35.00	7.7752	9.74	2022-08-18	09:04:59
230.4201	22.26	35.00	7.7586	9.74	2022-08-18	10:04:59
230.4618	22.23	35.00	7.7472	9.74	2022-08-18	11:04:59
230.5035	22.06	35.00	7.7503	9.74	2022-08-18	12:04:59
230.5451	21.96	35.00	7.7245	9.74	2022-08-18	13:04:59
230.5868	21.68	35.00	7.6896	9.74	2022-08-18	14:04:59
230.6285	21.76	35.00	7.5287	9.73	2022-08-18	15:04:59
230.6701	21.98	35.00	7.3557	9.73	2022-08-18	16:04:59
230.7118	22.76	35.00	7.6746	9.73	2022-08-18	17:04:59
230.7535	22.96	35.00	7.7665	9.74	2022-08-18	18:04:59
230.7951	23.04	35.00	7.7720	9.74	2022-08-18	19:04:59
230.8368	22.96	35.00	7.7617	9.75	2022-08-18	20:04:59
230.8785	23.04	35.00	7.7961	9.75	2022-08-18	21:04:59
230.9201	23.12	35.00	7.7743	9.75	2022-08-18	22:04:59
230.9618	23.14	35.00	7.7905	9.74	2022-08-18	23:04:59
231.0035	23.07	35.00	7.8128	9.74	2022-08-19	00:04:59
231.0451	22.96	35.00	7.7879	9.75	2022-08-19	01:04:59
231.0868	22.84	35.00	7.7020	9.74	2022-08-19	02:04:59
231.1285	22.74	35.00	7.5700	9.74	2022-08-19	03:04:59
231.1701	22.66	35.00	7.4104	9.74	2022-08-19	04:04:59
231.2118	22.53	35.00	7.2569	9.73	2022-08-19	05:04:59
231.2535	22.51	35.00	7.2262	9.73	2022-08-19	06:04:59
231.2951	22.38	35.00	7.5835	9.73	2022-08-19	07:04:59
231.3368	22.53	35.00	7.6635	9.73	2022-08-19	08:04:59
231.3785	22.56	35.00	7.7584	9.73	2022-08-19	09:04:59
231.4201	22.46	35.00	7.7366	9.73	2022-08-19	10:04:59
231.4618	22.38	35.00	7.7155	9.73	2022-08-19	11:04:59
231.5035	22.38	35.00	7.7015	9.72	2022-08-19	12:04:59
231.5451	22.48	35.00	7.7180	9.72	2022-08-19	13:04:59
231.5868	22.69	35.00	7.7154	9.72	2022-08-19	14:04:59
231.6285	22.86	35.00	7.6249	9.72	2022-08-19	15:04:59
231.6701	23.12	35.00	7.3905	9.73	2022-08-19	16:04:59
231.7118	23.37	35.00	7.2864	9.73	2022-08-19	17:04:59
231.7535	23.93	35.00	7.6830	9.74	2022-08-19	18:04:59
231.7951	24.11	35.00	7.8156	9.74	2022-08-19	19:04:59
231.8368	24.32	35.00	7.8565	9.75	2022-08-19	20:04:59
231.8785	24.37	35.00	7.8767	9.75	2022-08-19	21:04:59
231.9201	24.22	35.00	7.8768	9.75	2022-08-19	22:04:59
231.9618	24.17	35.00	7.8785	9.75	2022-08-19	23:04:59
232.0035	24.19	35.00	7.8476	9.74	2022-08-20	00:04:59
232.0451	24.09	35.00	7.8408	9.74	2022-08-20	01:04:59
232.0868	24.09	35.00	7.8266	9.74	2022-08-20	02:04:59
232.1285	24.11	35.00	7.7395	9.74	2022-08-20	03:04:59
232.1701	24.01	35.00	7.5694	9.74	2022-08-20	04:04:59
232.2118	23.93	35.00	7.3293	9.74	2022-08-20	05:04:59
232.2535	23.88	35.00	7.1879	9.74	2022-08-20	06:04:59
232.2951	23.68	35.00	7.4364	9.73	2022-08-20	07:04:59
232.3368	23.75	35.00	7.6907	9.73	2022-08-20	08:04:59
232.3785	23.65	35.00	7.7330	9.73	2022-08-20	09:04:59
232.4201	23.65	35.00	7.7460	9.73	2022-08-20	10:04:59
232.4618	23.57	35.00	7.7343	9.73	2022-08-20	11:04:59
232.5035	23.55	35.00	7.6782	9.72	2022-08-20	12:04:59
232.5451	23.55	35.00	7.6843	9.72	2022-08-20	13:04:59
232.5868	23.75	35.00	7.6975	9.72	2022-08-20	14:04:59
232.6285	23.96	35.00	7.7094	9.72	2022-08-20	15:04:59
232.6701	24.09	35.00	7.6609	9.73	2022-08-20	16:04:59
232.7118	24.35	35.00	7.5120	9.73	2022-08-20	17:04:59
232.7535	24.68	35.00	7.4198	9.73	2022-08-20	18:04:59
232.7951	24.95	35.00	7.7255	9.73	2022-08-20	19:04:59
232.8368	25.15	35.00	7.8070	9.74	2022-08-20	20:04:59
232.8785	25.23	35.00	7.8410	9.74	2022-08-20	21:04:59
232.9201	25.15	35.00	7.8504	9.74	2022-08-20	22:04:59
232.9618	25.05	35.00	7.8424	9.74	2022-08-20	23:04:59
233.0035	24.95	35.00	7.8258	9.74	2022-08-21	00:04:59
233.0451	24.84	35.00	7.8407	9.74	2022-08-21	01:04:59
233.0868	24.87	35.00	7.8335	9.73	2022-08-21	02:04:59
233.1285	24.87	35.00	7.7914	9.74	2022-08-21	03:04:59
233.1701	24.84	35.00	7.7246	9.73	2022-08-21	04:04:59
233.2118	24.74	35.00	7.5620	9.73	2022-08-21	05:04:59
233.2535	24.68	35.00	7.3712	9.73	2022-08-21	06:04:59
233.2951	24.66	35.00	7.2420	9.73	2022-08-21	07:04:59
233.3368	24.50	35.00	7.3541	9.73	2022-08-21	08:04:59
233.3785	24.32	35.00	7.6357	9.72	2022-08-21	09:04:59
233.4201	24.19	35.00	7.6240	9.72	2022-08-21	10:04:59
233.4618	24.19	35.00	7.6780	9.72	2022-08-21	11:04:59
233.5035	24.22	35.00	7.6891	9.72	2022-08-21	12:04:59
233.5451	24.30	35.00	7.7207	9.71	2022-08-21	13:04:59
233.5868	24.45	35.00	7.7026	9.71	2022-08-21	14:04:59
233.6285	24.71	35.00	7.6959	9.72	2022-08-21	15:04:59
233.6701	24.92	35.00	7.6853	9.72	2022-08-21	16:04:59
233.7118	25.23	35.00	7.6194	9.72	2022-08-21	17:04:59
233.7535	25.63	35.00	7.4768	9.72	2022-08-21	18:04:59
233.7951	25.68	35.00	7.4562	9.73	2022-08-21	19:04:59
233.8368	25.60	35.00	7.7502	9.73	2022-08-21	20:04:59
233.8785	25.47	35.00	7.7758	9.73	2022-08-21	21:04:59
233.9201	25.55	35.00	7.8444	9.73	2022-08-21	22:04:59
233.9618	25.58	35.00	7.8741	9.73	2022-08-21	23:04:59
234.0035	25.52	35.00	7.8672	9.73	2022-08-22	00:04:59
234.0451	25.55	35.00	7.8485	9.73	2022-08-22	01:04:59
234.0868	25.55	35.00	7.8370	9.72	2022-08-22	02:04:59
234.1285	25.42	35.00	7.8659	9.72	2022-08-22	03:04:59
234.1701	25.26	35.00	7.8055	9.72	2022-08-22	04:04:59
234.2118	25.05	35.00	7.7202	9.72	2022-08-22	05:04:59
234.2535	24.87	35.00	7.5424	9.72	2022-08-22	06:04:59
234.2951	24.87	35.00	7.3536	9.71	2022-08-22	07:04:59
234.3368	24.84	35.00	7.2182	9.71	2022-08-22	08:04:59
234.3785	24.71	35.00	7.3634	9.70	2022-08-22	09:04:59
234.4201	24.58	35.00	7.6396	9.70	2022-08-22	10:04:59
234.4618	24.37	35.00	7.6292	9.70	2022-08-22	11:04:59
234.5035	24.37	35.00	7.6798	9.70	2022-08-22	12:04:59
234.5451	24.40	35.00	7.6912	9.69	2022-08-22	13:04:59
234.5868	24.37	35.00	7.6780	9.69	2022-08-22	14:04:59
234.6285	24.40	35.00	7.6860	9.69	2022-08-22	15:04:59
234.6701	24.37	35.00	7.6895	9.69	2022-08-22	16:04:59
234.7118	24.37	35.00	7.6632	9.69	2022-08-22	17:04:59
234.7535	24.40	35.00	7.5880	9.69	2022-08-22	18:04:59
234.7951	24.48	35.00	7.4697	9.69	2022-08-22	19:04:59
234.8368	24.40	35.00	7.4556	9.69	2022-08-22	20:04:59
234.8785	24.04	35.00	7.6543	9.68	2022-08-22	21:04:59
234.9201	24.11	35.00	7.6862	9.68	2022-08-22	22:04:59
234.9618	24.11	35.00	7.6972	9.68	2022-08-22	23:04:59
235.0035	24.01	35.00	7.7300	9.67	2022-08-23	00:04:59
235.0451	23.91	35.00	7.7425	9.67	2022-08-23	01:04:59
235.0868	23.83	35.00	7.7581	9.67	2022-08-23	02:04:59
235.1285	23.75	35.00	7.7420	9.66	2022-08-23	03:04:59
235.1701	23.78	35.00	7.7505	9.66	2022-08-23	04:04:59
235.2118	23.83	35.00	7.7062	9.66	2022-08-23	05:04:59
235.2535	23.86	35.00	7.5849	9.66	2022-08-23	06:04:59
235.2951	23.86	35.00	7.3918	9.66	2022-08-23	07:04:59
235.3368	23.91	35.00	7.2014	9.66	2022-08-23	08:04:59
235.3785	23.93	35.00	7.1241	9.66	2022-08-23	09:04:59
235.4201	23.65	35.00	7.3924	9.66	2022-08-23	10:04:59
235.4618	23.68	35.00	7.5419	9.66	2022-08-23	11:04:59
235.5035	23.70	35.00	7.6078	9.65	2022-08-23	12:04:59
235.5451	23.70	35.00	7.6253	9.65	2022-08-23	13:04:59
235.5868	23.73	35.00	7.5988	9.65	2022-08-23	14:04:59
235.6285	23.75	35.00	7.5716	9.65	2022-08-23	15:04:59
235.6701	23.86	35.00	7.6110	9.65	2022-08-23	16:04:59
235.7118	24.17	35.00	7.6207	9.65	2022-08-23	17:04:59
235.7535	24.19	35.00	7.6168	9.65	2022-08-23	18:04:59
235.7951	24.32	35.00	7.5285	9.65	2022-08-23	19:04:59
235.8368	24.61	35.00	7.3617	9.66	2022-08-23	20:04:59
235.8785	24.63	35.00	7.3666	9.66	2022-08-23	21:04:59
235.9201	24.58	35.00	7.6694	9.66	2022-08-23	22:04:59
235.9618	24.42	35.00	7.7230	9.66	2022-08-23	23:04:59
236.0035	24.42	35.00	7.7265	9.65	2022-08-24	00:04:59
236.0451	24.45	35.00	7.7548	9.65	2022-08-24	01:04:59
236.0868	24.45	35.00	7.7429	9.65	2022-08-24	02:04:59
236.1285	24.37	35.00	7.7310	9.65	2022-08-24	03:04:59
236.1701	24.30	35.00	7.7181	9.65	2022-08-24	04:04:59
236.2118	24.30	35.00	7.7079	9.65	2022-08-24	05:04:59
236.2535	24.30	35.00	7.6915	9.65	2022-08-24	06:04:59
236.2951	24.19	35.00	7.5410	9.64	2022-08-24	07:04:59
236.3368	24.19	35.00	7.3411	9.64	2022-08-24	08:04:59
236.3785	24.24	35.00	7.1434	9.64	2022-08-24	09:04:59
236.4201	24.24	35.00	7.0845	9.64	2022-08-24	10:04:59
236.4618	24.11	35.00	7.2937	9.64	2022-08-24	11:04:59
236.5035	23.99	35.00	7.5347	9.64	2022-08-24	12:04:59
236.5451	24.01	35.00	7.6212	9.63	2022-08-24	13:04:59
236.5868	24.17	35.00	7.6685	9.64	2022-08-24	14:04:59
236.6285	24.32	35.00	7.6771	9.64	2022-08-24	15:04:59
236.6701	24.40	35.00	7.6437	9.64	2022-08-24	16:04:59
236.7118	24.53	35.00	7.7017	9.64	2022-08-24	17:04:59
236.7535	24.84	35.00	7.6871	9.64	2022-08-24	18:04:59
236.7951	25.08	35.00	7.6519	9.64	2022-08-24	19:04:59
236.8368	25.47	35.00	7.5045	9.65	2022-08-24	20:04:59
236.8785	25.66	35.00	7.3540	9.65	2022-08-24	21:04:59
236.9201	25.36	35.00	7.4301	9.66	2022-08-24	22:04:59
236.9618	25.26	35.00	7.6670	9.65	2022-08-24	23:04:59
237.0035	25.15	35.00	7.6998	9.65	2022-08-25	00:04:59
237.0451	25.08	35.00	7.6999	9.65	2022-08-25	01:04:59
237.0868	25.00	35.00	7.6700	9.65	2022-08-25	02:04:59
237.1285	24.92	35.00	7.6863	9.64	2022-08-25	03:04:59
237.1701	24.76	35.00	7.6711	9.64	2022-08-25	04:04:59
237.2118	24.71	35.00	7.6804	9.64	2022-08-25	05:04:59
237.2535	24.76	35.00	7.6461	9.64	2022-08-25	06:04:59
237.2951	24.74	35.00	7.5976	9.63	2022-08-25	07:04:59
237.3368	24.68	35.00	7.4736	9.63	2022-08-25	08:04:59
237.3785	24.79	35.00	7.3213	9.63	2022-08-25	09:04:59
237.4201	24.87	35.00	7.0973	9.63	2022-08-25	10:04:59
237.4618	24.87	35.00	7.0657	9.63	2022-08-25	11:04:59
237.5035	24.53	35.00	7.4071	9.63	2022-08-25	12:04:59
237.5451	24.63	35.00	7.5534	9.63	2022-08-25	13:04:59
237.5868	24.74	35.00	7.6257	9.63	2022-08-25	14:04:59
237.6285	25.02	35.00	7.6678	9.63	2022-08-25	15:04:59
237.6701	25.23	35.00	7.6328	9.63	2022-08-25	16:04:59
237.7118	25.50	35.00	7.7135	9.63	2022-08-25	17:04:59
237.7535	25.79	35.00	7.7131	9.64	2022-08-25	18:04:59
237.7951	25.95	35.00	7.7017	9.64	2022-08-25	19:04:59
237.8368	26.19	35.00	7.6662	9.64	2022-08-25	20:04:59
237.8785	26.53	35.00	7.5459	9.65	2022-08-25	21:04:59
237.9201	26.64	35.00	7.3474	9.65	2022-08-25	22:04:59
237.9618	26.29	35.00	7.6128	9.65	2022-08-25	23:04:59
238.0035	26.05	35.00	7.6747	9.65	2022-08-26	00:04:59
238.0451	25.84	35.00	7.6594	9.64	2022-08-26	01:04:59
238.0868	25.84	35.00	7.6956	9.64	2022-08-26	02:04:59
238.1285	25.84	35.00	7.6821	9.64	2022-08-26	03:04:59
238.1701	25.89	35.00	7.6921	9.64	2022-08-26	04:04:59
238.2118	25.84	35.00	7.6635	9.64	2022-08-26	05:04:59
238.2535	25.79	35.00	7.6755	9.64	2022-08-26	06:04:59
238.2951	25.71	35.00	7.6673	9.64	2022-08-26	07:04:59
238.3368	25.58	35.00	7.5427	9.63	2022-08-26	08:04:59
238.3785	25.52	35.00	7.4081	9.63	2022-08-26	09:04:59
238.4201	25.66	35.00	7.2573	9.63	2022-08-26	10:04:59
238.4618	25.68	35.00	7.1326	9.63	2022-08-26	11:04:59
238.5035	25.18	35.00	7.3335	9.62	2022-08-26	12:04:59
238.5451	25.08	35.00	7.5494	9.62	2022-08-26	13:04:59
238.5868	25.18	35.00	7.6039	9.61	2022-08-26	14:04:59
238.6285	25.36	35.00	7.6679	9.61	2022-08-26	15:04:59
238.6701	25.58	35.00	7.6778	9.61	2022-08-26	16:04:59
238.7118	25.73	35.00	7.7054	9.62	2022-08-26	17:04:59
238.7535	25.97	35.00	7.7250	9.62	2022-08-26	18:04:59
238.7951	26.24	35.00	7.7243	9.62	2022-08-26	19:04:59
238.8368	26.43	35.00	7.7099	9.62	2022-08-26	20:04:59
238.8785	26.70	35.00	7.6330	9.63	2022-08-26	21:04:59
238.9201	27.02	35.00	7.4688	9.63	2022-08-26	22:04:59
238.9618	27.07	35.00	7.3705	9.64	2022-08-26	23:04:59
239.0035	26.78	35.00	7.6117	9.64	2022-08-27	00:04:59
239.0451	26.70	35.00	7.6700	9.63	2022-08-27	01:04:59
239.0868	26.53	35.00	7.6952	9.63	2022-08-27	02:04:59
239.1285	26.48	35.00	7.6945	9.62	2022-08-27	03:04:59
239.1701	26.45	35.00	7.7049	9.62	2022-08-27	04:04:59
239.2118	26.32	35.00	7.7085	9.62	2022-08-27	05:04:59
239.2535	26.24	35.00	7.7171	9.62	2022-08-27	06:04:59
239.2951	26.13	35.00	7.7054	9.62	2022-08-27	07:04:59
239.3368	26.08	35.00	7.6569	9.62	2022-08-27	08:04:59
239.3785	25.84	35.00	7.5651	9.61	2022-08-27	09:04:59
239.4201	25.73	35.00	7.4017	9.61	2022-08-27	10:04:59
239.4618	25.84	35.00	7.2362	9.60	2022-08-27	11:04:59
239.5035	25.89	35.00	7.2347	9.61	2022-08-27	12:04:59
239.5451	25.87	35.00	7.4281	9.60	2022-08-27	13:04:59
239.5868	25.71	35.00	7.5552	9.60	2022-08-27	14:04:59
239.6285	25.76	35.00	7.6127	9.60	2022-08-27	15:04:59
239.6701	25.71	35.00	7.6499	9.60	2022-08-27	16:04:59
239.7118	25.63	35.00	7.6352	9.59	2022-08-27	17:04:59
239.7535	25.55	35.00	7.6360	9.59	2022-08-27	18:04:59
239.7951	25.95	35.00	7.7189	9.59	2022-08-27	19:04:59
239.8368	26.13	35.00	7.7173	9.60	2022-08-27	20:04:59
239.8785	26.32	35.00	7.6756	9.60	2022-08-27	21:04:59
239.9201	26.45	35.00	7.5393	9.60	2022-08-27	22:04:59
239.9618	26.51	35.00	7.3495	9.61	2022-08-27	23:04:59
240.0035	25.26	35.00	7.5595	9.60	2022-08-28	00:04:59
240.0451	24.63	35.00	7.6907	9.58	2022-08-28	01:04:59
240.0868	24.50	35.00	7.7356	9.57	2022-08-28	02:04:59
240.1285	24.58	35.00	7.7738	9.57	2022-08-28	03:04:59
240.1701	24.50	35.00	7.7769	9.56	2022-08-28	04:04:59
240.2118	24.40	35.00	7.7415	9.56	2022-08-28	05:04:59
240.2535	24.35	35.00	7.7525	9.56	2022-08-28	06:04:59
240.2951	24.27	35.00	7.7303	9.55	2022-08-28	07:04:59
240.3368	24.24	35.00	7.7393	9.55	2022-08-28	08:04:59
240.3785	24.14	35.00	7.6816	9.55	2022-08-28	09:04:59
240.4201	24.04	35.00	7.5759	9.54	2022-08-28	10:04:59
240.4618	24.24	35.00	7.3599	9.55	2022-08-28	11:04:59
240.5035	24.45	35.00	7.2306	9.55	2022-08-28	12:04:59
240.5451	24.01	35.00	7.3933	9.55	2022-08-28	13:04:59
240.5868	24.14	35.00	7.6299	9.54	2022-08-28	14:04:59
240.6285	24.40	35.00	7.7214	9.54	2022-08-28	15:04:59
240.6701	24.63	35.00	7.7662	9.54	2022-08-28	16:04:59
240.7118	24.81	35.00	7.8162	9.55	2022-08-28	17:04:59
240.7535	25.00	35.00	7.8175	9.55	2022-08-28	18:04:59
240.7951	25.15	35.00	7.8684	9.55	2022-08-28	19:04:59
240.8368	25.34	35.00	7.8482	9.55	2022-08-28	20:04:59
240.8785	25.39	35.00	7.8146	9.56	2022-08-28	21:04:59
240.9201	25.52	35.00	7.7489	9.56	2022-08-28	22:04:59
240.9618	25.71	35.00	7.5546	9.56	2022-08-28	23:04:59
241.0035	25.71	35.00	7.4128	9.57	2022-08-29	00:04:59
241.0451	24.95	35.00	7.7115	9.56	2022-08-29	01:04:59
241.0868	24.63	35.00	7.7974	9.55	2022-08-29	02:04:59
241.1285	24.45	35.00	7.8258	9.54	2022-08-29	03:04:59
241.1701	24.40	35.00	7.8252	9.54	2022-08-29	04:04:59
241.2118	24.30	35.00	7.8004	9.54	2022-08-29	05:04:59
241.2535	24.22	35.00	7.7882	9.53	2022-08-29	06:04:59
241.2951	24.17	35.00	7.7591	9.53	2022-08-29	07:04:59
241.3368	24.01	35.00	7.7778	9.53	2022-08-29	08:04:59
241.3785	23.99	35.00	7.7887	9.52	2022-08-29	09:04:59
241.4201	23.78	35.00	7.7281	9.52	2022-08-29	10:04:59
241.4618	23.75	35.00	7.5910	9.51	2022-08-29	11:04:59
241.5035	23.96	35.00	7.3591	9.52	2022-08-29	12:04:59
241.5451	24.06	35.00	7.2553	9.52	2022-08-29	13:04:59
241.5868	24.04	35.00	7.6139	9.52	2022-08-29	14:04:59
241.6285	24.37	35.00	7.7456	9.52	2022-08-29	15:04:59
241.6701	24.61	35.00	7.8061	9.52	2022-08-29	16:04:59
241.7118	24.81	35.00	7.8017	9.53	2022-08-29	17:04:59
241.7535	25.00	35.00	7.7816	9.53	2022-08-29	18:04:59
241.7951	25.08	35.00	7.8114	9.53	2022-08-29	19:04:59
241.8368	25.36	35.00	7.8043	9.53	2022-08-29	20:04:59
241.8785	25.42	35.00	7.8316	9.54	2022-08-29	21:04:59
241.9201	25.50	35.00	7.7939	9.54	2022-08-29	22:04:59
241.9618	25.71	35.00	7.7159	9.54	2022-08-29	23:04:59
242.0035	25.76	35.00	7.5382	9.54	2022-08-30	00:04:59
242.0451	25.66	35.00	7.3537	9.54	2022-08-30	01:04:59
242.0868	24.74	35.00	7.7658	9.54	2022-08-30	02:04:59
242.1285	24.68	35.00	7.8187	9.53	2022-08-30	03:04:59
242.1701	24.76	35.00	7.8138	9.52	2022-08-30	04:04:59
242.2118	24.81	35.00	7.8043	9.52	2022-08-30	05:04:59
242.2535	24.74	35.00	7.8248	9.52	2022-08-30	06:04:59
242.2951	24.71	35.00	7.7953	9.52	2022-08-30	07:04:59
242.3368	24.71	35.00	7.7625	9.52	2022-08-30	08:04:59
242.3785	24.63	35.00	7.7937	9.51	2022-08-30	09:04:59
242.4201	24.53	35.00	7.7601	9.51	2022-08-30	10:04:59
242.4618	24.42	35.00	7.6513	9.51	2022-08-30	11:04:59
242.5035	24.50	35.00	7.4798	9.51	2022-08-30	12:04:59
242.5451	24.68	35.00	7.3168	9.51	2022-08-30	13:04:59
242.5868	24.76	35.00	7.4374	9.51	2022-08-30	14:04:59
242.6285	25.10	35.00	7.6271	9.51	2022-08-30	15:04:59
242.6701	25.34	35.00	7.6712	9.51	2022-08-30	16:04:59
242.7118	25.52	35.00	7.6965	9.52	2022-08-30	17:04:59
242.7535	25.52	35.00	7.7105	9.52	2022-08-30	18:04:59
242.7951	25.55	35.00	7.7128	9.52	2022-08-30	19:04:59
242.8368	25.63	35.00	7.7009	9.52	2022-08-30	20:04:59
242.8785	25.73	35.00	7.7016	9.52	2022-08-30	21:04:59
242.9201	25.84	35.00	7.6795	9.52	2022-08-30	22:04:59
242.9618	26.08	35.00	7.6354	9.52	2022-08-30	23:04:59
243.0035	26.24	35.00	7.5176	9.53	2022-08-31	00:04:59
243.0451	26.21	35.00	7.3813	9.53	2022-08-31	01:04:59
243.0868	26.19	35.00	7.3022	9.53	2022-08-31	02:04:59
243.1285	25.52	35.00	7.5099	9.53	2022-08-31	03:04:59
243.1701	25.47	35.00	7.6155	9.52	2022-08-31	04:04:59
243.2118	25.44	35.00	7.6433	9.51	2022-08-31	05:04:59
243.2535	25.42	35.00	7.6008	9.51	2022-08-31	06:04:59
243.2951	25.29	35.00	7.6080	9.51	2022-08-31	07:04:59
243.3368	25.18	35.00	7.6283	9.51	2022-08-31	08:04:59
243.3785	25.13	35.00	7.5769	9.50	2022-08-31	09:04:59
243.4201	25.21	35.00	7.5852	9.50	2022-08-31	10:04:59
243.4618	25.23	35.00	7.5219	9.50	2022-08-31	11:04:59
243.5035	25.21	35.00	7.4219	9.50	2022-08-31	12:04:59
243.5451	25.29	35.00	7.2735	9.50	2022-08-31	13:04:59
243.5868	25.36	35.00	7.2077	9.50	2022-08-31	14:04:59
243.6285	25.23	35.00	7.3892	9.50	2022-08-31	15:04:59
243.6701	25.52	35.00	7.5618	9.50	2022-08-31	16:04:59
243.7118	25.68	35.00	7.6122	9.50	2022-08-31	17:04:59
243.7535	25.87	35.00	7.6501	9.50	2022-08-31	18:04:59
243.7951	25.97	35.00	7.6834	9.50	2022-08-31	19:04:59
243.8368	25.97	35.00	7.6688	9.51	2022-08-31	20:04:59
243.8785	25.97	35.00	7.6876	9.50	2022-08-31	21:04:59
243.9201	26.05	35.00	7.6865	9.51	2022-08-31	22:04:59
243.9618	26.19	35.00	7.6592	9.51	2022-08-31	23:04:59
244.0035	26.51	35.00	7.5469	9.51	2022-09-01	00:04:59
244.0451	26.48	35.00	7.3858	9.51	2022-09-01	01:04:59
244.0868	26.43	35.00	7.2398	9.51	2022-09-01	02:04:59
244.1285	26.32	35.00	7.1725	9.51	2022-09-01	03:04:59
244.1701	25.39	35.00	7.4672	9.51	2022-09-01	04:04:59
244.2118	25.29	35.00	7.5912	9.49	2022-09-01	05:04:59
244.2535	25.23	35.00	7.6029	9.49	2022-09-01	06:04:59
244.2951	25.08	35.00	7.6175	9.48	2022-09-01	07:04:59
244.3368	25.02	35.00	7.6188	9.48	2022-09-01	08:04:59
244.3785	24.89	35.00	7.6369	9.48	2022-09-01	09:04:59
244.4201	24.81	35.00	7.6132	9.47	2022-09-01	10:04:59
244.4618	24.71	35.00	7.5712	9.47	2022-09-01	11:04:59
244.5035	24.55	35.00	7.5284	9.47	2022-09-01	12:04:59
244.5451	24.53	35.00	7.4179	9.46	2022-09-01	13:04:59
244.5868	24.76	35.00	7.2393	9.46	2022-09-01	14:04:59
244.6285	24.92	35.00	7.1658	9.46	2022-09-01	15:04:59
244.6701	25.02	35.00	7.5622	9.46	2022-09-01	16:04:59
244.7118	25.21	35.00	7.6818	9.47	2022-09-01	17:04:59
244.7535	25.34	35.00	7.6932	9.47	2022-09-01	18:04:59
244.7951	25.39	35.00	7.7062	9.47	2022-09-01	19:04:59
244.8368	25.39	35.00	7.6291	9.47	2022-09-01	20:04:59
244.8785	25.44	35.00	7.7421	9.47	2022-09-01	21:04:59
244.9201	25.42	35.00	7.7311	9.47	2022-09-01	22:04:59
244.9618	25.31	35.00	7.7266	9.47	2022-09-01	23:04:59
245.0035	25.26	35.00	7.6466	9.47	2022-09-02	00:04:59
245.0451	25.13	35.00	7.5447	9.46	2022-09-02	01:04:59
245.0868	25.02	35.00	7.3778	9.46	2022-09-02	02:04:59
245.1285	24.92	35.00	7.2262	9.46	2022-09-02	03:04:59
245.1701	24.81	35.00	7.2564	9.46	2022-09-02	04:04:59
245.2118	24.50	35.00	7.5090	9.45	2022-09-02	05:04:59
245.2535	24.35	35.00	7.6072	9.44	2022-09-02	06:04:59
245.2951	24.09	35.00	7.6490	9.44	2022-09-02	07:04:59
245.3368	24.06	35.00	7.6565	9.43	2022-09-02	08:04:59
245.3785	24.01	35.00	7.6517	9.43	2022-09-02	09:04:59
245.4201	23.91	35.00	7.6623	9.43	2022-09-02	10:04:59
245.4618	23.81	35.00	7.6443	9.43	2022-09-02	11:04:59
245.5035	23.70	35.00	7.6305	9.42	2022-09-02	12:04:59
245.5451	23.65	35.00	7.5716	9.42	2022-09-02	13:04:59
245.5868	23.70	35.00	7.4002	9.41	2022-09-02	14:04:59
245.6285	23.93	35.00	7.2595	9.42	2022-09-02	15:04:59
245.6701	24.17	35.00	7.5135	9.42	2022-09-02	16:04:59
245.7118	24.48	35.00	7.6256	9.42	2022-09-02	17:04:59
245.7535	24.74	35.00	7.6419	9.43	2022-09-02	18:04:59
245.7951	24.89	35.00	7.7066	9.43	2022-09-02	19:04:59
245.8368	24.95	35.00	7.7476	9.43	2022-09-02	20:04:59
245.8785	24.92	35.00	7.7749	9.43	2022-09-02	21:04:59
245.9201	24.87	35.00	7.7184	9.43	2022-09-02	22:04:59
245.9618	24.76	35.00	7.7165	9.43	2022-09-02	23:04:59
246.0035	24.71	35.00	7.7606	9.43	2022-09-03	00:04:59
246.0451	24.53	35.00	7.7132	9.43	2022-09-03	01:04:59
246.0868	24.24	35.00	7.5837	9.42	2022-09-03	02:04:59
246.1285	23.93	35.00	7.4081	9.42	2022-09-03	03:04:59
246.1701	23.75	35.00	7.2645	9.41	2022-09-03	04:04:59
246.2118	23.73	35.00	7.3633	9.40	2022-09-03	05:04:59
246.2535	23.45	35.00	7.6397	9.40	2022-09-03	06:04:59
246.2951	23.32	35.00	7.7094	9.39	2022-09-03	07:04:59
246.3368	23.27	35.00	7.7261	9.39	2022-09-03	08:04:59
246.3785	23.24	35.00	7.7379	9.39	2022-09-03	09:04:59
246.4201	23.19	35.00	7.7524	9.39	2022-09-03	10:04:59
246.4618	23.12	35.00	7.7529	9.39	2022-09-03	11:04:59
246.5035	23.01	35.00	7.7326	9.38	2022-09-03	12:04:59
246.5451	23.01	35.00	7.7248	9.38	2022-09-03	13:04:59
246.5868	23.04	35.00	7.6678	9.38	2022-09-03	14:04:59
246.6285	23.14	35.00	7.4702	9.38	2022-09-03	15:04:59
246.6701	23.34	35.00	7.3921	9.38	2022-09-03	16:04:59
246.7118	23.93	35.00	7.5970	9.38	2022-09-03	17:04:59
246.7535	24.19	35.00	7.6952	9.39	2022-09-03	18:04:59
246.7951	24.40	35.00	7.7341	9.39	2022-09-03	19:04:59
246.8368	24.53	35.00	7.8343	9.40	2022-09-03	20:04:59
246.8785	24.37	35.00	7.8070	9.40	2022-09-03	21:04:59
246.9201	24.45	35.00	7.7851	9.40	2022-09-03	22:04:59
246.9618	24.37	35.00	7.8042	9.40	2022-09-03	23:04:59
247.0035	24.24	35.00	7.8182	9.40	2022-09-04	00:04:59
247.0451	24.11	35.00	7.7678	9.39	2022-09-04	01:04:59
247.0868	23.91	35.00	7.7414	9.39	2022-09-04	02:04:59
247.1285	23.60	35.00	7.6244	9.39	2022-09-04	03:04:59
247.1701	23.34	35.00	7.4305	9.38	2022-09-04	04:04:59
247.2118	23.17	35.00	7.2686	9.37	2022-09-04	05:04:59
247.2535	23.34	35.00	7.3835	9.37	2022-09-04	06:04:59
247.2951	23.12	35.00	7.6098	9.36	2022-09-04	07:04:59
247.3368	23.07	35.00	7.6615	9.36	2022-09-04	08:04:59
247.3785	22.99	35.00	7.7004	9.36	2022-09-04	09:04:59
247.4201	22.84	35.00	7.7176	9.35	2022-09-04	10:04:59
247.4618	22.81	35.00	7.7271	9.35	2022-09-04	11:04:59
247.5035	22.79	35.00	7.7062	9.35	2022-09-04	12:04:59
247.5451	22.89	35.00	7.6882	9.35	2022-09-04	13:04:59
247.5868	23.04	35.00	7.6867	9.35	2022-09-04	14:04:59
247.6285	23.19	35.00	7.6589	9.35	2022-09-04	15:04:59
247.6701	23.40	35.00	7.4716	9.35	2022-09-04	16:04:59
247.7118	23.70	35.00	7.3304	9.35	2022-09-04	17:04:59
247.7535	24.14	35.00	7.6475	9.36	2022-09-04	18:04:59
247.7951	24.24	35.00	7.7372	9.37	2022-09-04	19:04:59
247.8368	24.30	35.00	7.7775	9.37	2022-09-04	20:04:59
247.8785	24.24	35.00	7.7857	9.37	2022-09-04	21:04:59
247.9201	24.14	35.00	7.7661	9.37	2022-09-04	22:04:59
247.9618	24.06	35.00	7.7881	9.37	2022-09-04	23:04:59
248.0035	24.01	35.00	7.7907	9.37	2022-09-05	00:04:59
248.0451	23.96	35.00	7.7973	9.36	2022-09-05	01:04:59
248.0868	23.91	35.00	7.7443	9.36	2022-09-05	02:04:59
248.1285	23.81	35.00	7.7102	9.36	2022-09-05	03:04:59
248.1701	23.68	35.00	7.5689	9.36	2022-09-05	04:04:59
248.2118	23.63	35.00	7.3858	9.35	2022-09-05	05:04:59
248.2535	23.55	35.00	7.2687	9.35	2022-09-05	06:04:59
248.2951	23.45	35.00	7.1788	9.35	2022-09-05	07:04:59
248.3368	23.42	35.00	7.4585	9.35	2022-09-05	08:04:59
248.3785	23.42	35.00	7.6146	9.34	2022-09-05	09:04:59
248.4201	23.22	35.00	7.6154	9.34	2022-09-05	10:04:59
248.4618	23.12	35.00	7.6599	9.33	2022-09-05	11:04:59
248.5035	23.01	35.00	7.6443	9.33	2022-09-05	12:04:59
248.5451	23.09	35.00	7.6657	9.33	2022-09-05	13:04:59
248.5868	23.22	35.00	7.6470	9.33	2022-09-05	14:04:59
248.6285	23.47	35.00	7.6264	9.33	2022-09-05	15:04:59
248.6701	23.73	35.00	7.5386	9.33	2022-09-05	16:04:59
248.7118	24.04	35.00	7.3482	9.34	2022-09-05	17:04:59
248.7535	24.17	35.00	7.2274	9.34	2022-09-05	18:04:59
248.7951	24.42	35.00	7.5748	9.35	2022-09-05	19:04:59
248.8368	24.61	35.00	7.6946	9.35	2022-09-05	20:04:59
248.8785	24.58	35.00	7.7371	9.35	2022-09-05	21:04:59
248.9201	24.50	35.00	7.7392	9.35	2022-09-05	22:04:59
248.9618	24.53	35.00	7.7226	9.35	2022-09-05	23:04:59
249.0035	24.42	35.00	7.7158	9.35	2022-09-06	00:04:59
249.0451	24.32	35.00	7.6966	9.35	2022-09-06	01:04:59
249.0868	24.24	35.00	7.7022	9.35	2022-09-06	02:04:59
249.1285	24.24	35.00	7.6908	9.35	2022-09-06	03:04:59
249.1701	24.06	35.00	7.6434	9.34	2022-09-06	04:04:59
249.2118	23.88	35.00	7.5122	9.34	2022-09-06	05:04:59
249.2535	23.78	35.00	7.3357	9.33	2022-09-06	06:04:59
249.2951	23.73	35.00	7.1536	9.33	2022-09-06	07:04:59
249.3368	23.68	35.00	7.0302	9.33	2022-09-06	08:04:59
249.3785	23.52	35.00	7.4358	9.32	2022-09-06	09:04:59
249.4201	23.42	35.00	7.5681	9.32	2022-09-06	10:04:59
249.4618	23.37	35.00	7.6129	9.32	2022-09-06	11:04:59
249.5035	23.42	35.00	7.6240	9.31	2022-09-06	12:04:59
249.5451	23.42	35.00	7.6530	9.31	2022-09-06	13:04:59
249.5868	23.40	35.00	7.6658	9.31	2022-09-06	14:04:59
249.6285	23.34	35.00	7.6670	9.31	2022-09-06	15:04:59
249.6701	23.32	35.00	7.6302	9.31	2022-09-06	16:04:59
249.7118	23.29	35.00	7.5543	9.31	2022-09-06	17:04:59
249.7535	23.29	35.00	7.3928	9.31	2022-09-06	18:04:59
249.7951	23.29	35.00	7.2546	9.31	2022-09-06	19:04:59
249.8368	23.24	35.00	7.5264	9.30	2022-09-06	20:04:59
249.8785	23.22	35.00	7.6558	9.30	2022-09-06	21:04:59
249.9201	23.17	35.00	7.6995	9.30	2022-09-06	22:04:59
249.9618	23.12	35.00	7.7246	9.29	2022-09-06	23:04:59
250.0035	23.07	35.00	7.7290	9.29	2022-09-07	00:04:59
250.0451	23.01	35.00	7.7267	9.29	2022-09-07	01:04:59
250.0868	22.94	35.00	7.7490	9.29	2022-09-07	02:04:59
250.1285	22.86	35.00	7.7306	9.29	2022-09-07	03:04:59
250.1701	22.86	35.00	7.7266	9.28	2022-09-07	04:04:59
250.2118	22.69	35.00	7.6712	9.28	2022-09-07	05:04:59
250.2535	22.43	35.00	7.5235	9.28	2022-09-07	06:04:59
250.2951	22.31	35.00	7.3286	9.27	2022-09-07	07:04:59
250.3368	22.26	35.00	7.1880	9.27	2022-09-07	08:04:59
250.3785	22.21	35.00	7.0771	9.27	2022-09-07	09:04:59
250.4201	22.36	35.00	7.4680	9.26	2022-09-07	10:04:59
250.4618	22.28	35.00	7.6215	9.26	2022-09-07	11:04:59
250.5035	22.31	35.00	7.6328	9.26	2022-09-07	12:04:59
250.5451	22.38	35.00	7.6444	9.26	2022-09-07	13:04:59
250.5868	22.46	35.00	7.6600	9.26	2022-09-07	14:04:59
250.6285	22.48	35.00	7.7017	9.26	2022-09-07	15:04:59
250.6701	22.51	35.00	7.6506	9.26	2022-09-07	16:04:59
250.7118	22.56	35.00	7.6432	9.26	2022-09-07	17:04:59
250.7535	22.64	35.00	7.5720	9.26	2022-09-07	18:04:59
250.7951	22.74	35.00	7.4025	9.26	2022-09-07	19:04:59
250.8368	22.69	35.00	7.2557	9.26	2022-09-07	20:04:59
250.8785	22.53	35.00	7.5726	9.26	2022-09-07	21:04:59
250.9201	22.46	35.00	7.7070	9.25	2022-09-07	22:04:59
250.9618	22.38	35.00	7.7211	9.26	2022-09-07	23:04:59
251.0035	22.31	35.00	7.6615	9.25	2022-09-08	00:04:59
251.0451	22.26	35.00	7.6561	9.25	2022-09-08	01:04:59
251.0868	22.23	35.00	7.6257	9.25	2022-09-08	02:04:59
251.1285	22.21	35.00	7.6469	9.25	2022-09-08	03:04:59
251.1701	22.16	35.00	7.6568	9.25	2022-09-08	04:04:59
251.2118	22.11	35.00	7.6460	9.24	2022-09-08	05:04:59
251.2535	21.91	35.00	7.5351	9.24	2022-09-08	06:04:59
251.2951	21.61	35.00	7.5128	9.23	2022-09-08	07:04:59
251.3368	21.44	35.00	7.3449	9.22	2022-09-08	08:04:59
251.3785	21.39	35.00	7.1874	9.22	2022-09-08	09:04:59
251.4201	21.31	35.00	7.1155	9.22	2022-09-08	10:04:59
251.4618	21.56	35.00	7.4585	9.22	2022-09-08	11:04:59
251.5035	21.48	35.00	7.5946	9.22	2022-09-08	12:04:59
251.5451	21.53	35.00	7.6044	9.21	2022-09-08	13:04:59
251.5868	21.73	35.00	7.6052	9.22	2022-09-08	14:04:59
251.6285	21.73	35.00	7.6121	9.22	2022-09-08	15:04:59
251.6701	21.78	35.00	7.6183	9.22	2022-09-08	16:04:59
251.7118	21.96	35.00	7.6309	9.22	2022-09-08	17:04:59
251.7535	22.13	35.00	7.6180	9.22	2022-09-08	18:04:59
251.7951	22.31	35.00	7.5774	9.22	2022-09-08	19:04:59
251.8368	22.51	35.00	7.4128	9.23	2022-09-08	20:04:59
251.8785	22.51	35.00	7.2499	9.23	2022-09-08	21:04:59
251.9201	22.18	35.00	7.3894	9.23	2022-09-08	22:04:59
251.9618	22.03	35.00	7.6209	9.22	2022-09-08	23:04:59
252.0035	21.86	35.00	7.6212	9.22	2022-09-09	00:04:59
252.0451	21.81	35.00	7.6430	9.22	2022-09-09	01:04:59
252.0868	21.81	35.00	7.6909	9.21	2022-09-09	02:04:59
252.1285	21.86	35.00	7.6801	9.21	2022-09-09	03:04:59
252.1701	21.88	35.00	7.6845	9.21	2022-09-09	04:04:59
252.2118	21.86	35.00	7.6804	9.21	2022-09-09	05:04:59
252.2535	21.76	35.00	7.6733	9.21	2022-09-09	06:04:59
252.2951	21.48	35.00	7.6319	9.20	2022-09-09	07:04:59
252.3368	21.14	35.00	7.4958	9.20	2022-09-09	08:04:59
252.3785	20.97	35.00	7.3532	9.19	2022-09-09	09:04:59
252.4201	20.94	35.00	7.2462	9.18	2022-09-09	10:04:59
252.4618	20.89	35.00	7.1441	9.18	2022-09-09	11:04:59
252.5035	21.36	35.00	7.4792	9.18	2022-09-09	12:04:59
252.5451	21.36	35.00	7.6217	9.18	2022-09-09	13:04:59
252.5868	21.51	35.00	7.6754	9.18	2022-09-09	14:04:59
252.6285	21.73	35.00	7.6908	9.19	2022-09-09	15:04:59
252.6701	21.93	35.00	7.6982	9.19	2022-09-09	16:04:59
252.7118	22.13	35.00	7.6969	9.20	2022-09-09	17:04:59
252.7535	22.38	35.00	7.6993	9.20	2022-09-09	18:04:59
252.7951	22.66	35.00	7.6682	9.21	2022-09-09	19:04:59
252.8368	23.40	35.00	7.5515	9.21	2022-09-09	20:04:59
252.8785	23.73	35.00	7.3694	9.23	2022-09-09	21:04:59
252.9201	23.70	35.00	7.2230	9.23	2022-09-09	22:04:59
252.9618	23.50	35.00	7.2081	9.24	2022-09-09	23:04:59
253.0035	22.61	35.00	7.5798	9.22	2022-09-10	00:04:59
253.0451	22.51	35.00	7.6803	9.21	2022-09-10	01:04:59
253.0868	22.38	35.00	7.7071	9.21	2022-09-10	02:04:59
253.1285	22.26	35.00	7.7128	9.20	2022-09-10	03:04:59
253.1701	22.23	35.00	7.6867	9.20	2022-09-10	04:04:59
253.2118	22.18	35.00	7.6830	9.20	2022-09-10	05:04:59
253.2535	22.11	35.00	7.6990	9.19	2022-09-10	06:04:59
253.2951	22.11	35.00	7.6919	9.19	2022-09-10	07:04:59
253.3368	21.86	35.00	7.6285	9.18	2022-09-10	08:04:59
253.3785	21.61	35.00	7.4901	9.18	2022-09-10	09:04:59
253.4201	21.48	35.00	7.3142	9.18	2022-09-10	10:04:59
253.4618	21.48	35.00	7.1987	9.17	2022-09-10	11:04:59
253.5035	21.51	35.00	7.1577	9.17	2022-09-10	12:04:59
253.5451	21.83	35.00	7.5251	9.17	2022-09-10	13:04:59
253.5868	21.91	35.00	7.6402	9.17	2022-09-10	14:04:59
253.6285	22.13	35.00	7.6915	9.18	2022-09-10	15:04:59
253.6701	22.38	35.00	7.7086	9.18	2022-09-10	16:04:59
253.7118	22.58	35.00	7.7083	9.19	2022-09-10	17:04:59
253.7535	22.76	35.00	7.6881	9.19	2022-09-10	18:04:59
253.7951	23.01	35.00	7.6984	9.19	2022-09-10	19:04:59
253.8368	23.29	35.00	7.6618	9.20	2022-09-10	20:04:59
253.8785	24.11	35.00	7.5196	9.21	2022-09-10	21:04:59
253.9201	24.27	35.00	7.3607	9.22	2022-09-10	22:04:59
253.9618	24.24	35.00	7.2054	9.22	2022-09-10	23:04:59
254.0035	24.01	35.00	7.2255	9.22	2022-09-11	00:04:59
254.0451	22.79	35.00	7.5660	9.21	2022-09-11	01:04:59
254.0868	22.79	35.00	7.6169	9.20	2022-09-11	02:04:59
254.1285	22.79	35.00	7.6338	9.20	2022-09-11	03:04:59
254.1701	22.74	35.00	7.6364	9.19	2022-09-11	04:04:59
254.2118	22.66	35.00	7.6241	9.18	2022-09-11	05:04:59
254.2535	22.61	35.00	7.6271	9.18	2022-09-11	06:04:59
254.2951	22.56	35.00	7.6398	9.18	2022-09-11	07:04:59
254.3368	22.53	35.00	7.6417	9.18	2022-09-11	08:04:59
254.3785	22.33	35.00	7.5453	9.17	2022-09-11	09:04:59
254.4201	22.18	35.00	7.3985	9.17	2022-09-11	10:04:59
254.4618	22.13	35.00	7.2839	9.17	2022-09-11	11:04:59
254.5035	22.23	35.00	7.1823	9.17	2022-09-11	12:04:59
254.5451	22.31	35.00	7.2587	9.16	2022-09-11	13:04:59
254.5868	22.48	35.00	7.5426	9.17	2022-09-11	14:04:59
254.6285	22.66	35.00	7.6231	9.17	2022-09-11	15:04:59
254.6701	22.79	35.00	7.6453	9.17	2022-09-11	16:04:59
254.7118	22.99	35.00	7.6347	9.17	2022-09-11	17:04:59
254.7535	23.07	35.00	7.6242	9.17	2022-09-11	18:04:59
254.7951	23.09	35.00	7.6438	9.18	2022-09-11	19:04:59
254.8368	23.24	35.00	7.6596	9.18	2022-09-11	20:04:59
254.8785	23.45	35.00	7.6100	9.18	2022-09-11	21:04:59
254.9201	23.96	35.00	7.4913	9.19	2022-09-11	22:04:59
254.9618	24.01	35.00	7.3443	9.19	2022-09-11	23:04:59
255.0035	23.96	35.00	7.2195	9.20	2022-09-12	00:04:59
255.0451	23.88	35.00	7.2029	9.20	2022-09-12	01:04:59
255.0868	22.99	35.00	7.5246	9.18	2022-09-12	02:04:59
255.1285	22.94	35.00	7.6058	9.18	2022-09-12	03:04:59
255.1701	22.94	35.00	7.5537	9.17	2022-09-12	04:04:59
255.2118	22.91	35.00	7.5594	9.17	2022-09-12	05:04:59
255.2535	22.81	35.00	7.5678	9.17	2022-09-12	06:04:59
255.2951	22.69	35.00	7.5742	9.16	2022-09-12	07:04:59
255.3368	22.66	35.00	7.5669	9.16	2022-09-12	08:04:59
255.3785	22.69	35.00	7.5435	9.16	2022-09-12	09:04:59
255.4201	22.51	35.00	7.4777	9.16	2022-09-12	10:04:59
255.4618	22.43	35.00	7.4468	9.16	2022-09-12	11:04:59
255.5035	22.48	35.00	7.2310	9.15	2022-09-12	12:04:59
255.5451	22.48	35.00	7.1407	9.15	2022-09-12	13:04:59
255.5868	22.28	35.00	7.3481	9.15	2022-09-12	14:04:59
255.6285	22.28	35.00	7.4887	9.14	2022-09-12	15:04:59
255.6701	22.28	35.00	7.5486	9.14	2022-09-12	16:04:59
255.7118	22.31	35.00	7.5667	9.14	2022-09-12	17:04:59
255.7535	22.31	35.00	7.5849	9.14	2022-09-12	18:04:59
255.7951	22.33	35.00	7.5674	9.14	2022-09-12	19:04:59
255.8368	22.38	35.00	7.5998	9.14	2022-09-12	20:04:59
255.8785	22.43	35.00	7.6172	9.14	2022-09-12	21:04:59
255.9201	22.56	35.00	7.5428	9.14	2022-09-12	22:04:59
255.9618	22.81	35.00	7.4024	9.14	2022-09-12	23:04:59
256.0035	22.86	35.00	7.2796	9.14	2022-09-13	00:04:59
256.0451	22.89	35.00	7.1554	9.14	2022-09-13	01:04:59
256.0868	22.89	35.00	7.1146	9.14	2022-09-13	02:04:59
256.1285	22.41	35.00	7.4267	9.14	2022-09-13	03:04:59
256.1701	22.36	35.00	7.4917	9.13	2022-09-13	04:04:59
256.2118	22.36	35.00	7.5683	9.13	2022-09-13	05:04:59
256.2535	22.33	35.00	7.5952	9.13	2022-09-13	06:04:59
256.2951	22.33	35.00	7.5897	9.13	2022-09-13	07:04:59
256.3368	22.33	35.00	7.5818	9.13	2022-09-13	08:04:59
256.3785	22.31	35.00	7.5863	9.12	2022-09-13	09:04:59
256.4201	22.28	35.00	7.5896	9.12	2022-09-13	10:04:59
256.4618	22.23	35.00	7.5141	9.12	2022-09-13	11:04:59
256.5035	22.26	35.00	7.3400	9.12	2022-09-13	12:04:59
256.5451	22.38	35.00	7.2109	9.12	2022-09-13	13:04:59
256.5868	22.48	35.00	7.1227	9.12	2022-09-13	14:04:59
256.6285	22.48	35.00	7.3969	9.12	2022-09-13	15:04:59
256.6701	22.66	35.00	7.5268	9.12	2022-09-13	16:04:59
256.7118	22.64	35.00	7.5747	9.12	2022-09-13	17:04:59
256.7535	22.58	35.00	7.6088	9.12	2022-09-13	18:04:59
256.7951	22.58	35.00	7.6001	9.12	2022-09-13	19:04:59
256.8368	22.71	35.00	7.5987	9.12	2022-09-13	20:04:59
256.8785	22.71	35.00	7.6069	9.12	2022-09-13	21:04:59
256.9201	22.71	35.00	7.6072	9.12	2022-09-13	22:04:59
256.9618	22.86	35.00	7.5274	9.12	2022-09-13	23:04:59
257.0035	22.99	35.00	7.3777	9.12	2022-09-14	00:04:59
257.0451	23.04	35.00	7.2516	9.13	2022-09-14	01:04:59
257.0868	23.04	35.00	7.1125	9.13	2022-09-14	02:04:59
257.1285	23.04	35.00	7.1030	9.13	2022-09-14	03:04:59
257.1701	22.46	35.00	7.4389	9.12	2022-09-14	04:04:59
257.2118	22.41	35.00	7.5253	9.11	2022-09-14	05:04:59
257.2535	22.31	35.00	7.5340	9.11	2022-09-14	06:04:59
257.2951	22.18	35.00	7.5307	9.11	2022-09-14	07:04:59
257.3368	22.13	35.00	7.5309	9.10	2022-09-14	08:04:59
257.3785	22.11	35.00	7.4761	9.10	2022-09-14	09:04:59
257.4201	22.06	35.00	7.5280	9.09	2022-09-14	10:04:59
257.4618	21.96	35.00	7.5170	9.09	2022-09-14	11:04:59
257.5035	21.81	35.00	7.4003	9.09	2022-09-14	12:04:59
257.5451	21.83	35.00	7.2369	9.09	2022-09-14	13:04:59
257.5868	22.01	35.00	7.1142	9.09	2022-09-14	14:04:59
257.6285	22.13	35.00	7.0884	9.09	2022-09-14	15:04:59
257.6701	22.33	35.00	7.4584	9.09	2022-09-14	16:04:59
257.7118	22.48	35.00	7.5795	9.09	2022-09-14	17:04:59
257.7535	22.71	35.00	7.5956	9.10	2022-09-14	18:04:59
257.7951	22.86	35.00	7.6064	9.10	2022-09-14	19:04:59
257.8368	22.89	35.00	7.5924	9.10	2022-09-14	20:04:59
257.8785	22.89	35.00	7.6205	9.10	2022-09-14	21:04:59
257.9201	22.94	35.00	7.6047	9.10	2022-09-14	22:04:59
257.9618	22.94	35.00	7.5751	9.10	2022-09-14	23:04:59
258.0035	23.12	35.00	7.4995	9.10	2022-09-15	00:04:59
258.0451	23.14	35.00	7.3633	9.11	2022-09-15	01:04:59
258.0868	23.14	35.00	7.1939	9.11	2022-09-15	02:04:59
258.1285	23.09	35.00	7.0675	9.11	2022-09-15	03:04:59
258.1701	22.58	35.00	7.2552	9.11	2022-09-15	04:04:59
258.2118	22.41	35.00	7.4462	9.10	2022-09-15	05:04:59
258.2535	22.36	35.00	7.5297	9.09	2022-09-15	06:04:59
258.2951	22.23	35.00	7.5245	9.09	2022-09-15	07:04:59
258.3368	22.18	35.00	7.5127	9.08	2022-09-15	08:04:59
258.3785	22.11	35.00	7.4891	9.08	2022-09-15	09:04:59
258.4201	22.01	35.00	7.4814	9.08	2022-09-15	10:04:59
258.4618	21.86	35.00	7.4883	9.07	2022-09-15	11:04:59
258.5035	21.73	35.00	7.4648	9.07	2022-09-15	12:04:59
258.5451	21.53	35.00	7.3438	9.06	2022-09-15	13:04:59
258.5868	21.66	35.00	7.1841	9.06	2022-09-15	14:04:59
258.6285	21.73	35.00	7.0575	9.06	2022-09-15	15:04:59
258.6701	21.88	35.00	7.3621	9.06	2022-09-15	16:04:59
258.7118	21.96	35.00	7.5493	9.06	2022-09-15	17:04:59
258.7535	21.93	35.00	7.5925	9.06	2022-09-15	18:04:59
258.7951	22.06	35.00	7.6462	9.06	2022-09-15	19:04:59
258.8368	22.13	35.00	7.6643	9.06	2022-09-15	20:04:59
258.8785	22.08	35.00	7.6232	9.06	2022-09-15	21:04:59
258.9201	22.06	35.00	7.6321	9.06	2022-09-15	22:04:59
258.9618	22.03	35.00	7.6839	9.06	2022-09-15	23:04:59
259.0035	21.98	35.00	7.6269	9.06	2022-09-16	00:04:59
259.0451	21.86	35.00	7.5618	9.05	2022-09-16	01:04:59
259.0868	21.63	35.00	7.4783	9.05	2022-09-16	02:04:59
259.1285	21.46	35.00	7.2399	9.05	2022-09-16	03:04:59
259.1701	21.29	35.00	7.1685	9.04	2022-09-16	04:04:59
259.2118	21.04	35.00	7.3592	9.03	2022-09-16	05:04:59
259.2535	20.87	35.00	7.5618	9.03	2022-09-16	06:04:59
259.2951	20.52	35.00	7.6145	9.02	2022-09-16	07:04:59
259.3368	20.33	35.00	7.6437	9.01	2022-09-16	08:04:59
259.3785	20.38	35.00	7.6254	9.01	2022-09-16	09:04:59
259.4201	20.33	35.00	7.5758	9.00	2022-09-16	10:04:59
259.4618	20.16	35.00	7.6294	9.00	2022-09-16	11:04:59
259.5035	20.06	35.00	7.6291	8.99	2022-09-16	12:04:59
259.5451	20.18	35.00	7.5805	8.99	2022-09-16	13:04:59
259.5868	20.23	35.00	7.5042	8.99	2022-09-16	14:04:59
259.6285	20.30	35.00	7.3603	8.99	2022-09-16	15:04:59
259.6701	20.55	35.00	7.3547	8.99	2022-09-16	16:04:59
259.7118	20.99	35.00	7.5997	9.00	2022-09-16	17:04:59
259.7535	21.21	35.00	7.6695	9.01	2022-09-16	18:04:59
259.7951	21.41	35.00	7.6722	9.01	2022-09-16	19:04:59
259.8368	21.51	35.00	7.6245	9.02	2022-09-16	20:04:59
259.8785	21.48	35.00	7.7200	9.02	2022-09-16	21:04:59
259.9201	21.44	35.00	7.7639	9.02	2022-09-16	22:04:59
259.9618	21.39	35.00	7.7197	9.02	2022-09-16	23:04:59
260.0035	21.29	35.00	7.7484	9.02	2022-09-17	00:04:59
260.0451	21.19	35.00	7.7150	9.02	2022-09-17	01:04:59
260.0868	20.94	35.00	7.5913	9.01	2022-09-17	02:04:59
260.1285	20.65	35.00	7.4445	9.00	2022-09-17	03:04:59
260.1701	20.45	35.00	7.2959	8.99	2022-09-17	04:04:59
260.2118	20.43	35.00	7.2415	8.99	2022-09-17	05:04:59
260.2535	20.70	35.00	7.5464	8.99	2022-09-17	06:04:59
260.2951	20.57	35.00	7.6319	8.99	2022-09-17	07:04:59
260.3368	20.38	35.00	7.6356	8.99	2022-09-17	08:04:59
260.3785	20.35	35.00	7.6245	8.98	2022-09-17	09:04:59
260.4201	20.38	35.00	7.6494	8.98	2022-09-17	10:04:59
260.4618	20.28	35.00	7.5699	8.98	2022-09-17	11:04:59
260.5035	20.21	35.00	7.6476	8.98	2022-09-17	12:04:59
260.5451	20.18	35.00	7.6634	8.97	2022-09-17	13:04:59
260.5868	20.25	35.00	7.6221	8.97	2022-09-17	14:04:59
260.6285	20.28	35.00	7.5633	8.97	2022-09-17	15:04:59
260.6701	20.40	35.00	7.3976	8.97	2022-09-17	16:04:59
260.7118	20.99	35.00	7.5465	8.98	2022-09-17	17:04:59
260.7535	21.24	35.00	7.6177	8.98	2022-09-17	18:04:59
260.7951	21.46	35.00	7.6901	8.99	2022-09-17	19:04:59
260.8368	21.68	35.00	7.7525	9.00	2022-09-17	20:04:59
260.8785	21.58	35.00	7.7696	9.01	2022-09-17	21:04:59
260.9201	21.46	35.00	7.7634	9.01	2022-09-17	22:04:59
260.9618	21.36	35.00	7.7153	9.00	2022-09-17	23:04:59
261.0035	21.31	35.00	7.7292	9.00	2022-09-18	00:04:59
261.0451	21.21	35.00	7.7304	9.00	2022-09-18	01:04:59
261.0868	21.11	35.00	7.7122	8.99	2022-09-18	02:04:59
261.1285	20.77	35.00	7.6265	8.99	2022-09-18	03:04:59
261.1701	20.45	35.00	7.4694	8.98	2022-09-18	04:04:59
261.2118	20.23	35.00	7.3289	8.98	2022-09-18	05:04:59
261.2535	20.23	35.00	7.2804	8.96	2022-09-18	06:04:59
261.2951	20.33	35.00	7.5584	8.97	2022-09-18	07:04:59
261.3368	20.28	35.00	7.6518	8.96	2022-09-18	08:04:59
261.3785	20.30	35.00	7.6887	8.96	2022-09-18	09:04:59
261.4201	20.30	35.00	7.6897	8.96	2022-09-18	10:04:59
261.4618	20.11	35.00	7.7150	8.96	2022-09-18	11:04:59
261.5035	19.99	35.00	7.6265	8.95	2022-09-18	12:04:59
261.5451	20.18	35.00	7.6906	8.95	2022-09-18	13:04:59
261.5868	20.43	35.00	7.6861	8.95	2022-09-18	14:04:59
261.6285	20.57	35.00	7.6338	8.96	2022-09-18	15:04:59
261.6701	20.74	35.00	7.5590	8.96	2022-09-18	16:04:59
261.7118	20.94	35.00	7.4258	8.96	2022-09-18	17:04:59
261.7535	21.19	35.00	7.4977	8.97	2022-09-18	18:04:59
261.7951	21.34	35.00	7.6160	8.98	2022-09-18	19:04:59
261.8368	21.46	35.00	7.6475	8.98	2022-09-18	20:04:59
261.8785	21.53	35.00	7.6535	8.98	2022-09-18	21:04:59
261.9201	21.61	35.00	7.6297	8.98	2022-09-18	22:04:59
261.9618	21.63	35.00	7.6640	8.98	2022-09-18	23:04:59
262.0035	21.63	35.00	7.6986	8.99	2022-09-19	00:04:59
262.0451	21.56	35.00	7.6989	8.99	2022-09-19	01:04:59
262.0868	21.46	35.00	7.6766	8.98	2022-09-19	02:04:59
262.1285	21.36	35.00	7.6220	8.98	2022-09-19	03:04:59
262.1701	21.24	35.00	7.4920	8.98	2022-09-19	04:04:59
262.2118	21.19	35.00	7.3872	8.97	2022-09-19	05:04:59
262.2535	21.19	35.00	7.2725	8.97	2022-09-19	06:04:59
262.2951	21.16	35.00	7.2245	8.97	2022-09-19	07:04:59
262.3368	21.36	35.00	7.4863	8.97	2022-09-19	08:04:59
262.3785	21.34	35.00	7.6471	8.96	2022-09-19	09:04:59
262.4201	21.21	35.00	7.7086	8.96	2022-09-19	10:04:59
262.4618	21.24	35.00	7.7060	8.97	2022-09-19	11:04:59
262.5035	21.21	35.00	7.6959	8.96	2022-09-19	12:04:59
262.5451	21.21	35.00	7.6948	8.96	2022-09-19	13:04:59
262.5868	21.21	35.00	7.6749	8.96	2022-09-19	14:04:59
262.6285	21.29	35.00	7.6997	8.96	2022-09-19	15:04:59
262.6701	21.34	35.00	7.6802	8.96	2022-09-19	16:04:59
262.7118	21.48	35.00	7.6078	8.96	2022-09-19	17:04:59
262.7535	21.63	35.00	7.5051	8.96	2022-09-19	18:04:59
262.7951	21.81	35.00	7.6553	8.97	2022-09-19	19:04:59
262.8368	21.88	35.00	7.7091	8.97	2022-09-19	20:04:59
262.8785	21.86	35.00	7.7218	8.98	2022-09-19	21:04:59
262.9201	21.73	35.00	7.6631	8.97	2022-09-19	22:04:59
262.9618	21.73	35.00	7.6487	8.97	2022-09-19	23:04:59
263.0035	21.66	35.00	7.6471	8.97	2022-09-20	00:04:59
263.0451	21.66	35.00	7.6545	8.96	2022-09-20	01:04:59
263.0868	21.63	35.00	7.6146	8.96	2022-09-20	02:04:59
263.1285	21.58	35.00	7.6532	8.96	2022-09-20	03:04:59
263.1701	21.58	35.00	7.6425	8.96	2022-09-20	04:04:59
263.2118	21.53	35.00	7.5544	8.96	2022-09-20	05:04:59
263.2535	21.48	35.00	7.4592	8.96	2022-09-20	06:04:59
263.2951	21.44	35.00	7.3092	8.96	2022-09-20	07:04:59
263.3368	21.39	35.00	7.2251	8.95	2022-09-20	08:04:59
263.3785	21.29	35.00	7.3722	8.95	2022-09-20	09:04:59
263.4201	21.24	35.00	7.5208	8.95	2022-09-20	10:04:59
263.4618	21.19	35.00	7.6102	8.94	2022-09-20	11:04:59
263.5035	21.21	35.00	7.5694	8.94	2022-09-20	12:04:59
263.5451	21.19	35.00	7.5792	8.94	2022-09-20	13:04:59
263.5868	21.26	35.00	7.5990	8.94	2022-09-20	14:04:59
263.6285	21.26	35.00	7.5788	8.94	2022-09-20	15:04:59
263.6701	21.31	35.00	7.5867	8.94	2022-09-20	16:04:59
263.7118	21.36	35.00	7.5492	8.94	2022-09-20	17:04:59
263.7535	21.51	35.00	7.4759	8.94	2022-09-20	18:04:59
263.7951	21.61	35.00	7.3434	8.94	2022-09-20	19:04:59
263.8368	21.51	35.00	7.4800	8.95	2022-09-20	20:04:59
263.8785	21.51	35.00	7.5714	8.94	2022-09-20	21:04:59
263.9201	21.44	35.00	7.6182	8.94	2022-09-20	22:04:59
263.9618	21.34	35.00	7.6070	8.94	2022-09-20	23:04:59
264.0035	21.26	35.00	7.6433	8.94	2022-09-21	00:04:59
264.0451	21.24	35.00	7.6480	8.94	2022-09-21	01:04:59
264.0868	21.19	35.00	7.6367	8.93	2022-09-21	02:04:59
264.1285	21.16	35.00	7.6496	8.93	2022-09-21	03:04:59
264.1701	21.11	35.00	7.6491	8.93	2022-09-21	04:04:59
264.2118	21.02	35.00	7.5808	8.92	2022-09-21	05:04:59
264.2535	20.82	35.00	7.5039	8.92	2022-09-21	06:04:59
264.2951	20.72	35.00	7.3301	8.92	2022-09-21	07:04:59
264.3368	20.65	35.00	7.2000	8.91	2022-09-21	08:04:59
264.3785	20.65	35.00	7.0817	8.91	2022-09-21	09:04:59
264.4201	20.79	35.00	7.3578	8.91	2022-09-21	10:04:59
264.4618	20.79	35.00	7.5685	8.91	2022-09-21	11:04:59
264.5035	20.67	35.00	7.6411	8.91	2022-09-21	12:04:59
264.5451	20.70	35.00	7.6151	8.90	2022-09-21	13:04:59
264.5868	20.72	35.00	7.6738	8.90	2022-09-21	14:04:59
264.6285	20.79	35.00	7.6328	8.91	2022-09-21	15:04:59
264.6701	20.84	35.00	7.6826	8.91	2022-09-21	16:04:59
264.7118	20.87	35.00	7.6269	8.91	2022-09-21	17:04:59
264.7535	20.89	35.00	7.5861	8.91	2022-09-21	18:04:59
264.7951	20.92	35.00	7.4467	8.90	2022-09-21	19:04:59
264.8368	20.89	35.00	7.2940	8.90	2022-09-21	20:04:59
264.8785	20.97	35.00	7.4780	8.90	2022-09-21	21:04:59
264.9201	20.97	35.00	7.5825	8.91	2022-09-21	22:04:59
264.9618	20.94	35.00	7.5799	8.90	2022-09-21	23:04:59
265.0035	20.92	35.00	7.6264	8.90	2022-09-22	00:04:59
265.0451	20.89	35.00	7.6272	8.90	2022-09-22	01:04:59
265.0868	20.84	35.00	7.6132	8.90	2022-09-22	02:04:59
265.1285	20.74	35.00	7.6357	8.90	2022-09-22	03:04:59
265.1701	20.67	35.00	7.5886	8.90	2022-09-22	04:04:59
265.2118	20.62	35.00	7.5971	8.89	2022-09-22	05:04:59
265.2535	20.47	35.00	7.5644	8.88	2022-09-22	06:04:59
265.2951	20.16	35.00	7.5026	8.88	2022-09-22	07:04:59
265.3368	19.99	35.00	7.3351	8.87	2022-09-22	08:04:59
265.3785	19.91	35.00	7.2435	8.87	2022-09-22	09:04:59
265.4201	20.04	35.00	7.2469	8.87	2022-09-22	10:04:59
265.4618	20.04	35.00	7.5285	8.86	2022-09-22	11:04:59
265.5035	20.11	35.00	7.5678	8.86	2022-09-22	12:04:59
265.5451	20.11	35.00	7.5929	8.87	2022-09-22	13:04:59