Year Day	Temperature C	SalinityConst	pHConstSal	Battery Voltage	DateStr	TimeStr
265.6240	20.16			0.00	2022-09-22	14:58:30
265.6285	20.16	35.00	7.4706	8.86	2022-09-22	15:05:00
265.6701	20.21	35.00	7.4947	8.87	2022-09-22	16:04:59
265.7118	20.45	35.00	7.5497	8.87	2022-09-22	17:04:59
265.7535	20.47	35.00	7.5657	8.87	2022-09-22	18:04:59
265.7951	20.62	35.00	7.5582	8.87	2022-09-22	19:04:59
265.8368	20.79	35.00	0.0000	8.88	2022-09-22	20:04:59
265.8785	20.77	35.00	0.0000	8.88	2022-09-22	21:04:59
265.9201	20.67	35.00	0.0000	8.88	2022-09-22	22:04:59
265.9618	20.65	35.00	0.0000	8.88	2022-09-22	23:04:59
266.0035	20.43	35.00	0.0000	8.87	2022-09-23	00:04:59
266.0451	20.45	35.00	0.0000	8.87	2022-09-23	01:04:59
266.0868	20.45	35.00	0.0000	8.87	2022-09-23	02:04:59
266.1285	20.38	35.00	0.0000	8.87	2022-09-23	03:04:59
266.1701	20.30	35.00	0.0000	8.87	2022-09-23	04:04:59
266.2118	20.18	35.00	7.5291	8.86	2022-09-23	05:04:59
266.2535	20.01	35.00	0.0000	8.86	2022-09-23	06:04:59
266.2951	19.50	35.00	7.4524	8.85	2022-09-23	07:04:59
266.3368	19.09	35.00	0.0000	8.84	2022-09-23	08:04:59
266.3785	18.88	35.00	7.0615	8.83	2022-09-23	09:04:59
266.4201	18.76	35.00	7.0938	8.81	2022-09-23	10:04:59
266.4618	19.70	35.00	7.3350	8.81	2022-09-23	11:04:59
266.5035	19.72	35.00	7.4363	8.82	2022-09-23	12:04:59
266.5451	19.50	35.00	7.2681	8.83	2022-09-23	13:04:59
266.5868	18.78	35.00	7.8057	8.82	2022-09-23	14:04:59
266.6285	19.07	35.00	7.5473	8.81	2022-09-23	15:04:59
266.6701	19.21	35.00	7.5311	8.81	2022-09-23	16:04:59
266.7118	19.29	35.00	7.5545	8.81	2022-09-23	17:04:59
266.7535	19.14	35.00	7.5411	8.81	2022-09-23	18:04:59
266.7951	19.09	35.00	7.5450	8.81	2022-09-23	19:04:59
266.8368	19.09	35.00	7.4385	8.81	2022-09-23	20:04:59
266.8785	18.78	35.00	7.2872	8.80	2022-09-23	21:04:59
266.9201	18.66	35.00	7.3414	8.79	2022-09-23	22:04:59
266.9618	19.33	35.00	0.0000	8.80	2022-09-23	23:04:59
267.0035	19.43	35.00	7.6889	8.80	2022-09-24	00:04:59
267.0451	19.36	35.00	0.0000	8.81	2022-09-24	01:04:59
267.0868	19.16	35.00	0.0000	8.81	2022-09-24	02:04:59
267.1285	19.16	35.00	7.5105	8.81	2022-09-24	03:04:59
267.1701	19.07	35.00	7.5402	8.80	2022-09-24	04:04:59
267.2118	18.92	35.00	7.5037	8.80	2022-09-24	05:04:59
267.2535	18.61	35.00	7.5446	8.79	2022-09-24	06:04:59
267.2951	18.23	35.00	7.5258	8.79	2022-09-24	07:04:59
267.3368	17.19	35.00	7.5565	8.77	2022-09-24	08:04:59
267.3785	16.32	35.00	7.1814	8.74	2022-09-24	09:04:59
267.4201	16.00	35.00	7.4050	8.71	2022-09-24	10:04:59
267.4618	17.59	35.00	7.3838	8.71	2022-09-24	11:04:59
267.5035	18.04	35.00	0.0000	8.73	2022-09-24	12:04:59
267.5451	18.30	35.00	7.6154	8.75	2022-09-24	13:04:59
267.5868	18.33	35.00	7.5713	8.75	2022-09-24	14:04:59
267.6285	18.47	35.00	7.6407	8.76	2022-09-24	15:04:59
267.6701	18.59	35.00	7.6378	8.76	2022-09-24	16:04:59
267.7118	18.76	35.00	7.6291	8.77	2022-09-24	17:04:59
267.7535	18.88	35.00	7.6535	8.77	2022-09-24	18:04:59
267.7951	18.85	35.00	7.6139	8.77	2022-09-24	19:04:59
267.8368	18.30	35.00	7.5229	8.77	2022-09-24	20:04:59
267.8785	17.40	35.00	7.3247	8.76	2022-09-24	21:04:59
267.9201	17.14	35.00	7.2447	8.74	2022-09-24	22:04:59
267.9618	18.90	35.00	7.3871	8.74	2022-09-24	23:04:59
268.0035	18.85	35.00	7.5671	8.76	2022-09-25	00:04:59
268.0451	18.71	35.00	7.6074	8.76	2022-09-25	01:04:59
268.0868	18.64	35.00	7.6242	8.76	2022-09-25	02:04:59
268.1285	18.59	35.00	7.6481	8.76	2022-09-25	03:04:59
268.1701	18.52	35.00	7.6231	8.76	2022-09-25	04:04:59
268.2118	18.47	35.00	7.6139	8.76	2022-09-25	05:04:59
268.2535	18.37	35.00	7.5993	8.76	2022-09-25	06:04:59
268.2951	18.28	35.00	7.5957	8.76	2022-09-25	07:04:59
268.3368	18.11	35.00	7.5727	8.75	2022-09-25	08:04:59
268.3785	17.57	35.00	7.4971	8.74	2022-09-25	09:04:59
268.4201	17.12	35.00	7.3876	8.72	2022-09-25	10:04:59
268.4618	17.90	35.00	7.4452	8.72	2022-09-25	11:04:59
268.5035	18.11	35.00	7.5964	8.73	2022-09-25	12:04:59
268.5451	18.33	35.00	7.5796	8.74	2022-09-25	13:04:59
268.5868	18.42	35.00	7.6001	8.75	2022-09-25	14:04:59
268.6285	18.57	35.00	7.5980	8.75	2022-09-25	15:04:59
268.6701	18.49	35.00	7.6231	8.75	2022-09-25	16:04:59
268.7118	18.40	35.00	7.6225	8.75	2022-09-25	17:04:59
268.7535	18.45	35.00	7.6411	8.75	2022-09-25	18:04:59
268.7951	18.59	35.00	7.6357	8.75	2022-09-25	19:04:59
268.8368	18.78	35.00	7.6250	8.75	2022-09-25	20:04:59
268.8785	19.02	35.00	7.5557	8.76	2022-09-25	21:04:59
268.9201	18.97	35.00	7.4899	8.76	2022-09-25	22:04:59
268.9618	18.83	35.00	7.4209	8.76	2022-09-25	23:04:59
269.0035	18.80	35.00	7.3816	8.76	2022-09-26	00:04:59
269.0451	17.92	35.00	7.5528	8.75	2022-09-26	01:04:59
269.0868	17.57	35.00	7.6074	8.73	2022-09-26	02:04:59
269.1285	17.21	35.00	7.5852	8.72	2022-09-26	03:04:59
269.1701	17.28	35.00	7.6051	8.71	2022-09-26	04:04:59
269.2118	17.21	35.00	7.6215	8.70	2022-09-26	05:04:59
269.2535	17.28	35.00	7.6180	8.70	2022-09-26	06:04:59
269.2951	17.28	35.00	7.5537	8.70	2022-09-26	07:04:59
269.3368	17.36	35.00	7.5499	8.70	2022-09-26	08:04:59
269.3785	17.54	35.00	7.4655	8.70	2022-09-26	09:04:59
269.4201	17.80	35.00	7.4399	8.70	2022-09-26	10:04:59
269.4618	17.85	35.00	7.2473	8.70	2022-09-26	11:04:59
269.5035	17.88	35.00	7.1594	8.70	2022-09-26	12:04:59
269.5451	17.33	35.00	7.3319	8.70	2022-09-26	13:04:59
269.5868	17.52	35.00	7.4981	8.70	2022-09-26	14:04:59
269.6285	17.61	35.00	7.5310	8.70	2022-09-26	15:04:59
269.6701	17.73	35.00	7.5572	8.70	2022-09-26	16:04:59
269.7118	18.09	35.00	7.5624	8.70	2022-09-26	17:04:59
269.7535	18.14	35.00	7.5759	8.71	2022-09-26	18:04:59
269.7951	18.35	35.00	7.5726	8.72	2022-09-26	19:04:59
269.8368	18.61	35.00	7.5505	8.72	2022-09-26	20:04:59
269.8785	19.14	35.00	7.4806	8.73	2022-09-26	21:04:59
269.9201	19.84	35.00	7.4222	8.75	2022-09-26	22:04:59
269.9618	19.99	35.00	7.0394	8.76	2022-09-26	23:04:59
270.0035	19.96	35.00	7.2159	8.77	2022-09-27	00:04:59
270.0451	18.88	35.00	7.2628	8.77	2022-09-27	01:04:59
270.0868	18.68	35.00	7.4311	8.75	2022-09-27	02:04:59
270.1285	18.68	35.00	7.4600	8.74	2022-09-27	03:04:59
270.1701	18.52	35.00	7.3018	8.73	2022-09-27	04:04:59
270.2118	18.59	35.00	7.1459	8.73	2022-09-27	05:04:59
270.2535	18.52	35.00	7.2795	8.73	2022-09-27	06:04:59
270.2951	18.52	35.00	7.2950	8.72	2022-09-27	07:04:59
270.3368	18.54	35.00	7.2895	8.72	2022-09-27	08:04:59
270.3785	18.47	35.00	7.4145	8.72	2022-09-27	09:04:59
270.4201	18.40	35.00	7.3399	8.72	2022-09-27	10:04:59
270.4618	18.52	35.00	7.0576	8.72	2022-09-27	11:04:59
270.5035	18.64	35.00	6.9882	8.72	2022-09-27	12:04:59
270.5451	18.59	35.00	7.2563	8.72	2022-09-27	13:04:59
270.5868	18.66	35.00	7.1800	8.72	2022-09-27	14:04:59
270.6285	18.73	35.00	7.2021	8.72	2022-09-27	15:04:59
270.6701	18.92	35.00	7.2900	8.72	2022-09-27	16:04:59
270.7118	19.21	35.00	7.3950	8.73	2022-09-27	17:04:59
270.7535	19.38	35.00	7.4215	8.73	2022-09-27	18:04:59
270.7951	19.55	35.00	7.5016	8.74	2022-09-27	19:04:59
270.8368	19.70	35.00	7.3179	8.75	2022-09-27	20:04:59
270.8785	19.79	35.00	7.3100	8.75	2022-09-27	21:04:59
270.9201	20.33	35.00	7.3238	8.76	2022-09-27	22:04:59
270.9618	20.45	35.00	7.2989	8.76	2022-09-27	23:04:59
271.0035	20.40	35.00	7.1036	8.77	2022-09-28	00:04:59
271.0451	20.33	35.00	7.1757	8.77	2022-09-28	01:04:59
271.0868	19.09	35.00	7.3624	8.76	2022-09-28	02:04:59
271.1285	19.04	35.00	7.3641	8.75	2022-09-28	03:04:59
271.1701	19.07	35.00	7.4679	8.73	2022-09-28	04:04:59
271.2118	18.88	35.00	7.6226	8.73	2022-09-28	05:04:59
271.2535	18.73	35.00	7.5530	8.72	2022-09-28	06:04:59
271.2951	18.64	35.00	7.5597	8.72	2022-09-28	07:04:59
271.3368	18.57	35.00	7.5571	8.71	2022-09-28	08:04:59
271.3785	18.57	35.00	7.5237	8.71	2022-09-28	09:04:59
271.4201	18.42	35.00	7.5083	8.70	2022-09-28	10:04:59
271.4618	18.30	35.00	7.2642	8.70	2022-09-28	11:04:59
271.5035	18.40	35.00	7.0924	8.70	2022-09-28	12:04:59
271.5451	18.49	35.00	7.1200	8.69	2022-09-28	13:04:59
271.5868	18.57	35.00	7.5557	8.70	2022-09-28	14:04:59
271.6285	18.78	35.00	7.5646	8.70	2022-09-28	15:04:59
271.6701	18.95	35.00	7.6594	8.70	2022-09-28	16:04:59
271.7118	19.14	35.00	7.6448	8.71	2022-09-28	17:04:59
271.7535	19.33	35.00	7.6196	8.71	2022-09-28	18:04:59
271.7951	19.38	35.00	7.6720	8.72	2022-09-28	19:04:59
271.8368	19.48	35.00	7.6606	8.72	2022-09-28	20:04:59
271.8785	19.57	35.00	7.5184	8.72	2022-09-28	21:04:59
271.9201	19.74	35.00	7.5783	8.73	2022-09-28	22:04:59
271.9618	19.99	35.00	7.5028	8.73	2022-09-28	23:04:59
272.0035	19.91	35.00	7.3482	8.73	2022-09-29	00:04:59
272.0451	19.87	35.00	7.2422	8.74	2022-09-29	01:04:59
272.0868	19.79	35.00	7.1970	8.74	2022-09-29	02:04:59
272.1285	18.92	35.00	7.4692	8.72	2022-09-29	03:04:59
272.1701	18.83	35.00	7.5726	8.71	2022-09-29	04:04:59
272.2118	18.85	35.00	7.5729	8.70	2022-09-29	05:04:59
272.2535	18.92	35.00	7.5913	8.70	2022-09-29	06:04:59
272.2951	18.85	35.00	7.6113	8.70	2022-09-29	07:04:59
272.3368	18.83	35.00	7.5645	8.70	2022-09-29	08:04:59
272.3785	18.71	35.00	7.5988	8.70	2022-09-29	09:04:59
272.4201	18.57	35.00	7.6031	8.69	2022-09-29	10:04:59
272.4618	18.42	35.00	7.5205	8.68	2022-09-29	11:04:59
272.5035	18.47	35.00	7.3666	8.68	2022-09-29	12:04:59
272.5451	18.59	35.00	7.2781	8.68	2022-09-29	13:04:59
272.5868	18.61	35.00	0.0000	8.68	2022-09-29	14:04:59
272.6285	18.71	35.00	0.0000	8.68	2022-09-29	15:04:59
272.6701	18.90	35.00	0.0000	8.68	2022-09-29	16:04:59
272.7118	19.07	35.00	0.0000	8.69	2022-09-29	17:04:59
272.7535	19.07	35.00	0.0000	8.69	2022-09-29	18:04:59
272.7951	19.09	35.00	0.0000	8.69	2022-09-29	19:04:59
272.8368	19.12	35.00	7.5112	8.69	2022-09-29	20:04:59
272.8785	19.09	35.00	7.7722	8.69	2022-09-29	21:04:59
272.9201	19.07	35.00	7.7420	8.69	2022-09-29	22:04:59
272.9618	19.04	35.00	7.6523	8.69	2022-09-29	23:04:59
273.0035	18.90	35.00	7.6134	8.69	2022-09-30	00:04:59
273.0451	18.76	35.00	7.3388	8.68	2022-09-30	01:04:59
273.0868	18.64	35.00	7.1271	8.68	2022-09-30	02:04:59
273.1285	18.54	35.00	7.6203	8.67	2022-09-30	03:04:59
273.1701	18.42	35.00	7.7065	8.67	2022-09-30	04:04:59
273.2118	18.28	35.00	7.6895	8.66	2022-09-30	05:04:59
273.2535	18.14	35.00	7.7418	8.66	2022-09-30	06:04:59
273.2951	18.14	35.00	7.7257	8.65	2022-09-30	07:04:59
273.3368	18.04	35.00	7.7414	8.65	2022-09-30	08:04:59
273.3785	18.02	35.00	7.7819	8.65	2022-09-30	09:04:59
273.4201	17.90	35.00	7.7434	8.64	2022-09-30	10:04:59
273.4618	17.80	35.00	7.7283	8.64	2022-09-30	11:04:59
273.5035	17.71	35.00	7.7102	8.64	2022-09-30	12:04:59
273.5451	17.66	35.00	7.4676	8.63	2022-09-30	13:04:59
273.5868	17.66	35.00	7.4618	8.63	2022-09-30	14:04:59
273.6285	17.88	35.00	7.7541	8.62	2022-09-30	15:04:59
273.6701	18.11	35.00	7.7661	8.63	2022-09-30	16:04:59
273.7118	18.30	35.00	7.8157	8.64	2022-09-30	17:04:59
273.7535	18.45	35.00	7.7670	8.64	2022-09-30	18:04:59
273.7951	18.49	35.00	7.9334	8.65	2022-09-30	19:04:59
273.8368	18.47	35.00	7.8727	8.65	2022-09-30	20:04:59
273.8785	18.45	35.00	7.8887	8.65	2022-09-30	21:04:59
273.9201	18.40	35.00	7.8525	8.65	2022-09-30	22:04:59
273.9618	18.42	35.00	7.8616	8.65	2022-09-30	23:04:59
274.0035	18.37	35.00	7.7438	8.65	2022-10-01	00:04:59
274.0451	18.18	35.00	7.6278	8.65	2022-10-01	01:04:59
274.0868	18.02	35.00	7.4463	8.64	2022-10-01	02:04:59
274.1285	17.90	35.00	7.2993	8.63	2022-10-01	03:04:59
274.1701	17.90	35.00	7.7421	8.63	2022-10-01	04:04:59
274.2118	17.78	35.00	7.7582	8.62	2022-10-01	05:04:59
274.2535	17.66	35.00	7.7772	8.62	2022-10-01	06:04:59
274.2951	17.54	35.00	7.8054	8.61	2022-10-01	07:04:59
274.3368	17.57	35.00	7.8241	8.61	2022-10-01	08:04:59
274.3785	17.57	35.00	7.8233	8.61	2022-10-01	09:04:59
274.4201	17.54	35.00	7.8419	8.61	2022-10-01	10:04:59
274.4618	17.47	35.00	7.8305	8.61	2022-10-01	11:04:59
274.5035	17.43	35.00	7.8106	8.60	2022-10-01	12:04:59
274.5451	17.36	35.00	7.7004	8.60	2022-10-01	13:04:59
274.5868	17.28	35.00	7.5576	8.59	2022-10-01	14:04:59
274.6285	17.19	35.00	7.5425	8.59	2022-10-01	15:04:59
274.6701	17.31	35.00	7.7422	8.59	2022-10-01	16:04:59
274.7118	17.21	35.00	7.7786	8.59	2022-10-01	17:04:59
274.7535	17.19	35.00	7.8014	8.59	2022-10-01	18:04:59
274.7951	17.21	35.00	7.8216	8.58	2022-10-01	19:04:59
274.8368	17.24	35.00	7.8446	8.58	2022-10-01	20:04:59
274.8785	17.28	35.00	7.8256	8.58	2022-10-01	21:04:59
274.9201	17.26	35.00	7.8121	8.58	2022-10-01	22:04:59
274.9618	17.24	35.00	7.8303	8.58	2022-10-01	23:04:59
275.0035	17.17	35.00	7.8107	8.58	2022-10-02	00:04:59
275.0451	17.03	35.00	7.7126	8.57	2022-10-02	01:04:59
275.0868	16.89	35.00	7.5538	8.57	2022-10-02	02:04:59
275.1285	16.81	35.00	7.3394	8.57	2022-10-02	03:04:59
275.1701	16.74	35.00	7.2277	8.56	2022-10-02	04:04:59
275.2118	17.03	35.00	7.6054	8.56	2022-10-02	05:04:59
275.2535	17.07	35.00	7.7235	8.56	2022-10-02	06:04:59
275.2951	17.00	35.00	7.7447	8.57	2022-10-02	07:04:59
275.3368	17.05	35.00	7.7650	8.56	2022-10-02	08:04:59
275.3785	17.03	35.00	7.7499	8.56	2022-10-02	09:04:59
275.4201	16.98	35.00	7.7495	8.56	2022-10-02	10:04:59
275.4618	16.93	35.00	7.7373	8.56	2022-10-02	11:04:59
275.5035	16.86	35.00	7.7247	8.55	2022-10-02	12:04:59
275.5451	16.79	35.00	7.7596	8.55	2022-10-02	13:04:59
275.5868	16.58	35.00	7.6250	8.55	2022-10-02	14:04:59
275.6285	16.35	35.00	7.4083	8.54	2022-10-02	15:04:59
275.6701	16.51	35.00	7.6303	8.53	2022-10-02	16:04:59
275.7118	16.49	35.00	7.7489	8.53	2022-10-02	17:04:59
275.7535	16.42	35.00	7.8624	8.53	2022-10-02	18:04:59
275.7951	16.30	35.00	7.8718	8.53	2022-10-02	19:04:59
275.8368	16.18	35.00	7.8572	8.53	2022-10-02	20:04:59
275.8785	16.11	35.00	7.9113	8.52	2022-10-02	21:04:59
275.9201	15.90	35.00	7.9254	8.51	2022-10-02	22:04:59
275.9618	15.81	35.00	7.8550	8.51	2022-10-02	23:04:59
276.0035	15.72	35.00	7.8953	8.50	2022-10-03	00:04:59
276.0451	15.65	35.00	7.8318	8.50	2022-10-03	01:04:59
276.0868	15.26	35.00	7.7627	8.49	2022-10-03	02:04:59
276.1285	14.93	35.00	7.6864	8.47	2022-10-03	03:04:59
276.1701	14.77	35.00	7.5435	8.46	2022-10-03	04:04:59
276.2118	14.70	35.00	7.4362	8.46	2022-10-03	05:04:59
276.2535	14.86	35.00	7.6511	8.45	2022-10-03	06:04:59
276.2951	14.84	35.00	7.7623	8.45	2022-10-03	07:04:59
276.3368	14.84	35.00	7.7818	8.45	2022-10-03	08:04:59
276.3785	14.82	35.00	7.8188	8.44	2022-10-03	09:04:59
276.4201	14.82	35.00	7.8167	8.44	2022-10-03	10:04:59
276.4618	14.86	35.00	7.8100	8.44	2022-10-03	11:04:59
276.5035	14.75	35.00	7.8064	8.44	2022-10-03	12:04:59
276.5451	14.66	35.00	7.7877	8.44	2022-10-03	13:04:59
276.5868	14.52	35.00	7.8000	8.43	2022-10-03	14:04:59
276.6285	14.34	35.00	7.7741	8.43	2022-10-03	15:04:59
276.6701	14.18	35.00	7.6291	8.42	2022-10-03	16:04:59
276.7118	14.18	35.00	7.5059	8.42	2022-10-03	17:04:59
276.7535	14.47	35.00	7.8773	8.42	2022-10-03	18:04:59
276.7951	14.50	35.00	7.8794	8.42	2022-10-03	19:04:59
276.8368	14.41	35.00	7.8897	8.42	2022-10-03	20:04:59
276.8785	14.43	35.00	7.9014	8.42	2022-10-03	21:04:59
276.9201	14.38	35.00	7.8871	8.42	2022-10-03	22:04:59
276.9618	14.31	35.00	7.9343	8.42	2022-10-03	23:04:59
277.0035	14.24	35.00	7.8964	8.41	2022-10-04	00:04:59
277.0451	14.22	35.00	7.9035	8.41	2022-10-04	01:04:59
277.0868	14.15	35.00	7.8461	8.40	2022-10-04	02:04:59
277.1285	13.86	35.00	7.8136	8.40	2022-10-04	03:04:59
277.1701	13.65	35.00	7.7115	8.39	2022-10-04	04:04:59
277.2118	13.51	35.00	7.5930	8.38	2022-10-04	05:04:59
277.2535	13.42	35.00	7.3112	8.38	2022-10-04	06:04:59
277.2951	13.51	35.00	7.5340	8.37	2022-10-04	07:04:59
277.3368	13.67	35.00	7.8242	8.37	2022-10-04	08:04:59
277.3785	13.65	35.00	7.8072	8.37	2022-10-04	09:04:59
277.4201	13.61	35.00	7.7993	8.37	2022-10-04	10:04:59
277.4618	13.65	35.00	7.7771	8.37	2022-10-04	11:04:59
277.5035	13.72	35.00	7.7792	8.37	2022-10-04	12:04:59
277.5451	13.72	35.00	7.7318	8.37	2022-10-04	13:04:59
277.5868	13.70	35.00	7.7309	8.37	2022-10-04	14:04:59
277.6285	13.70	35.00	7.6708	8.37	2022-10-04	15:04:59
277.6701	13.70	35.00	0.0000	8.37	2022-10-04	16:04:59
277.7118	13.72	35.00	7.5495	8.37	2022-10-04	17:04:59
277.7535	13.81	35.00	7.5518	8.37	2022-10-04	18:04:59
277.7951	14.18	35.00	7.7544	8.38	2022-10-04	19:04:59
277.8368	14.24	35.00	7.8261	8.39	2022-10-04	20:04:59
277.8785	14.29	35.00	7.8105	8.39	2022-10-04	21:04:59
277.9201	14.34	35.00	7.8115	8.39	2022-10-04	22:04:59
277.9618	14.45	35.00	7.7991	8.39	2022-10-04	23:04:59
278.0035	14.50	35.00	7.7997	8.40	2022-10-05	00:04:59
278.0451	14.47	35.00	7.7896	8.40	2022-10-05	01:04:59
278.0868	14.50	35.00	7.7751	8.40	2022-10-05	02:04:59
278.1285	14.52	35.00	7.7795	8.40	2022-10-05	03:04:59
278.1701	14.47	35.00	7.7118	8.40	2022-10-05	04:04:59
278.2118	14.43	35.00	7.6238	8.40	2022-10-05	05:04:59
278.2535	14.38	35.00	7.4858	8.40	2022-10-05	06:04:59
278.2951	14.34	35.00	7.4110	8.39	2022-10-05	07:04:59
278.3368	14.34	35.00	7.3220	8.39	2022-10-05	08:04:59
278.3785	14.63	35.00	7.7307	8.39	2022-10-05	09:04:59
278.4201	14.61	35.00	7.7416	8.40	2022-10-05	10:04:59
278.4618	14.73	35.00	7.7509	8.40	2022-10-05	11:04:59
278.5035	14.86	35.00	7.7698	8.40	2022-10-05	12:04:59
278.5451	14.93	35.00	7.7712	8.41	2022-10-05	13:04:59
278.5868	14.98	35.00	7.7687	8.41	2022-10-05	14:04:59
278.6285	15.12	35.00	7.7881	8.42	2022-10-05	15:04:59
278.6701	15.21	35.00	7.7529	8.42	2022-10-05	16:04:59
278.7118	15.35	35.00	7.6941	8.42	2022-10-05	17:04:59
278.7535	15.46	35.00	7.5586	8.43	2022-10-05	18:04:59
278.7951	15.51	35.00	7.4900	8.43	2022-10-05	19:04:59
278.8368	15.60	35.00	7.8077	8.43	2022-10-05	20:04:59
278.8785	15.72	35.00	7.8290	8.44	2022-10-05	21:04:59
278.9201	15.70	35.00	7.8365	8.44	2022-10-05	22:04:59
278.9618	15.63	35.00	7.8857	8.44	2022-10-05	23:04:59
279.0035	15.67	35.00	7.8603	8.44	2022-10-06	00:04:59
279.0451	15.67	35.00	7.8507	8.44	2022-10-06	01:04:59
279.0868	15.67	35.00	7.8470	8.44	2022-10-06	02:04:59
279.1285	15.67	35.00	7.8696	8.44	2022-10-06	03:04:59
279.1701	15.65	35.00	7.8353	8.44	2022-10-06	04:04:59
279.2118	15.58	35.00	7.8130	8.44	2022-10-06	05:04:59
279.2535	15.56	35.00	7.7033	8.43	2022-10-06	06:04:59
279.2951	15.51	35.00	7.5532	8.43	2022-10-06	07:04:59
279.3368	15.49	35.00	7.3935	8.43	2022-10-06	08:04:59
279.3785	15.49	35.00	7.3554	8.43	2022-10-06	09:04:59
279.4201	15.74	35.00	7.7664	8.43	2022-10-06	10:04:59
279.4618	15.72	35.00	7.7829	8.43	2022-10-06	11:04:59
279.5035	15.74	35.00	7.8178	8.43	2022-10-06	12:04:59
279.5451	15.77	35.00	7.8478	8.43	2022-10-06	13:04:59
279.5868	15.79	35.00	7.8366	8.43	2022-10-06	14:04:59
279.6285	15.86	35.00	7.8394	8.43	2022-10-06	15:04:59
279.6701	15.93	35.00	7.7996	8.44	2022-10-06	16:04:59
279.7118	16.14	35.00	7.8364	8.44	2022-10-06	17:04:59
279.7535	16.37	35.00	7.7000	8.44	2022-10-06	18:04:59
279.7951	16.63	35.00	7.5485	8.45	2022-10-06	19:04:59
279.8368	16.77	35.00	7.4396	8.46	2022-10-06	20:04:59
279.8785	16.77	35.00	7.7729	8.47	2022-10-06	21:04:59
279.9201	16.65	35.00	7.8893	8.47	2022-10-06	22:04:59
279.9618	16.58	35.00	7.7156	8.47	2022-10-06	23:04:59
280.0035	16.51	35.00	7.8236	8.46	2022-10-07	00:04:59
280.0451	16.39	35.00	7.9701	8.46	2022-10-07	01:04:59
280.0868	16.35	35.00	7.9400	8.46	2022-10-07	02:04:59
280.1285	16.30	35.00	7.7698	8.45	2022-10-07	03:04:59
280.1701	16.28	35.00	7.8501	8.45	2022-10-07	04:04:59
280.2118	16.25	35.00	7.9162	8.44	2022-10-07	05:04:59
280.2535	16.11	35.00	7.8253	8.44	2022-10-07	06:04:59
280.2951	15.97	35.00	7.7306	8.43	2022-10-07	07:04:59
280.3368	15.93	35.00	7.5760	8.43	2022-10-07	08:04:59
280.3785	15.90	35.00	7.3436	8.43	2022-10-07	09:04:59
280.4201	15.88	35.00	7.3736	8.42	2022-10-07	10:04:59
280.4618	16.04	35.00	7.6873	8.42	2022-10-07	11:04:59
280.5035	16.02	35.00	7.7923	8.42	2022-10-07	12:04:59
280.5451	16.14	35.00	7.8691	8.42	2022-10-07	13:04:59
280.5868	16.16	35.00	7.8692	8.43	2022-10-07	14:04:59
280.6285	16.25	35.00	7.8962	8.43	2022-10-07	15:04:59
280.6701	16.39	35.00	7.8786	8.43	2022-10-07	16:04:59
280.7118	16.67	35.00	7.8193	8.43	2022-10-07	17:04:59
280.7535	17.05	35.00	7.8130	8.44	2022-10-07	18:04:59
280.7951	17.85	35.00	7.7834	8.46	2022-10-07	19:04:59
280.8368	18.28	35.00	7.6558	8.48	2022-10-07	20:04:59
280.8785	18.35	35.00	7.5133	8.50	2022-10-07	21:04:59
280.9201	18.30	35.00	7.4505	8.51	2022-10-07	22:04:59
280.9618	17.38	35.00	7.8468	8.49	2022-10-07	23:04:59
281.0035	17.26	35.00	7.8582	8.48	2022-10-08	00:04:59
281.0451	17.17	35.00	7.8491	8.47	2022-10-08	01:04:59
281.0868	17.00	35.00	7.8920	8.47	2022-10-08	02:04:59
281.1285	16.93	35.00	7.8843	8.46	2022-10-08	03:04:59
281.1701	16.89	35.00	7.9093	8.46	2022-10-08	04:04:59
281.2118	16.89	35.00	7.8588	8.45	2022-10-08	05:04:59
281.2535	16.84	35.00	7.8333	8.45	2022-10-08	06:04:59
281.2951	16.77	35.00	7.7552	8.45	2022-10-08	07:04:59
281.3368	16.70	35.00	7.6586	8.44	2022-10-08	08:04:59
281.3785	16.72	35.00	7.3915	8.44	2022-10-08	09:04:59
281.4201	16.74	35.00	7.2964	8.44	2022-10-08	10:04:59
281.4618	16.42	35.00	7.7224	8.44	2022-10-08	11:04:59
281.5035	16.44	35.00	7.7926	8.43	2022-10-08	12:04:59
281.5451	16.35	35.00	7.7954	8.42	2022-10-08	13:04:59
281.5868	16.11	35.00	7.7698	8.42	2022-10-08	14:04:59
281.6285	16.23	35.00	7.7989	8.41	2022-10-08	15:04:59
281.6701	16.30	35.00	7.8400	8.41	2022-10-08	16:04:59
281.7118	16.39	35.00	7.8554	8.41	2022-10-08	17:04:59
281.7535	16.60	35.00	7.7772	8.41	2022-10-08	18:04:59
281.7951	16.86	35.00	7.7871	8.42	2022-10-08	19:04:59
281.8368	17.33	35.00	7.6877	8.43	2022-10-08	20:04:59
281.8785	17.54	35.00	7.5082	8.44	2022-10-08	21:04:59
281.9201	17.52	35.00	7.3059	8.45	2022-10-08	22:04:59
281.9618	16.77	35.00	7.7507	8.44	2022-10-08	23:04:59
282.0035	16.42	35.00	7.8373	8.43	2022-10-09	00:04:59
282.0451	16.35	35.00	7.8338	8.42	2022-10-09	01:04:59
282.0868	16.18	35.00	7.8294	8.41	2022-10-09	02:04:59
282.1285	16.09	35.00	7.8340	8.40	2022-10-09	03:04:59
282.1701	16.04	35.00	7.8335	8.39	2022-10-09	04:04:59
282.2118	15.97	35.00	7.8207	8.38	2022-10-09	05:04:59
282.2535	15.86	35.00	7.8308	8.38	2022-10-09	06:04:59
282.2951	15.72	35.00	7.8172	8.37	2022-10-09	07:04:59
282.3368	15.35	35.00	7.7758	8.36	2022-10-09	08:04:59
282.3785	15.14	35.00	7.6623	8.35	2022-10-09	09:04:59
282.4201	15.12	35.00	7.4416	8.34	2022-10-09	10:04:59
282.4618	15.03	35.00	7.3572	8.33	2022-10-09	11:04:59
282.5035	15.26	35.00	7.7077	8.33	2022-10-09	12:04:59
282.5451	15.28	35.00	7.7142	8.33	2022-10-09	13:04:59
282.5868	15.33	35.00	7.7254	8.33	2022-10-09	14:04:59
282.6285	15.35	35.00	7.7652	8.33	2022-10-09	15:04:59
282.6701	15.40	35.00	7.7894	8.33	2022-10-09	16:04:59
282.7118	15.51	35.00	7.7849	8.33	2022-10-09	17:04:59
282.7535	15.70	35.00	7.7664	8.34	2022-10-09	18:04:59
282.7951	15.79	35.00	7.7907	8.34	2022-10-09	19:04:59
282.8368	16.18	35.00	7.7661	8.35	2022-10-09	20:04:59
282.8785	16.51	35.00	7.7033	8.36	2022-10-09	21:04:59
282.9201	16.42	35.00	7.5748	8.38	2022-10-09	22:04:59
282.9618	16.28	35.00	7.4214	8.38	2022-10-09	23:04:59
283.0035	15.44	35.00	7.5531	8.37	2022-10-10	00:04:59
283.0451	15.05	35.00	7.7384	8.35	2022-10-10	01:04:59
283.0868	15.03	35.00	7.7858	8.33	2022-10-10	02:04:59
283.1285	15.09	35.00	7.8400	8.32	2022-10-10	03:04:59
283.1701	15.00	35.00	7.8324	8.32	2022-10-10	04:04:59
283.2118	15.00	35.00	7.7989	8.31	2022-10-10	05:04:59
283.2535	15.00	35.00	7.8340	8.31	2022-10-10	06:04:59
283.2951	14.86	35.00	7.8460	8.31	2022-10-10	07:04:59
283.3368	14.70	35.00	7.8456	8.30	2022-10-10	08:04:59
283.3785	14.43	35.00	7.7219	8.29	2022-10-10	09:04:59
283.4201	14.29	35.00	7.6341	8.28	2022-10-10	10:04:59
283.4618	14.27	35.00	7.5677	8.28	2022-10-10	11:04:59
283.5035	14.38	35.00	7.6254	8.27	2022-10-10	12:04:59
283.5451	14.82	35.00	7.8477	8.28	2022-10-10	13:04:59
283.5868	14.98	35.00	7.8854	8.29	2022-10-10	14:04:59
283.6285	15.14	35.00	7.9220	8.29	2022-10-10	15:04:59
283.6701	15.33	35.00	7.8971	8.30	2022-10-10	16:04:59
283.7118	15.46	35.00	7.9385	8.31	2022-10-10	17:04:59
283.7535	15.58	35.00	8.0015	8.31	2022-10-10	18:04:59
283.7951	15.74	35.00	7.8921	8.32	2022-10-10	19:04:59
283.8368	15.79	35.00	7.8832	8.32	2022-10-10	20:04:59
283.8785	16.16	35.00	7.8544	8.33	2022-10-10	21:04:59
283.9201	16.30	35.00	7.8603	8.34	2022-10-10	22:04:59
283.9618	16.14	35.00	7.6242	8.35	2022-10-10	23:04:59
284.0035	16.02	35.00	7.5814	8.35	2022-10-11	00:04:59
284.0451	15.63	35.00	7.7990	8.34	2022-10-11	01:04:59
284.0868	15.44	35.00	7.8119	8.33	2022-10-11	02:04:59
284.1285	15.40	35.00	7.8831	8.32	2022-10-11	03:04:59
284.1701	15.44	35.00	7.8804	8.32	2022-10-11	04:04:59
284.2118	15.44	35.00	7.8257	8.32	2022-10-11	05:04:59
284.2535	15.44	35.00	7.8847	8.31	2022-10-11	06:04:59
284.2951	15.42	35.00	7.8576	8.31	2022-10-11	07:04:59
284.3368	15.26	35.00	7.9099	8.31	2022-10-11	08:04:59
284.3785	15.07	35.00	7.8703	8.31	2022-10-11	09:04:59
284.4201	14.75	35.00	7.7839	8.29	2022-10-11	10:04:59
284.4618	14.63	35.00	7.5990	8.28	2022-10-11	11:04:59
284.5035	14.59	35.00	7.5039	8.27	2022-10-11	12:04:59
284.5451	15.05	35.00	7.8663	8.27	2022-10-11	13:04:59
284.5868	15.28	35.00	7.8241	8.28	2022-10-11	14:04:59
284.6285	15.53	35.00	7.8825	8.29	2022-10-11	15:04:59
284.6701	15.84	35.00	7.8579	8.30	2022-10-11	16:04:59
284.7118	16.09	35.00	7.9640	8.31	2022-10-11	17:04:59
284.7535	16.23	35.00	7.9119	8.32	2022-10-11	18:04:59
284.7951	16.37	35.00	7.8747	8.33	2022-10-11	19:04:59
284.8368	16.44	35.00	7.8850	8.33	2022-10-11	20:04:59
284.8785	16.51	35.00	7.9101	8.34	2022-10-11	21:04:59
284.9201	16.79	35.00	7.8078	8.35	2022-10-11	22:04:59
284.9618	16.58	35.00	7.6744	8.35	2022-10-11	23:04:59
285.0035	16.37	35.00	7.4825	8.35	2022-10-12	00:04:59
285.0451	16.28	35.00	7.3374	8.34	2022-10-12	01:04:59
285.0868	16.09	35.00	7.8394	8.33	2022-10-12	02:04:59
285.1285	15.93	35.00	7.7993	8.33	2022-10-12	03:04:59
285.1701	15.74	35.00	7.7147	8.32	2022-10-12	04:04:59
285.2118	15.65	35.00	7.8717	8.31	2022-10-12	05:04:59
285.2535	15.70	35.00	7.8344	8.31	2022-10-12	06:04:59
285.2951	15.72	35.00	7.8587	8.31	2022-10-12	07:04:59
285.3368	15.63	35.00	7.8771	8.30	2022-10-12	08:04:59
285.3785	15.51	35.00	7.8559	8.29	2022-10-12	09:04:59
285.4201	15.40	35.00	7.7742	8.29	2022-10-12	10:04:59
285.4618	15.28	35.00	7.7404	8.28	2022-10-12	11:04:59
285.5035	15.21	35.00	7.5545	8.28	2022-10-12	12:04:59
285.5451	15.26	35.00	7.4355	8.28	2022-10-12	13:04:59
285.5868	15.60	35.00	7.8185	8.28	2022-10-12	14:04:59
285.6285	15.77	35.00	7.7957	8.28	2022-10-12	15:04:59
285.6701	15.93	35.00	7.8708	8.29	2022-10-12	16:04:59
285.7118	16.16	35.00	7.8836	8.29	2022-10-12	17:04:59
285.7535	16.39	35.00	7.9331	8.31	2022-10-12	18:04:59
285.7951	16.44	35.00	7.8844	8.31	2022-10-12	19:04:59
285.8368	16.53	35.00	7.8727	8.32	2022-10-12	20:04:59
285.8785	16.63	35.00	7.9100	8.32	2022-10-12	21:04:59
285.9201	16.72	35.00	7.8603	8.33	2022-10-12	22:04:59
285.9618	16.98	35.00	7.7780	8.33	2022-10-12	23:04:59
286.0035	16.89	35.00	7.6437	8.34	2022-10-13	00:04:59
286.0451	16.81	35.00	7.4770	8.34	2022-10-13	01:04:59
286.0868	16.74	35.00	7.4985	8.33	2022-10-13	02:04:59
286.1285	16.18	35.00	7.8250	8.32	2022-10-13	03:04:59
286.1701	16.07	35.00	7.8668	8.31	2022-10-13	04:04:59
286.2118	16.00	35.00	7.8071	8.31	2022-10-13	05:04:59
286.2535	16.04	35.00	7.8189	8.30	2022-10-13	06:04:59
286.2951	16.07	35.00	7.8699	8.29	2022-10-13	07:04:59
286.3368	16.00	35.00	7.8283	8.29	2022-10-13	08:04:59
286.3785	15.95	35.00	7.8397	8.29	2022-10-13	09:04:59
286.4201	15.90	35.00	7.8003	8.29	2022-10-13	10:04:59
286.4618	15.81	35.00	7.7669	8.28	2022-10-13	11:04:59
286.5035	15.72	35.00	7.7010	8.28	2022-10-13	12:04:59
286.5451	15.79	35.00	7.6745	8.27	2022-10-13	13:04:59
286.5868	15.86	35.00	7.6682	8.28	2022-10-13	14:04:59
286.6285	16.07	35.00	7.8383	8.28	2022-10-13	15:04:59
286.6701	16.11	35.00	7.8173	8.28	2022-10-13	16:04:59
286.7118	16.30	35.00	7.8626	8.28	2022-10-13	17:04:59
286.7535	16.46	35.00	7.8098	8.29	2022-10-13	18:04:59
286.7951	16.51	35.00	7.8665	8.29	2022-10-13	19:04:59
286.8368	16.51	35.00	7.8816	8.29	2022-10-13	20:04:59
286.8785	16.49	35.00	7.8363	8.30	2022-10-13	21:04:59
286.9201	16.51	35.00	7.8123	8.30	2022-10-13	22:04:59
286.9618	16.53	35.00	7.7675	8.29	2022-10-13	23:04:59
287.0035	16.58	35.00	7.7191	8.29	2022-10-14	00:04:59
287.0451	16.56	35.00	7.6139	8.30	2022-10-14	01:04:59
287.0868	16.56	35.00	7.5155	8.29	2022-10-14	02:04:59
287.1285	16.56	35.00	7.3067	8.29	2022-10-14	03:04:59
287.1701	16.44	35.00	7.7437	8.29	2022-10-14	04:04:59
287.2118	16.44	35.00	7.7886	8.29	2022-10-14	05:04:59
287.2535	16.44	35.00	7.8140	8.29	2022-10-14	06:04:59
287.2951	16.44	35.00	7.7700	8.28	2022-10-14	07:04:59
287.3368	16.49	35.00	7.7786	8.28	2022-10-14	08:04:59
287.3785	16.46	35.00	7.8311	8.28	2022-10-14	09:04:59
287.4201	16.49	35.00	7.8122	8.28	2022-10-14	10:04:59
287.4618	16.51	35.00	7.7765	8.28	2022-10-14	11:04:59
287.5035	16.56	35.00	7.7022	8.28	2022-10-14	12:04:59
287.5451	16.65	35.00	7.6836	8.28	2022-10-14	13:04:59
287.5868	16.74	35.00	7.6303	8.28	2022-10-14	14:04:59
287.6285	16.77	35.00	7.5722	8.29	2022-10-14	15:04:59
287.6701	16.72	35.00	7.7171	8.29	2022-10-14	16:04:59
287.7118	16.84	35.00	7.7344	8.29	2022-10-14	17:04:59
287.7535	16.81	35.00	7.7080	8.29	2022-10-14	18:04:59
287.7951	16.79	35.00	7.7863	8.29	2022-10-14	19:04:59
287.8368	16.77	35.00	7.7969	8.29	2022-10-14	20:04:59
287.8785	16.77	35.00	7.7470	8.29	2022-10-14	21:04:59
287.9201	16.81	35.00	7.7785	8.28	2022-10-14	22:04:59
287.9618	16.86	35.00	7.6995	8.28	2022-10-14	23:04:59
288.0035	17.05	35.00	7.6540	8.29	2022-10-15	00:04:59
288.0451	17.14	35.00	7.4796	8.29	2022-10-15	01:04:59
288.0868	17.17	35.00	7.1702	8.30	2022-10-15	02:04:59
288.1285	17.19	35.00	7.1909	8.30	2022-10-15	03:04:59
288.1701	17.17	35.00	7.3842	8.30	2022-10-15	04:04:59
288.2118	16.42	35.00	7.6608	8.29	2022-10-15	05:04:59
288.2535	16.28	35.00	7.6486	8.27	2022-10-15	06:04:59
288.2951	16.28	35.00	7.7468	8.26	2022-10-15	07:04:59
288.3368	16.16	35.00	7.8286	8.25	2022-10-15	08:04:59
288.3785	16.09	35.00	7.8116	8.25	2022-10-15	09:04:59
288.4201	16.07	35.00	7.7954	8.25	2022-10-15	10:04:59
288.4618	16.07	35.00	7.8032	8.24	2022-10-15	11:04:59
288.5035	16.16	35.00	7.6930	8.24	2022-10-15	12:04:59
288.5451	16.25	35.00	7.6074	8.24	2022-10-15	13:04:59
288.5868	16.44	35.00	7.3754	8.24	2022-10-15	14:04:59
288.6285	16.65	35.00	7.2168	8.25	2022-10-15	15:04:59
288.6701	16.11	35.00	7.7135	8.25	2022-10-15	16:04:59
288.7118	16.25	35.00	7.7493	8.24	2022-10-15	17:04:59
288.7535	16.37	35.00	7.7932	8.24	2022-10-15	18:04:59
288.7951	16.65	35.00	7.8646	8.25	2022-10-15	19:04:59
288.8368	16.72	35.00	7.8286	8.25	2022-10-15	20:04:59
288.8785	16.74	35.00	7.7813	8.25	2022-10-15	21:04:59
288.9201	16.74	35.00	7.8133	8.25	2022-10-15	22:04:59
288.9618	16.65	35.00	7.8356	8.25	2022-10-15	23:04:59
289.0035	16.56	35.00	7.7600	8.25	2022-10-16	00:04:59
289.0451	16.53	35.00	7.7447	8.25	2022-10-16	01:04:59
289.0868	16.53	35.00	7.6117	8.25	2022-10-16	02:04:59
289.1285	16.56	35.00	7.4952	8.24	2022-10-16	03:04:59
289.1701	16.56	35.00	7.2379	8.24	2022-10-16	04:04:59
289.2118	16.23	35.00	7.7037	8.24	2022-10-16	05:04:59
289.2535	16.18	35.00	7.7431	8.23	2022-10-16	06:04:59
289.2951	16.07	35.00	7.7090	8.23	2022-10-16	07:04:59
289.3368	15.97	35.00	7.7033	8.22	2022-10-16	08:04:59
289.3785	15.95	35.00	7.7664	8.21	2022-10-16	09:04:59
289.4201	15.97	35.00	7.7933	8.21	2022-10-16	10:04:59
289.4618	15.90	35.00	7.8051	8.21	2022-10-16	11:04:59
289.5035	15.84	35.00	7.7457	8.20	2022-10-16	12:04:59
289.5451	15.84	35.00	7.7998	8.20	2022-10-16	13:04:59
289.5868	15.90	35.00	7.6263	8.20	2022-10-16	14:04:59
289.6285	16.07	35.00	7.5139	8.20	2022-10-16	15:04:59
289.6701	16.18	35.00	7.6038	8.20	2022-10-16	16:04:59
289.7118	16.63	35.00	7.7413	8.21	2022-10-16	17:04:59
289.7535	16.74	35.00	7.4345	8.22	2022-10-16	18:04:59
289.7951	16.81	35.00	7.9403	8.23	2022-10-16	19:04:59
289.8368	17.10	35.00	7.8190	8.24	2022-10-16	20:04:59
289.8785	17.10	35.00	7.7922	8.24	2022-10-16	21:04:59
289.9201	17.00	35.00	7.8066	8.25	2022-10-16	22:04:59
289.9618	16.98	35.00	7.7743	8.25	2022-10-16	23:04:59
290.0035	17.00	35.00	7.8293	8.25	2022-10-17	00:04:59
290.0451	16.98	35.00	7.7895	8.25	2022-10-17	01:04:59
290.0868	16.86	35.00	7.7312	8.24	2022-10-17	02:04:59
290.1285	16.74	35.00	7.5510	8.24	2022-10-17	03:04:59
290.1701	16.67	35.00	7.3998	8.24	2022-10-17	04:04:59
290.2118	16.65	35.00	7.2387	8.23	2022-10-17	05:04:59
290.2535	16.63	35.00	7.7096	8.23	2022-10-17	06:04:59
290.2951	16.60	35.00	7.6693	8.23	2022-10-17	07:04:59
290.3368	16.49	35.00	7.7552	8.22	2022-10-17	08:04:59
290.3785	16.39	35.00	7.7586	8.22	2022-10-17	09:04:59
290.4201	16.39	35.00	7.6809	8.21	2022-10-17	10:04:59
290.4618	16.37	35.00	7.7607	8.21	2022-10-17	11:04:59
290.5035	16.35	35.00	7.7201	8.21	2022-10-17	12:04:59
290.5451	16.32	35.00	7.7127	8.20	2022-10-17	13:04:59
290.5868	16.32	35.00	7.7558	8.20	2022-10-17	14:04:59
290.6285	16.39	35.00	7.7041	8.20	2022-10-17	15:04:59
290.6701	16.46	35.00	7.5903	8.20	2022-10-17	16:04:59
290.7118	16.51	35.00	7.6089	8.20	2022-10-17	17:04:59
290.7535	16.58	35.00	7.7397	8.20	2022-10-17	18:04:59
290.7951	16.70	35.00	7.7091	8.21	2022-10-17	19:04:59
290.8368	16.67	35.00	7.7225	8.21	2022-10-17	20:04:59
290.8785	16.72	35.00	7.8376	8.21	2022-10-17	21:04:59
290.9201	16.72	35.00	7.7725	8.21	2022-10-17	22:04:59
290.9618	16.70	35.00	7.6945	8.21	2022-10-17	23:04:59
291.0035	16.67	35.00	7.7507	8.21	2022-10-18	00:04:59
291.0451	16.65	35.00	7.7490	8.21	2022-10-18	01:04:59
291.0868	16.60	35.00	7.7916	8.21	2022-10-18	02:04:59
291.1285	16.53	35.00	7.7284	8.20	2022-10-18	03:04:59
291.1701	16.51	35.00	7.4947	8.20	2022-10-18	04:04:59
291.2118	16.46	35.00	7.4849	8.20	2022-10-18	05:04:59
291.2535	16.46	35.00	7.2896	8.20	2022-10-18	06:04:59
291.2951	16.46	35.00	7.3428	8.20	2022-10-18	07:04:59
291.3368	16.51	35.00	7.5896	8.20	2022-10-18	08:04:59
291.3785	16.46	35.00	7.6585	8.19	2022-10-18	09:04:59
291.4201	16.53	35.00	7.6410	8.19	2022-10-18	10:04:59
291.4618	16.51	35.00	7.7060	8.19	2022-10-18	11:04:59
291.5035	16.51	35.00	7.6442	8.19	2022-10-18	12:04:59
291.5451	16.53	35.00	7.6898	8.19	2022-10-18	13:04:59
291.5868	16.63	35.00	7.7551	8.19	2022-10-18	14:04:59
291.6285	16.72	35.00	7.6783	8.19	2022-10-18	15:04:59
291.6701	16.86	35.00	7.5903	8.19	2022-10-18	16:04:59
291.7118	17.05	35.00	7.4428	8.20	2022-10-18	17:04:59
291.7535	17.17	35.00	7.3331	8.21	2022-10-18	18:04:59
291.7951	17.05	35.00	7.5932	8.21	2022-10-18	19:04:59
291.8368	17.03	35.00	7.6317	8.21	2022-10-18	20:04:59
291.8785	17.05	35.00	7.7208	8.21	2022-10-18	21:04:59
291.9201	17.00	35.00	7.5000	8.20	2022-10-18	22:04:59
291.9618	16.89	35.00	7.6588	8.20	2022-10-18	23:04:59
292.0035	16.84	35.00	7.7553	8.20	2022-10-19	00:04:59
292.0451	16.81	35.00	7.7323	8.20	2022-10-19	01:04:59
292.0868	16.79	35.00	7.7507	8.19	2022-10-19	02:04:59
292.1285	16.81	35.00	7.6882	8.19	2022-10-19	03:04:59
292.1701	16.77	35.00	7.5660	8.19	2022-10-19	04:04:59
292.2118	16.67	35.00	6.9563	8.18	2022-10-19	05:04:59
292.2535	16.63	35.00	7.2447	8.18	2022-10-19	06:04:59
292.2951	16.56	35.00	7.1000	8.18	2022-10-19	07:04:59
292.3368	16.46	35.00	7.6180	8.17	2022-10-19	08:04:59
292.3785	16.23	35.00	7.7992	8.17	2022-10-19	09:04:59
292.4201	16.14	35.00	7.6536	8.16	2022-10-19	10:04:59
292.4618	16.04	35.00	7.5579	8.15	2022-10-19	11:04:59
292.5035	16.02	35.00	7.6321	8.14	2022-10-19	12:04:59
292.5451	16.02	35.00	7.6763	8.14	2022-10-19	13:04:59
292.5868	15.97	35.00	7.6546	8.13	2022-10-19	14:04:59
292.6285	16.07	35.00	7.5799	8.13	2022-10-19	15:04:59
292.6701	16.16	35.00	7.5267	8.13	2022-10-19	16:04:59
292.7118	16.25	35.00	7.4366	8.14	2022-10-19	17:04:59
292.7535	16.37	35.00	7.1016	8.14	2022-10-19	18:04:59
292.7951	16.39	35.00	7.5647	8.14	2022-10-19	19:04:59
292.8368	16.14	35.00	7.6066	8.14	2022-10-19	20:04:59
292.8785	16.04	35.00	7.7072	8.14	2022-10-19	21:04:59
292.9201	15.95	35.00	7.4195	8.13	2022-10-19	22:04:59
292.9618	15.84	35.00	7.5568	8.12	2022-10-19	23:04:59
293.0035	15.81	35.00	7.6293	8.12	2022-10-20	00:04:59
293.0451	15.74	35.00	7.4850	8.12	2022-10-20	01:04:59
293.0868	15.65	35.00	7.8466	8.11	2022-10-20	02:04:59
293.1285	15.56	35.00	7.4554	8.10	2022-10-20	03:04:59
293.1701	15.37	35.00	7.3821	8.09	2022-10-20	04:04:59
293.2118	15.05	35.00	7.1633	8.09	2022-10-20	05:04:59
293.2535	14.86	35.00	6.5909	8.07	2022-10-20	06:04:59
293.2951	14.77	35.00	7.2406	8.06	2022-10-20	07:04:59
293.3368	14.75	35.00	7.2728	8.05	2022-10-20	08:04:59
293.3785	15.16	35.00	7.5350	8.05	2022-10-20	09:04:59
293.4201	15.19	35.00	7.6053	8.06	2022-10-20	10:04:59
293.4618	15.07	35.00	7.6056	8.06	2022-10-20	11:04:59
293.5035	14.89	35.00	7.6705	8.05	2022-10-20	12:04:59
293.5451	15.05	35.00	7.6590	8.05	2022-10-20	13:04:59
293.5868	15.14	35.00	7.7011	8.05	2022-10-20	14:04:59
293.6285	15.16	35.00	7.7340	8.05	2022-10-20	15:04:59
293.6701	15.16	35.00	7.7273	8.05	2022-10-20	16:04:59
293.7118	15.30	35.00	7.5460	8.05	2022-10-20	17:04:59
293.7535	15.30	35.00	7.5545	8.06	2022-10-20	18:04:59
293.7951	15.30	35.00	7.4866	8.06	2022-10-20	19:04:59
293.8368	15.30	35.00	7.4521	8.06	2022-10-20	20:04:59
293.8785	15.19	35.00	7.6258	8.06	2022-10-20	21:04:59
293.9201	14.93	35.00	7.7291	8.05	2022-10-20	22:04:59
293.9618	14.93	35.00	7.7940	8.04	2022-10-20	23:04:59
294.0035	14.86	35.00	7.8534	8.04	2022-10-21	00:04:59
294.0451	14.75	35.00	7.8829	8.03	2022-10-21	01:04:59
294.0868	14.63	35.00	7.9201	8.03	2022-10-21	02:04:59
294.1285	14.57	35.00	7.8323	8.02	2022-10-21	03:04:59
294.1701	14.52	35.00	7.8595	8.01	2022-10-21	04:04:59
294.2118	14.47	35.00	7.8380	8.01	2022-10-21	05:04:59
294.2535	14.27	35.00	7.7602	8.01	2022-10-21	06:04:59
294.2951	14.13	35.00	7.5103	7.99	2022-10-21	07:04:59
294.3368	14.02	35.00	7.2681	7.98	2022-10-21	08:04:59
294.3785	14.06	35.00	7.7295	7.98	2022-10-21	09:04:59
294.4201	13.99	35.00	7.8256	7.97	2022-10-21	10:04:59
294.4618	14.02	35.00	7.8468	7.97	2022-10-21	11:04:59
294.5035	13.97	35.00	7.9000	7.97	2022-10-21	12:04:59
294.5451	14.15	35.00	7.8939	7.97	2022-10-21	13:04:59
294.5868	14.24	35.00	7.8610	7.97	2022-10-21	14:04:59
294.6285	14.36	35.00	7.8321	7.97	2022-10-21	15:04:59
294.6701	14.59	35.00	7.8874	7.98	2022-10-21	16:04:59
294.7118	14.66	35.00	7.9563	7.99	2022-10-21	17:04:59
294.7535	14.75	35.00	7.8745	7.99	2022-10-21	18:04:59
294.7951	14.93	35.00	7.8172	8.00	2022-10-21	19:04:59
294.8368	15.05	35.00	7.5605	8.01	2022-10-21	20:04:59
294.8785	15.09	35.00	7.6398	8.01	2022-10-21	21:04:59
294.9201	15.16	35.00	7.8762	8.02	2022-10-21	22:04:59
294.9618	15.14	35.00	7.8614	8.02	2022-10-21	23:04:59
295.0035	14.98	35.00	7.8891	8.02	2022-10-22	00:04:59
295.0451	14.86	35.00	7.8906	8.01	2022-10-22	01:04:59
295.0868	14.80	35.00	7.8488	8.01	2022-10-22	02:04:59
295.1285	14.75	35.00	7.8072	8.00	2022-10-22	03:04:59
295.1701	14.68	35.00	7.8014	7.99	2022-10-22	04:04:59
295.2118	14.66	35.00	7.8573	7.99	2022-10-22	05:04:59
295.2535	14.63	35.00	7.7999	7.99	2022-10-22	06:04:59
295.2951	14.43	35.00	7.7281	7.99	2022-10-22	07:04:59
295.3368	14.22	35.00	7.4879	7.98	2022-10-22	08:04:59
295.3785	14.15	35.00	7.4594	7.97	2022-10-22	09:04:59
295.4201	14.43	35.00	7.7775	7.97	2022-10-22	10:04:59
295.4618	14.38	35.00	7.8529	7.97	2022-10-22	11:04:59
295.5035	14.24	35.00	7.7843	7.96	2022-10-22	12:04:59
295.5451	14.43	35.00	7.8466	7.96	2022-10-22	13:04:59
295.5868	14.57	35.00	7.8110	7.97	2022-10-22	14:04:59
295.6285	14.63	35.00	7.8963	7.97	2022-10-22	15:04:59
295.6701	14.82	35.00	7.8600	7.97	2022-10-22	16:04:59
295.7118	15.03	35.00	7.9341	7.98	2022-10-22	17:04:59
295.7535	15.14	35.00	7.8173	7.99	2022-10-22	18:04:59
295.7951	15.30	35.00	7.8423	7.99	2022-10-22	19:04:59
295.8368	15.44	35.00	7.6689	8.00	2022-10-22	20:04:59
295.8785	15.42	35.00	7.5297	8.01	2022-10-22	21:04:59
295.9201	15.51	35.00	7.8105	8.01	2022-10-22	22:04:59
295.9618	15.56	35.00	7.8344	8.02	2022-10-22	23:04:59
296.0035	15.46	35.00	7.8743	8.02	2022-10-23	00:04:59
296.0451	15.14	35.00	7.9398	8.01	2022-10-23	01:04:59
296.0868	15.12	35.00	7.8996	8.00	2022-10-23	02:04:59
296.1285	15.07	35.00	7.8688	7.99	2022-10-23	03:04:59
296.1701	15.05	35.00	7.8790	7.99	2022-10-23	04:04:59
296.2118	14.98	35.00	7.7515	7.99	2022-10-23	05:04:59
296.2535	14.96	35.00	7.8869	7.98	2022-10-23	06:04:59
296.2951	14.91	35.00	7.7909	7.98	2022-10-23	07:04:59
296.3368	14.80	35.00	7.5773	7.98	2022-10-23	08:04:59
296.3785	14.70	35.00	7.4584	7.97	2022-10-23	09:04:59
296.4201	14.77	35.00	7.7283	7.97	2022-10-23	10:04:59
296.4618	15.05	35.00	7.8376	7.97	2022-10-23	11:04:59
296.5035	14.96	35.00	7.8013	7.97	2022-10-23	12:04:59
296.5451	14.89	35.00	7.8299	7.97	2022-10-23	13:04:59
296.5868	14.86	35.00	7.8815	7.97	2022-10-23	14:04:59
296.6285	14.91	35.00	7.9017	7.97	2022-10-23	15:04:59
296.6701	14.93	35.00	7.8515	7.97	2022-10-23	16:04:59
296.7118	14.96	35.00	7.8609	7.97	2022-10-23	17:04:59
296.7535	14.98	35.00	7.8807	7.97	2022-10-23	18:04:59
296.7951	15.07	35.00	7.8904	7.97	2022-10-23	19:04:59
296.8368	15.12	35.00	7.7497	7.97	2022-10-23	20:04:59
296.8785	15.03	35.00	7.5039	7.97	2022-10-23	21:04:59
296.9201	15.00	35.00	7.4759	7.97	2022-10-23	22:04:59
296.9618	15.16	35.00	7.8550	7.97	2022-10-23	23:04:59
297.0035	15.05	35.00	7.7836	7.97	2022-10-24	00:04:59
297.0451	14.98	35.00	7.9172	7.96	2022-10-24	01:04:59
297.0868	14.96	35.00	7.8466	7.96	2022-10-24	02:04:59
297.1285	14.98	35.00	7.9369	7.96	2022-10-24	03:04:59
297.1701	15.00	35.00	7.9773	7.95	2022-10-24	04:04:59
297.2118	15.05	35.00	7.8816	7.96	2022-10-24	05:04:59
297.2535	14.98	35.00	7.8343	7.95	2022-10-24	06:04:59
297.2951	14.96	35.00	7.7683	7.95	2022-10-24	07:04:59
297.3368	14.93	35.00	7.7371	7.95	2022-10-24	08:04:59
297.3785	14.91	35.00	7.4192	7.95	2022-10-24	09:04:59
297.4201	14.91	35.00	7.1142	7.95	2022-10-24	10:04:59
297.4618	15.16	35.00	7.7481	7.94	2022-10-24	11:04:59
297.5035	15.19	35.00	7.8260	7.95	2022-10-24	12:04:59
297.5451	15.23	35.00	7.9456	7.95	2022-10-24	13:04:59
297.5868	15.33	35.00	7.9156	7.95	2022-10-24	14:04:59
297.6285	15.40	35.00	7.8718	7.96	2022-10-24	15:04:59
297.6701	15.44	35.00	7.8309	7.96	2022-10-24	16:04:59
297.7118	15.49	35.00	7.7407	7.97	2022-10-24	17:04:59
297.7535	15.56	35.00	7.7472	7.97	2022-10-24	18:04:59
297.7951	15.65	35.00	7.6137	7.97	2022-10-24	19:04:59
297.8368	15.84	35.00	7.5497	7.97	2022-10-24	20:04:59
297.8785	15.93	35.00	7.4306	7.98	2022-10-24	21:04:59
297.9201	15.88	35.00	7.1818	7.98	2022-10-24	22:04:59
297.9618	15.90	35.00	7.2067	7.98	2022-10-24	23:04:59
298.0035	15.58	35.00	7.5786	7.98	2022-10-25	00:04:59
298.0451	15.63	35.00	7.7983	7.97	2022-10-25	01:04:59
298.0868	15.65	35.00	7.8114	7.97	2022-10-25	02:04:59
298.1285	15.67	35.00	7.7798	7.97	2022-10-25	03:04:59
298.1701	15.65	35.00	7.6502	7.97	2022-10-25	04:04:59
298.2118	15.67	35.00	8.0775	7.97	2022-10-25	05:04:59
298.2535	15.65	35.00	7.7766	7.97	2022-10-25	06:04:59
298.2951	15.63	35.00	7.7498	7.97	2022-10-25	07:04:59
298.3368	15.60	35.00	7.5499	7.96	2022-10-25	08:04:59
298.3785	15.60	35.00	7.5887	7.96	2022-10-25	09:04:59
298.4201	15.65	35.00	7.3933	7.96	2022-10-25	10:04:59
298.4618	15.65	35.00	7.4057	7.96	2022-10-25	11:04:59
298.5035	15.63	35.00	7.5668	7.96	2022-10-25	12:04:59
298.5451	15.65	35.00	7.6328	7.96	2022-10-25	13:04:59
298.5868	15.79	35.00	7.8144	7.96	2022-10-25	14:04:59
298.6285	15.93	35.00	7.7171	7.97	2022-10-25	15:04:59
298.6701	16.09	35.00	7.7769	7.97	2022-10-25	16:04:59
298.7118	16.21	35.00	7.7959	7.97	2022-10-25	17:04:59
298.7535	16.32	35.00	7.8560	7.98	2022-10-25	18:04:59
298.7951	16.53	35.00	7.7564	7.99	2022-10-25	19:04:59
298.8368	16.91	35.00	7.7888	8.00	2022-10-25	20:04:59
298.8785	17.69	35.00	7.6836	8.02	2022-10-25	21:04:59
298.9201	17.88	35.00	7.6393	8.05	2022-10-25	22:04:59
298.9618	17.85	35.00	7.3593	8.06	2022-10-25	23:04:59
299.0035	17.76	35.00	7.3782	8.06	2022-10-26	00:04:59
299.0451	16.72	35.00	7.7577	8.05	2022-10-26	01:04:59
299.0868	16.70	35.00	7.6651	8.03	2022-10-26	02:04:59
299.1285	16.58	35.00	7.6877	8.02	2022-10-26	03:04:59
299.1701	16.56	35.00	7.6913	8.01	2022-10-26	04:04:59
299.2118	16.51	35.00	7.8159	8.01	2022-10-26	05:04:59
299.2535	16.53	35.00	7.7919	8.00	2022-10-26	06:04:59
299.2951	16.53	35.00	7.7278	8.00	2022-10-26	07:04:59
299.3368	16.56	35.00	7.7921	8.00	2022-10-26	08:04:59
299.3785	16.65	35.00	7.7825	8.00	2022-10-26	09:04:59
299.4201	16.89	35.00	7.6105	8.00	2022-10-26	10:04:59
299.4618	17.10	35.00	7.4737	8.01	2022-10-26	11:04:59
299.5035	16.89	35.00	7.5576	8.02	2022-10-26	12:04:59
299.5451	16.56	35.00	7.7389	8.01	2022-10-26	13:04:59
299.5868	16.56	35.00	7.7138	8.00	2022-10-26	14:04:59
299.6285	16.56	35.00	7.6975	7.99	2022-10-26	15:04:59
299.6701	16.58	35.00	7.7036	7.99	2022-10-26	16:04:59
299.7118	16.60	35.00	7.7426	7.99	2022-10-26	17:04:59
299.7535	16.70	35.00	7.7540	7.99	2022-10-26	18:04:59
299.7951	16.79	35.00	7.6770	7.99	2022-10-26	19:04:59
299.8368	16.91	35.00	7.7684	7.99	2022-10-26	20:04:59
299.8785	17.28	35.00	7.7622	8.00	2022-10-26	21:04:59
299.9201	17.90	35.00	7.5577	8.02	2022-10-26	22:04:59
299.9618	18.21	35.00	7.3736	8.04	2022-10-26	23:04:59
300.0035	18.30	35.00	7.1218	8.06	2022-10-27	00:04:59
300.0451	18.30	35.00	7.0245	8.06	2022-10-27	01:04:59
300.0868	16.67	35.00	7.6842	8.05	2022-10-27	02:04:59
300.1285	16.60	35.00	7.7636	8.02	2022-10-27	03:04:59
300.1701	16.46	35.00	7.7718	7.99	2022-10-27	04:04:59
300.2118	16.42	35.00	7.7788	7.98	2022-10-27	05:04:59
300.2535	16.46	35.00	7.7821	7.98	2022-10-27	06:04:59
300.2951	16.39	35.00	7.7824	7.97	2022-10-27	07:04:59
300.3368	16.44	35.00	7.7601	7.97	2022-10-27	08:04:59
300.3785	16.49	35.00	7.7204	7.97	2022-10-27	09:04:59
300.4201	16.67	35.00	7.6146	7.97	2022-10-27	10:04:59
300.4618	17.03	35.00	7.3661	7.97	2022-10-27	11:04:59
300.5035	17.28	35.00	7.1353	7.98	2022-10-27	12:04:59
300.5451	16.58	35.00	7.5811	7.99	2022-10-27	13:04:59
300.5868	16.21	35.00	7.7251	7.97	2022-10-27	14:04:59
300.6285	16.30	35.00	7.7397	7.96	2022-10-27	15:04:59
300.6701	16.37	35.00	7.7629	7.95	2022-10-27	16:04:59
300.7118	16.56	35.00	7.7805	7.95	2022-10-27	17:04:59
300.7535	16.51	35.00	7.8057	7.95	2022-10-27	18:04:59
300.7951	16.51	35.00	7.8050	7.95	2022-10-27	19:04:59
300.8368	16.67	35.00	7.8283	7.95	2022-10-27	20:04:59
300.8785	16.81	35.00	7.7828	7.96	2022-10-27	21:04:59
300.9201	17.19	35.00	7.7034	7.97	2022-10-27	22:04:59
300.9618	17.40	35.00	7.5769	7.98	2022-10-27	23:04:59
301.0035	17.54	35.00	7.2484	7.99	2022-10-28	00:04:59
301.0451	17.50	35.00	7.2792	8.00	2022-10-28	01:04:59
301.0868	17.14	35.00	7.1880	7.99	2022-10-28	02:04:59
301.1285	15.72	35.00	7.6957	7.96	2022-10-28	03:04:59
301.1701	15.33	35.00	7.7181	7.92	2022-10-28	04:04:59
301.2118	15.23	35.00	7.7281	7.90	2022-10-28	05:04:59
301.2535	15.12	35.00	7.7448	7.88	2022-10-28	06:04:59
301.2951	14.98	35.00	7.7797	7.87	2022-10-28	07:04:59
301.3368	14.89	35.00	7.7826	7.86	2022-10-28	08:04:59
301.3785	14.80	35.00	7.7701	7.85	2022-10-28	09:04:59
301.4201	14.70	35.00	7.7474	7.84	2022-10-28	10:04:59
301.4618	14.68	35.00	7.6475	7.83	2022-10-28	11:04:59
301.5035	14.89	35.00	7.4346	7.83	2022-10-28	12:04:59
301.5451	14.38	35.00	7.7412	7.83	2022-10-28	13:04:59
301.5868	14.43	35.00	7.7991	7.81	2022-10-28	14:04:59
301.6285	14.47	35.00	7.8315	7.80	2022-10-28	15:04:59
301.6701	14.54	35.00	7.8516	7.80	2022-10-28	16:04:59
301.7118	14.73	35.00	7.8698	7.81	2022-10-28	17:04:59
301.7535	14.77	35.00	7.8637	7.81	2022-10-28	18:04:59
301.7951	14.80	35.00	7.9213	7.81	2022-10-28	19:04:59
301.8368	14.80	35.00	7.8771	7.81	2022-10-28	20:04:59
301.8785	14.70	35.00	7.9023	7.81	2022-10-28	21:04:59
301.9201	14.61	35.00	7.8811	7.81	2022-10-28	22:04:59
301.9618	14.57	35.00	7.8122	7.80	2022-10-28	23:04:59
302.0035	14.50	35.00	7.7297	7.80	2022-10-29	00:04:59
302.0451	14.47	35.00	7.4945	7.79	2022-10-29	01:04:59
302.0868	14.41	35.00	7.3178	7.79	2022-10-29	02:04:59
302.1285	14.27	35.00	7.7608	7.79	2022-10-29	03:04:59
302.1701	14.27	35.00	7.7831	7.77	2022-10-29	04:04:59
302.2118	14.20	35.00	7.8078	7.77	2022-10-29	05:04:59
302.2535	13.99	35.00	7.8278	7.76	2022-10-29	06:04:59
302.2951	13.92	35.00	7.8540	7.76	2022-10-29	07:04:59
302.3368	13.90	35.00	7.8559	7.75	2022-10-29	08:04:59
302.3785	13.86	35.00	7.8064	7.75	2022-10-29	09:04:59
302.4201	13.79	35.00	7.8418	7.74	2022-10-29	10:04:59
302.4618	13.74	35.00	7.7880	7.73	2022-10-29	11:04:59
302.5035	13.56	35.00	7.7241	7.73	2022-10-29	12:04:59
302.5451	13.49	35.00	7.4577	7.72	2022-10-29	13:04:59
302.5868	13.63	35.00	7.7403	7.71	2022-10-29	14:04:59
302.6285	14.08	35.00	7.8467	7.72	2022-10-29	15:04:59
302.6701	14.29	35.00	7.8956	7.73	2022-10-29	16:04:59
302.7118	14.38	35.00	7.8712	7.74	2022-10-29	17:04:59
302.7535	14.59	35.00	7.9250	7.76	2022-10-29	18:04:59
302.7951	14.61	35.00	7.8985	7.76	2022-10-29	19:04:59
302.8368	14.50	35.00	7.9084	7.76	2022-10-29	20:04:59
302.8785	14.41	35.00	7.9137	7.76	2022-10-29	21:04:59
302.9201	14.50	35.00	7.9150	7.76	2022-10-29	22:04:59
302.9618	14.54	35.00	7.8890	7.76	2022-10-29	23:04:59
303.0035	14.47	35.00	7.8305	7.77	2022-10-30	00:04:59
303.0451	14.24	35.00	7.6795	7.76	2022-10-30	01:04:59
303.0868	13.97	35.00	7.5276	7.75	2022-10-30	02:04:59
303.1285	13.81	35.00	7.2504	7.73	2022-10-30	03:04:59
303.1701	14.08	35.00	7.7641	7.73	2022-10-30	04:04:59
303.2118	14.34	35.00	7.8308	7.73	2022-10-30	05:04:59
303.2535	13.88	35.00	7.8498	7.73	2022-10-30	06:04:59
303.2951	13.79	35.00	7.8604	7.72	2022-10-30	07:04:59
303.3368	13.81	35.00	7.8393	7.72	2022-10-30	08:04:59
303.3785	13.74	35.00	7.8590	7.72	2022-10-30	09:04:59
303.4201	13.65	35.00	7.8541	7.71	2022-10-30	10:04:59
303.4618	13.49	35.00	7.8403	7.70	2022-10-30	11:04:59
303.5035	13.38	35.00	7.8322	7.69	2022-10-30	12:04:59
303.5451	13.22	35.00	7.6949	7.68	2022-10-30	13:04:59
303.5868	13.08	35.00	7.4578	7.66	2022-10-30	14:04:59
303.6285	13.29	35.00	7.7241	7.65	2022-10-30	15:04:59
303.6701	14.29	35.00	7.8380	7.68	2022-10-30	16:04:59
303.7118	14.57	35.00	7.8678	7.71	2022-10-30	17:04:59
303.7535	14.82	35.00	7.8951	7.73	2022-10-30	18:04:59
303.7951	15.03	35.00	7.8897	7.75	2022-10-30	19:04:59
303.8368	14.98	35.00	7.9036	7.76	2022-10-30	20:04:59
303.8785	14.96	35.00	7.8969	7.76	2022-10-30	21:04:59
303.9201	14.91	35.00	7.8532	7.76	2022-10-30	22:04:59
303.9618	14.84	35.00	7.8826	7.76	2022-10-30	23:04:59
304.0035	14.75	35.00	7.8859	7.76	2022-10-31	00:04:59
304.0451	14.52	35.00	7.7954	7.76	2022-10-31	01:04:59
304.0868	14.11	35.00	7.6740	7.74	2022-10-31	02:04:59
304.1285	13.70	35.00	7.4589	7.72	2022-10-31	03:04:59
304.1701	13.51	35.00	7.3455	7.70	2022-10-31	04:04:59
304.2118	14.43	35.00	7.7731	7.70	2022-10-31	05:04:59
304.2535	14.29	35.00	7.8149	7.71	2022-10-31	06:04:59
304.2951	14.15	35.00	7.8363	7.71	2022-10-31	07:04:59
304.3368	14.22	35.00	7.8420	7.71	2022-10-31	08:04:59
304.3785	14.15	35.00	7.8674	7.71	2022-10-31	09:04:59
304.4201	14.06	35.00	7.8541	7.71	2022-10-31	10:04:59
304.4618	14.06	35.00	7.8348	7.70	2022-10-31	11:04:59
304.5035	14.02	35.00	7.8363	7.70	2022-10-31	12:04:59
304.5451	13.95	35.00	7.8363	7.69	2022-10-31	13:04:59
304.5868	13.77	35.00	7.7372	7.68	2022-10-31	14:04:59
304.6285	13.56	35.00	7.5827	7.67	2022-10-31	15:04:59
304.6701	13.70	35.00	7.6307	7.66	2022-10-31	16:04:59
304.7118	14.66	35.00	7.8384	7.68	2022-10-31	17:04:59
304.7535	14.91	35.00	7.8599	7.71	2022-10-31	18:04:59
304.7951	15.09	35.00	7.8614	7.73	2022-10-31	19:04:59
304.8368	14.96	35.00	7.9295	7.73	2022-10-31	20:04:59
304.8785	14.84	35.00	7.9013	7.73	2022-10-31	21:04:59
304.9201	14.80	35.00	7.8763	7.73	2022-10-31	22:04:59
304.9618	14.80	35.00	7.9032	7.73	2022-10-31	23:04:59
305.0035	14.80	35.00	7.8851	7.73	2022-11-01	00:04:59
305.0451	14.86	35.00	7.8721	7.73	2022-11-01	01:04:59
305.0868	14.89	35.00	7.7898	7.73	2022-11-01	02:04:59
305.1285	14.75	35.00	7.6772	7.73	2022-11-01	03:04:59
305.1701	14.47	35.00	7.4520	7.72	2022-11-01	04:04:59
305.2118	14.27	35.00	7.3322	7.71	2022-11-01	05:04:59
305.2535	14.80	35.00	7.6781	7.69	2022-11-01	06:04:59
305.2951	15.07	35.00	7.7983	7.71	2022-11-01	07:04:59
305.3368	15.07	35.00	7.8172	7.72	2022-11-01	08:04:59
305.3785	15.03	35.00	7.7942	7.73	2022-11-01	09:04:59
305.4201	15.05	35.00	7.8212	7.73	2022-11-01	10:04:59
305.4618	15.05	35.00	7.8090	7.73	2022-11-01	11:04:59
305.5035	15.03	35.00	7.8135	7.73	2022-11-01	12:04:59
305.5451	15.05	35.00	7.7878	7.73	2022-11-01	13:04:59
305.5868	15.03	35.00	7.7755	7.73	2022-11-01	14:04:59
305.6285	14.91	35.00	7.6384	7.72	2022-11-01	15:04:59
305.6701	14.70	35.00	7.4880	7.72	2022-11-01	16:04:59
305.7118	14.66	35.00	7.3747	7.71	2022-11-01	17:04:59
305.7535	15.07	35.00	7.7814	7.71	2022-11-01	18:04:59
305.7951	15.07	35.00	7.8045	7.72	2022-11-01	19:04:59
305.8368	15.07	35.00	7.7919	7.72	2022-11-01	20:04:59
305.8785	15.09	35.00	7.8220	7.72	2022-11-01	21:04:59
305.9201	15.14	35.00	7.8591	7.72	2022-11-01	22:04:59
305.9618	15.16	35.00	7.8397	7.72	2022-11-01	23:04:59
306.0035	15.19	35.00	7.7868	7.72	2022-11-02	00:04:59
306.0451	15.16	35.00	7.8347	7.72	2022-11-02	01:04:59
306.0868	15.12	35.00	7.7908	7.72	2022-11-02	02:04:59
306.1285	15.09	35.00	7.7231	7.72	2022-11-02	03:04:59
306.1701	15.03	35.00	7.5980	7.71	2022-11-02	04:04:59
306.2118	14.86	35.00	7.4225	7.71	2022-11-02	05:04:59
306.2535	14.75	35.00	7.2576	7.69	2022-11-02	06:04:59
306.2951	14.84	35.00	7.5793	7.69	2022-11-02	07:04:59
306.3368	14.98	35.00	7.6997	7.69	2022-11-02	08:04:59
306.3785	14.89	35.00	7.7500	7.69	2022-11-02	09:04:59
306.4201	14.80	35.00	7.7628	7.69	2022-11-02	10:04:59
306.4618	14.77	35.00	7.7648	7.68	2022-11-02	11:04:59
306.5035	14.73	35.00	7.7543	7.68	2022-11-02	12:04:59
306.5451	14.70	35.00	7.7679	7.68	2022-11-02	13:04:59
306.5868	14.77	35.00	7.7676	7.67	2022-11-02	14:04:59
306.6285	14.89	35.00	7.7403	7.68	2022-11-02	15:04:59
306.6701	14.96	35.00	7.6016	7.68	2022-11-02	16:04:59
306.7118	15.03	35.00	7.3034	7.68	2022-11-02	17:04:59
306.7535	15.12	35.00	7.2939	7.69	2022-11-02	18:04:59
306.7951	15.37	35.00	7.7364	7.69	2022-11-02	19:04:59
306.8368	15.40	35.00	7.7904	7.70	2022-11-02	20:04:59
306.8785	15.37	35.00	7.8668	7.71	2022-11-02	21:04:59
306.9201	15.40	35.00	7.8338	7.71	2022-11-02	22:04:59
306.9618	15.33	35.00	7.8671	7.71	2022-11-02	23:04:59
307.0035	15.21	35.00	7.8012	7.71	2022-11-03	00:04:59
307.0451	15.14	35.00	7.8428	7.69	2022-11-03	01:04:59
307.0868	15.07	35.00	7.8619	7.69	2022-11-03	02:04:59
307.1285	14.98	35.00	7.8379	7.69	2022-11-03	03:04:59
307.1701	14.66	35.00	7.7800	7.68	2022-11-03	04:04:59
307.2118	14.34	35.00	7.6540	7.66	2022-11-03	05:04:59
307.2535	14.11	35.00	7.4414	7.64	2022-11-03	06:04:59
307.2951	13.97	35.00	7.3527	7.62	2022-11-03	07:04:59
307.3368	14.50	35.00	7.6818	7.62	2022-11-03	08:04:59
307.3785	14.36	35.00	7.7079	7.62	2022-11-03	09:04:59
307.4201	14.27	35.00	7.7776	7.62	2022-11-03	10:04:59
307.4618	14.18	35.00	7.7607	7.61	2022-11-03	11:04:59
307.5035	14.18	35.00	7.8205	7.61	2022-11-03	12:04:59
307.5451	14.18	35.00	7.7711	7.61	2022-11-03	13:04:59
307.5868	14.27	35.00	7.7903	7.61	2022-11-03	14:04:59
307.6285	14.34	35.00	7.7929	7.61	2022-11-03	15:04:59
307.6701	14.43	35.00	7.7493	7.61	2022-11-03	16:04:59
307.7118	14.57	35.00	7.7255	7.62	2022-11-03	17:04:59
307.7535	14.68	35.00	7.6271	7.62	2022-11-03	18:04:59
307.7951	14.75	35.00	7.4514	7.62	2022-11-03	19:04:59
307.8368	15.14	35.00	7.7560	7.64	2022-11-03	20:04:59
307.8785	15.14	35.00	7.7652	7.65	2022-11-03	21:04:59
307.9201	15.12	35.00	7.7969	7.65	2022-11-03	22:04:59
307.9618	15.05	35.00	7.8150	7.66	2022-11-03	23:04:59
308.0035	14.96	35.00	7.8087	7.65	2022-11-04	00:04:59
308.0451	14.86	35.00	7.8142	7.65	2022-11-04	01:04:59
308.0868	14.84	35.00	7.8485	7.64	2022-11-04	02:04:59
308.1285	14.77	35.00	7.8350	7.64	2022-11-04	03:04:59
308.1701	14.70	35.00	7.8010	7.64	2022-11-04	04:04:59
308.2118	14.45	35.00	7.7677	7.62	2022-11-04	05:04:59
308.2535	14.20	35.00	7.6517	7.61	2022-11-04	06:04:59
308.2951	13.97	35.00	7.4973	7.60	2022-11-04	07:04:59
308.3368	13.86	35.00	7.3849	7.58	2022-11-04	08:04:59
308.3785	14.47	35.00	7.7128	7.57	2022-11-04	09:04:59
308.4201	14.50	35.00	7.7828	7.59	2022-11-04	10:04:59
308.4618	14.52	35.00	7.7960	7.60	2022-11-04	11:04:59
308.5035	14.50	35.00	7.7594	7.60	2022-11-04	12:04:59
308.5451	14.59	35.00	7.7854	7.60	2022-11-04	13:04:59
308.5868	14.59	35.00	7.7598	7.60	2022-11-04	14:04:59
308.6285	14.66	35.00	7.7897	7.60	2022-11-04	15:04:59
308.6701	14.86	35.00	7.8151	7.61	2022-11-04	16:04:59
308.7118	15.09	35.00	7.8091	7.62	2022-11-04	17:04:59
308.7535	15.40	35.00	7.7120	7.63	2022-11-04	18:04:59
308.7951	15.44	35.00	7.5981	7.64	2022-11-04	19:04:59
308.8368	15.42	35.00	7.3932	7.65	2022-11-04	20:04:59
308.8785	15.56	35.00	7.7005	7.65	2022-11-04	21:04:59
308.9201	15.44	35.00	7.7830	7.65	2022-11-04	22:04:59
308.9618	15.33	35.00	7.7968	7.65	2022-11-04	23:04:59
309.0035	15.26	35.00	7.8037	7.65	2022-11-05	00:04:59
309.0451	15.19	35.00	7.9369	7.65	2022-11-05	01:04:59
309.0868	15.16	35.00	7.8401	7.64	2022-11-05	02:04:59
309.1285	15.19	35.00	7.8330	7.64	2022-11-05	03:04:59
309.1701	15.14	35.00	7.8295	7.64	2022-11-05	04:04:59
309.2118	15.14	35.00	7.7891	7.63	2022-11-05	05:04:59
309.2535	15.12	35.00	7.7492	7.63	2022-11-05	06:04:59
309.2951	15.09	35.00	7.6179	7.63	2022-11-05	07:04:59
309.3368	15.00	35.00	7.4225	7.62	2022-11-05	08:04:59
309.3785	15.03	35.00	7.4509	7.62	2022-11-05	09:04:59
309.4201	15.21	35.00	7.7435	7.62	2022-11-05	10:04:59
309.4618	15.21	35.00	7.7601	7.63	2022-11-05	11:04:59
309.5035	15.21	35.00	7.7670	7.63	2022-11-05	12:04:59
309.5451	15.21	35.00	7.7760	7.62	2022-11-05	13:04:59
309.5868	15.26	35.00	7.7772	7.63	2022-11-05	14:04:59
309.6285	15.37	35.00	7.8687	7.63	2022-11-05	15:04:59
309.6701	15.56	35.00	7.7918	7.64	2022-11-05	16:04:59
309.7118	15.74	35.00	7.8008	7.64	2022-11-05	17:04:59
309.7535	16.09	35.00	7.7704	7.66	2022-11-05	18:04:59
309.7951	16.63	35.00	7.6991	7.68	2022-11-05	19:04:59
309.8368	16.74	35.00	7.5942	7.70	2022-11-05	20:04:59
309.8785	16.77	35.00	7.3967	7.71	2022-11-05	21:04:59
309.9201	16.28	35.00	7.6839	7.71	2022-11-05	22:04:59
309.9618	16.16	35.00	7.7674	7.70	2022-11-05	23:04:59
310.0035	16.09	35.00	7.7965	7.69	2022-11-06	00:04:59
310.0451	16.00	35.00	7.7797	7.69	2022-11-06	01:04:59
310.0868	15.84	35.00	7.8029	7.67	2022-11-06	02:04:59
310.1285	15.86	35.00	7.7629	7.67	2022-11-06	03:04:59
310.1701	15.86	35.00	7.7747	7.67	2022-11-06	04:04:59
310.2118	15.81	35.00	7.7817	7.66	2022-11-06	05:04:59
310.2535	15.86	35.00	7.7359	7.66	2022-11-06	06:04:59
310.2951	15.90	35.00	7.7131	7.66	2022-11-06	07:04:59
310.3368	16.00	35.00	7.5877	7.66	2022-11-06	08:04:59
310.3785	16.07	35.00	7.3470	7.66	2022-11-06	09:04:59
310.4201	16.00	35.00	7.5087	7.66	2022-11-06	10:04:59
310.4618	15.90	35.00	7.6941	7.66	2022-11-06	11:04:59
310.5035	15.95	35.00	7.7372	7.66	2022-11-06	12:04:59
310.5451	15.97	35.00	7.7377	7.66	2022-11-06	13:04:59
310.5868	16.00	35.00	7.7736	7.65	2022-11-06	14:04:59
310.6285	16.07	35.00	7.7571	7.66	2022-11-06	15:04:59
310.6701	16.11	35.00	7.7682	7.66	2022-11-06	16:04:59
310.7118	16.35	35.00	7.7855	7.67	2022-11-06	17:04:59
310.7535	16.56	35.00	7.7741	7.68	2022-11-06	18:04:59
310.7951	17.03	35.00	7.7386	7.69	2022-11-06	19:04:59
310.8368	17.50	35.00	7.6638	7.71	2022-11-06	20:04:59
310.8785	17.61	35.00	7.5410	7.73	2022-11-06	21:04:59
310.9201	17.64	35.00	7.3471	7.74	2022-11-06	22:04:59
310.9618	16.81	35.00	7.6783	7.75	2022-11-06	23:04:59
311.0035	16.58	35.00	7.6828	7.72	2022-11-07	00:04:59
311.0451	16.58	35.00	7.7023	7.71	2022-11-07	01:04:59
311.0868	16.53	35.00	7.7362	7.70	2022-11-07	02:04:59
311.1285	16.46	35.00	7.7714	7.69	2022-11-07	03:04:59
311.1701	16.46	35.00	7.7418	7.68	2022-11-07	04:04:59
311.2118	16.49	35.00	7.7311	7.68	2022-11-07	05:04:59
311.2535	16.44	35.00	7.8163	7.68	2022-11-07	06:04:59
311.2951	16.44	35.00	7.7396	7.68	2022-11-07	07:04:59
311.3368	16.46	35.00	7.7052	7.68	2022-11-07	08:04:59
311.3785	16.58	35.00	7.6317	7.68	2022-11-07	09:04:59
311.4201	16.67	35.00	7.5037	7.68	2022-11-07	10:04:59
311.4618	16.63	35.00	7.5163	7.68	2022-11-07	11:04:59
311.5035	16.63	35.00	7.6745	7.68	2022-11-07	12:04:59
311.5451	16.60	35.00	7.7596	7.68	2022-11-07	13:04:59
311.5868	16.67	35.00	7.7151	7.68	2022-11-07	14:04:59
311.6285	16.70	35.00	7.7643	7.68	2022-11-07	15:04:59
311.6701	16.67	35.00	7.7236	7.68	2022-11-07	16:04:59
311.7118	16.65	35.00	7.7161	7.68	2022-11-07	17:04:59
311.7535	16.96	35.00	7.7130	7.68	2022-11-07	18:04:59
311.7951	17.21	35.00	7.7613	7.69	2022-11-07	19:04:59
311.8368	17.71	35.00	7.5875	7.71	2022-11-07	20:04:59
311.8785	17.95	35.00	7.5661	7.72	2022-11-07	21:04:59
311.9201	18.07	35.00	7.3950	7.74	2022-11-07	22:04:59
311.9618	18.04	35.00	7.2962	7.75	2022-11-07	23:04:59
312.0035	17.10	35.00	7.5909	7.75	2022-11-08	00:04:59
312.0451	16.77	35.00	7.7300	7.72	2022-11-08	01:04:59
312.0868	16.63	35.00	7.7128	7.70	2022-11-08	02:04:59
312.1285	16.35	35.00	7.7347	7.68	2022-11-08	03:04:59
312.1701	16.16	35.00	7.7770	7.66	2022-11-08	04:04:59
312.2118	16.04	35.00	7.7519	7.65	2022-11-08	05:04:59
312.2535	15.93	35.00	7.7307	7.64	2022-11-08	06:04:59
312.2951	15.90	35.00	7.7705	7.62	2022-11-08	07:04:59
312.3368	15.86	35.00	7.7585	7.62	2022-11-08	08:04:59
312.3785	15.84	35.00	7.4848	7.61	2022-11-08	09:04:59
312.4201	15.81	35.00	7.3665	7.61	2022-11-08	10:04:59
312.4618	15.40	35.00	7.6409	7.60	2022-11-08	11:04:59
312.5035	14.75	35.00	7.7956	7.58	2022-11-08	12:04:59
312.5451	14.59	35.00	7.7815	7.55	2022-11-08	13:04:59
312.5868	14.61	35.00	7.8014	7.53	2022-11-08	14:04:59
312.6285	14.50	35.00	7.8101	7.52	2022-11-08	15:04:59
312.6701	14.50	35.00	7.8471	7.51	2022-11-08	16:04:59
312.7118	14.68	35.00	7.8259	7.50	2022-11-08	17:04:59
312.7535	14.73	35.00	7.8220	7.50	2022-11-08	18:04:59
312.7951	14.66	35.00	7.8712	7.50	2022-11-08	19:04:59
312.8368	14.66	35.00	7.8385	7.50	2022-11-08	20:04:59
312.8785	14.63	35.00	7.7213	7.50	2022-11-08	21:04:59
312.9201	14.54	35.00	7.6110	7.49	2022-11-08	22:04:59
312.9618	14.43	35.00	7.5993	7.49	2022-11-08	23:04:59
313.0035	14.22	35.00	7.7629	7.48	2022-11-09	00:04:59
313.0451	14.41	35.00	7.7805	7.47	2022-11-09	01:04:59
313.0868	13.88	35.00	7.7975	7.46	2022-11-09	02:04:59
313.1285	13.45	35.00	7.8593	7.43	2022-11-09	03:04:59
313.1701	13.49	35.00	7.8743	7.42	2022-11-09	04:04:59
313.2118	13.42	35.00	7.8237	7.40	2022-11-09	05:04:59
313.2535	13.22	35.00	7.8339	7.39	2022-11-09	06:04:59
313.2951	13.13	35.00	7.8505	7.38	2022-11-09	07:04:59
313.3368	13.06	35.00	7.8276	7.37	2022-11-09	08:04:59
313.3785	12.92	35.00	7.8200	7.35	2022-11-09	09:04:59
313.4201	12.77	35.00	7.7626	7.34	2022-11-09	10:04:59
313.4618	12.58	35.00	7.7087	7.33	2022-11-09	11:04:59
313.5035	12.72	35.00	7.7419	7.32	2022-11-09	12:04:59
313.5451	12.86	35.00	7.8175	7.32	2022-11-09	13:04:59
313.5868	12.72	35.00	7.8063	7.32	2022-11-09	14:04:59
313.6285	12.72	35.00	7.8372	7.31	2022-11-09	15:04:59
313.6701	12.97	35.00	7.8602	7.31	2022-11-09	16:04:59
313.7118	13.08	35.00	7.8843	7.33	2022-11-09	17:04:59
313.7535	13.01	35.00	7.8959	7.33	2022-11-09	18:04:59
313.7951	13.11	35.00	7.8592	7.33	2022-11-09	19:04:59
313.8368	13.29	35.00	7.8614	7.34	2022-11-09	20:04:59
313.8785	13.29	35.00	7.8652	7.35	2022-11-09	21:04:59
313.9201	13.24	35.00	7.8280	7.35	2022-11-09	22:04:59
313.9618	13.01	35.00	7.7459	7.35	2022-11-09	23:04:59
314.0035	12.83	35.00	7.6444	7.34	2022-11-10	00:04:59
314.0451	12.74	35.00	7.8364	7.32	2022-11-10	01:04:59
314.0868	13.15	35.00	7.7927	7.32	2022-11-10	02:04:59
314.1285	13.31	35.00	7.8415	7.34	2022-11-10	03:04:59
314.1701	13.36	35.00	7.8214	7.34	2022-11-10	04:04:59
314.2118	13.42	35.00	7.8521	7.35	2022-11-10	05:04:59
314.2535	13.29	35.00	7.8747	7.35	2022-11-10	06:04:59
314.2951	13.08	35.00	7.8528	7.35	2022-11-10	07:04:59
314.3368	13.11	35.00	7.8141	7.34	2022-11-10	08:04:59
314.3785	13.04	35.00	7.7763	7.34	2022-11-10	09:04:59
314.4201	12.74	35.00	7.8129	7.32	2022-11-10	10:04:59
314.4618	12.22	35.00	7.7299	7.30	2022-11-10	11:04:59
314.5035	12.00	35.00	7.6741	7.27	2022-11-10	12:04:59
314.5451	12.06	35.00	7.8148	7.24	2022-11-10	13:04:59
314.5868	12.00	35.00	7.8101	7.24	2022-11-10	14:04:59
314.6285	12.11	35.00	7.8570	7.23	2022-11-10	15:04:59
314.6701	12.45	35.00	7.8714	7.24	2022-11-10	16:04:59
314.7118	12.63	35.00	7.8903	7.25	2022-11-10	17:04:59
314.7535	12.72	35.00	7.9149	7.27	2022-11-10	18:04:59
314.7951	12.77	35.00	7.8548	7.27	2022-11-10	19:04:59
314.8368	12.92	35.00	7.9443	7.28	2022-11-10	20:04:59
314.8785	12.99	35.00	7.8432	7.29	2022-11-10	21:04:59
314.9201	13.17	35.00	7.8353	7.29	2022-11-10	22:04:59
314.9618	13.15	35.00	7.6734	7.31	2022-11-10	23:04:59
315.0035	13.01	35.00	7.5955	7.30	2022-11-11	00:04:59
315.0451	12.95	35.00	7.4984	7.30	2022-11-11	01:04:59
315.0868	12.83	35.00	7.6461	7.29	2022-11-11	02:04:59
315.1285	12.74	35.00	7.7610	7.28	2022-11-11	03:04:59
315.1701	12.74	35.00	7.7147	7.28	2022-11-11	04:04:59
315.2118	12.74	35.00	7.7845	7.27	2022-11-11	05:04:59
315.2535	12.72	35.00	7.7700	7.27	2022-11-11	06:04:59
315.2951	12.77	35.00	7.7684	7.26	2022-11-11	07:04:59
315.3368	12.72	35.00	7.8063	7.26	2022-11-11	08:04:59
315.3785	12.67	35.00	7.7841	7.26	2022-11-11	09:04:59
315.4201	12.65	35.00	7.7594	7.25	2022-11-11	10:04:59
315.4618	12.61	35.00	7.7730	7.25	2022-11-11	11:04:59
315.5035	12.58	35.00	7.6829	7.24	2022-11-11	12:04:59
315.5451	12.63	35.00	0.0000	7.24	2022-11-11	13:04:59
315.5868	13.17	35.00	7.8012	7.25	2022-11-11	14:04:59
315.6285	13.26	35.00	7.7323	7.27	2022-11-11	15:04:59
315.6701	13.26	35.00	7.7875	7.28	2022-11-11	16:04:59
315.7118	13.42	35.00	7.8001	7.28	2022-11-11	17:04:59
315.7535	13.58	35.00	7.8351	7.30	2022-11-11	18:04:59
315.7951	13.67	35.00	7.8323	7.31	2022-11-11	19:04:59
315.8368	13.72	35.00	7.7674	7.31	2022-11-11	20:04:59
315.8785	13.74	35.00	7.8620	7.32	2022-11-11	21:04:59
315.9201	13.77	35.00	7.8560	7.32	2022-11-11	22:04:59
315.9618	13.92	35.00	7.7816	7.32	2022-11-11	23:04:59
316.0035	14.04	35.00	7.7344	7.33	2022-11-12	00:04:59
316.0451	14.04	35.00	7.6185	7.34	2022-11-12	01:04:59
316.0868	14.04	35.00	7.6182	7.34	2022-11-12	02:04:59
316.1285	13.88	35.00	7.7611	7.34	2022-11-12	03:04:59
316.1701	13.92	35.00	7.7278	7.34	2022-11-12	04:04:59
316.2118	13.99	35.00	7.8698	7.34	2022-11-12	05:04:59
316.2535	14.11	35.00	7.7186	7.34	2022-11-12	06:04:59
316.2951	14.22	35.00	7.7438	7.34	2022-11-12	07:04:59
316.3368	14.29	35.00	7.7377	7.35	2022-11-12	08:04:59
316.3785	14.34	35.00	7.6701	7.35	2022-11-12	09:04:59
316.4201	14.38	35.00	7.7337	7.36	2022-11-12	10:04:59
316.4618	14.45	35.00	7.6434	7.36	2022-11-12	11:04:59
316.5035	14.66	35.00	7.6190	7.36	2022-11-12	12:04:59
316.5451	14.96	35.00	7.6827	7.38	2022-11-12	13:04:59
316.5868	15.05	35.00	7.5421	7.39	2022-11-12	14:04:59
316.6285	15.14	35.00	7.7036	7.40	2022-11-12	15:04:59
316.6701	15.23	35.00	7.6441	7.41	2022-11-12	16:04:59
316.7118	15.28	35.00	7.6509	7.42	2022-11-12	17:04:59
316.7535	15.14	35.00	7.6046	7.42	2022-11-12	18:04:59
316.7951	15.14	35.00	7.7244	7.42	2022-11-12	19:04:59
316.8368	15.09	35.00	7.6754	7.41	2022-11-12	20:04:59
316.8785	15.19	35.00	7.6571	7.41	2022-11-12	21:04:59
316.9201	15.28	35.00	7.6983	7.41	2022-11-12	22:04:59
316.9618	15.51	35.00	7.6279	7.42	2022-11-12	23:04:59
317.0035	15.86	35.00	7.5874	7.43	2022-11-13	00:04:59
317.0451	15.93	35.00	7.3092	7.45	2022-11-13	01:04:59
317.0868	15.90	35.00	7.2582	7.46	2022-11-13	02:04:59
317.1285	15.88	35.00	7.4172	7.46	2022-11-13	03:04:59
317.1701	15.12	35.00	7.6643	7.46	2022-11-13	04:04:59
317.2118	14.98	35.00	7.6251	7.43	2022-11-13	05:04:59
317.2535	14.93	35.00	7.6302	7.41	2022-11-13	06:04:59
317.2951	14.96	35.00	7.6641	7.40	2022-11-13	07:04:59
317.3368	14.93	35.00	7.6361	7.39	2022-11-13	08:04:59
317.3785	14.91	35.00	7.6817	7.39	2022-11-13	09:04:59
317.4201	14.86	35.00	7.6395	7.38	2022-11-13	10:04:59
317.4618	14.86	35.00	7.7351	7.38	2022-11-13	11:04:59
317.5035	14.84	35.00	7.6580	7.38	2022-11-13	12:04:59
317.5451	14.89	35.00	7.4984	7.38	2022-11-13	13:04:59
317.5868	14.98	35.00	7.2025	7.38	2022-11-13	14:04:59
317.6285	14.84	35.00	7.6030	7.38	2022-11-13	15:04:59
317.6701	14.77	35.00	7.6734	7.37	2022-11-13	16:04:59
317.7118	14.70	35.00	7.5111	7.36	2022-11-13	17:04:59
317.7535	14.70	35.00	7.6478	7.36	2022-11-13	18:04:59
317.7951	14.68	35.00	7.7431	7.36	2022-11-13	19:04:59
317.8368	14.75	35.00	7.6552	7.35	2022-11-13	20:04:59
317.8785	14.73	35.00	7.5014	7.35	2022-11-13	21:04:59
317.9201	14.66	35.00	7.6939	7.35	2022-11-13	22:04:59
317.9618	14.61	35.00	7.7380	7.35	2022-11-13	23:04:59
318.0035	14.45	35.00	7.6035	7.34	2022-11-14	00:04:59
318.0451	14.15	35.00	7.5551	7.32	2022-11-14	01:04:59
318.0868	13.95	35.00	7.3754	7.30	2022-11-14	02:04:59
318.1285	13.79	35.00	7.2500	7.29	2022-11-14	03:04:59
318.1701	13.65	35.00	7.2063	7.27	2022-11-14	04:04:59
318.2118	13.72	35.00	7.6681	7.26	2022-11-14	05:04:59
318.2535	13.56	35.00	7.7266	7.25	2022-11-14	06:04:59
318.2951	13.45	35.00	7.7387	7.24	2022-11-14	07:04:59
318.3368	13.38	35.00	7.7515	7.23	2022-11-14	08:04:59
318.3785	13.29	35.00	7.7278	7.22	2022-11-14	09:04:59
318.4201	13.13	35.00	7.6844	7.21	2022-11-14	10:04:59
318.4618	12.99	35.00	7.6774	7.19	2022-11-14	11:04:59
318.5035	12.81	35.00	7.7567	7.18	2022-11-14	12:04:59
318.5451	12.52	35.00	7.6466	7.16	2022-11-14	13:04:59
318.5868	12.27	35.00	7.5079	7.14	2022-11-14	14:04:59
318.6285	12.18	35.00	7.2229	7.12	2022-11-14	15:04:59
318.6701	12.79	35.00	7.7278	7.12	2022-11-14	16:04:59
318.7118	12.92	35.00	7.8002	7.13	2022-11-14	17:04:59
318.7535	13.04	35.00	7.7905	7.14	2022-11-14	18:04:59
318.7951	13.04	35.00	7.8341	7.15	2022-11-14	19:04:59
318.8368	13.01	35.00	7.7892	7.16	2022-11-14	20:04:59
318.8785	13.01	35.00	7.8278	7.16	2022-11-14	21:04:59
318.9201	12.95	35.00	7.8984	7.16	2022-11-14	22:04:59
318.9618	12.83	35.00	7.8923	7.14	2022-11-14	23:04:59
319.0035	12.65	35.00	7.8206	7.14	2022-11-15	00:04:59
319.0451	12.36	35.00	7.7763	7.12	2022-11-15	01:04:59
319.0868	11.79	35.00	7.5537	7.09	2022-11-15	02:04:59
319.1285	11.39	35.00	7.3302	7.05	2022-11-15	03:04:59
319.1701	11.59	35.00	7.4402	7.02	2022-11-15	04:04:59
319.2118	12.56	35.00	7.6784	7.04	2022-11-15	05:04:59
319.2535	12.45	35.00	7.8209	7.07	2022-11-15	06:04:59
319.2951	12.36	35.00	7.7641	7.08	2022-11-15	07:04:59
319.3368	12.20	35.00	7.8038	7.08	2022-11-15	08:04:59
319.3785	12.00	35.00	7.8393	7.06	2022-11-15	09:04:59
319.4201	11.93	35.00	7.8160	7.05	2022-11-15	10:04:59
319.4618	11.79	35.00	7.8375	7.03	2022-11-15	11:04:59
319.5035	11.70	35.00	7.8544	7.03	2022-11-15	12:04:59
319.5451	11.68	35.00	7.8278	7.02	2022-11-15	13:04:59
319.5868	11.52	35.00	7.7694	7.01	2022-11-15	14:04:59
319.6285	11.14	35.00	7.5757	6.98	2022-11-15	15:04:59
319.6701	11.86	35.00	7.8035	6.97	2022-11-15	16:04:59
319.7118	12.38	35.00	7.7868	7.01	2022-11-15	17:04:59
319.7535	12.47	35.00	7.8384	7.04	2022-11-15	18:04:59
319.7951	12.65	35.00	7.8294	7.06	2022-11-15	19:04:59
319.8368	12.67	35.00	7.8771	7.08	2022-11-15	20:04:59
319.8785	12.58	35.00	7.8292	7.08	2022-11-15	21:04:59
319.9201	12.40	35.00	7.9149	7.08	2022-11-15	22:04:59
319.9618	12.34	35.00	7.8867	7.07	2022-11-15	23:04:59
320.0035	12.31	35.00	7.8841	7.06	2022-11-16	00:04:59
320.0451	12.34	35.00	7.8951	7.06	2022-11-16	01:04:59
320.0868	12.06	35.00	7.8288	7.05	2022-11-16	02:04:59
320.1285	11.50	35.00	7.7196	7.03	2022-11-16	03:04:59
320.1701	10.94	35.00	7.5944	6.98	2022-11-16	04:04:59
320.2118	10.99	35.00	7.5580	6.94	2022-11-16	05:04:59
320.2535	12.11	35.00	7.7995	6.94	2022-11-16	06:04:59
320.2951	12.00	35.00	7.8414	6.98	2022-11-16	07:04:59
320.3368	11.70	35.00	7.8314	6.98	2022-11-16	08:04:59
320.3785	11.61	35.00	7.8315	6.98	2022-11-16	09:04:59
320.4201	11.48	35.00	7.8207	6.97	2022-11-16	10:04:59
320.4618	11.41	35.00	7.8182	6.96	2022-11-16	11:04:59
320.5035	11.50	35.00	7.7059	6.96	2022-11-16	12:04:59
320.5451	11.55	35.00	7.7544	6.95	2022-11-16	13:04:59
320.5868	11.59	35.00	7.7944	6.96	2022-11-16	14:04:59
320.6285	11.59	35.00	7.8381	6.96	2022-11-16	15:04:59
320.6701	11.68	35.00	7.8235	6.95	2022-11-16	16:04:59
320.7118	11.79	35.00	7.7481	6.97	2022-11-16	17:04:59
320.7535	11.88	35.00	7.7667	6.97	2022-11-16	18:04:59
320.7951	12.00	35.00	7.7825	6.98	2022-11-16	19:04:59
320.8368	12.11	35.00	7.8102	6.99	2022-11-16	20:04:59
320.8785	12.11	35.00	7.6742	6.99	2022-11-16	21:04:59
320.9201	12.06	35.00	7.7414	7.00	2022-11-16	22:04:59
320.9618	11.97	35.00	7.8124	6.99	2022-11-16	23:04:59
321.0035	11.91	35.00	7.8296	6.99	2022-11-17	00:04:59
321.0451	11.88	35.00	7.7715	6.98	2022-11-17	01:04:59
321.0868	11.68	35.00	7.7944	6.97	2022-11-17	02:04:59
321.1285	11.26	35.00	7.6583	6.95	2022-11-17	03:04:59
321.1701	10.87	35.00	7.5894	6.91	2022-11-17	04:04:59
321.2118	10.58	35.00	7.4020	6.88	2022-11-17	05:04:59
321.2535	10.49	35.00	7.4087	6.84	2022-11-17	06:04:59
321.2951	11.35	35.00	7.6516	6.84	2022-11-17	07:04:59
321.3368	11.32	35.00	7.6952	6.87	2022-11-17	08:04:59
321.3785	11.48	35.00	7.8054	6.88	2022-11-17	09:04:59
321.4201	11.50	35.00	0.0000	6.90	2022-11-17	10:04:59
321.4618	11.50	35.00	7.7200	6.90	2022-11-17	11:04:59
321.5035	11.48	35.00	7.8110	6.90	2022-11-17	12:04:59
321.5451	11.39	35.00	7.7481	6.90	2022-11-17	13:04:59
321.5868	11.35	35.00	7.8077	6.90	2022-11-17	14:04:59
321.6285	11.21	35.00	7.7680	6.89	2022-11-17	15:04:59
321.6701	10.99	35.00	7.7998	6.87	2022-11-17	16:04:59
321.7118	10.74	35.00	7.6864	6.85	2022-11-17	17:04:59
321.7535	10.61	35.00	7.6472	6.83	2022-11-17	18:04:59
321.7951	11.46	35.00	7.7620	6.82	2022-11-17	19:04:59
321.8368	11.66	35.00	7.8073	6.86	2022-11-17	20:04:59
321.8785	11.61	35.00	7.6784	6.88	2022-11-17	21:04:59
321.9201	11.55	35.00	7.7367	6.89	2022-11-17	22:04:59
321.9618	11.43	35.00	7.8282	6.88	2022-11-17	23:04:59
322.0035	11.35	35.00	7.8682	6.88	2022-11-18	00:04:59
322.0451	11.28	35.00	7.8516	6.87	2022-11-18	01:04:59
322.0868	11.17	35.00	7.8652	6.86	2022-11-18	02:04:59
322.1285	10.96	35.00	7.8306	6.84	2022-11-18	03:04:59
322.1701	10.29	35.00	7.6868	6.82	2022-11-18	04:04:59
322.2118	9.42	35.00	7.5347	6.75	2022-11-18	05:04:59
322.2535	9.07	35.00	7.4647	6.67	2022-11-18	06:04:59
322.2951	10.45	35.00	7.7635	6.65	2022-11-18	07:04:59
322.3368	10.29	35.00	7.8519	6.69	2022-11-18	08:04:59
322.3785	10.14	35.00	7.8359	6.70	2022-11-18	09:04:59
322.4201	9.98	35.00	7.8209	6.69	2022-11-18	10:04:59
322.4618	9.96	35.00	7.8569	6.68	2022-11-18	11:04:59
322.5035	9.98	35.00	7.8990	6.67	2022-11-18	12:04:59
322.5451	10.02	35.00	7.8673	6.67	2022-11-18	13:04:59
322.5868	9.85	35.00	7.8205	6.67	2022-11-18	14:04:59
322.6285	9.87	35.00	7.8784	6.65	2022-11-18	15:04:59
322.6701	9.87	35.00	7.8451	6.65	2022-11-18	16:04:59
322.7118	9.74	35.00	7.8708	6.64	2022-11-18	17:04:59
322.7535	9.51	35.00	7.7581	6.63	2022-11-18	18:04:59
322.7951	9.58	35.00	7.7676	6.61	2022-11-18	19:04:59
322.8368	9.87	35.00	7.8451	6.61	2022-11-18	20:04:59
322.8785	9.60	35.00	7.8905	6.61	2022-11-18	21:04:59
322.9201	9.47	35.00	7.8559	6.59	2022-11-18	22:04:59
322.9618	9.22	35.00	7.9692	6.57	2022-11-18	23:04:59
323.0035	9.16	35.00	7.8861	6.55	2022-11-19	00:04:59
323.0451	9.13	35.00	7.8936	6.53	2022-11-19	01:04:59
323.0868	9.05	35.00	7.9625	6.52	2022-11-19	02:04:59
323.1285	9.00	35.00	7.7496	6.51	2022-11-19	03:04:59
323.1701	8.93	35.00	7.9235	6.49	2022-11-19	04:04:59
323.2118	8.53	35.00	7.8281	6.49	2022-11-19	05:04:59
323.2535	7.98	35.00	7.6034	6.43	2022-11-19	06:04:59
323.2951	7.63	35.00	7.6669	6.36	2022-11-19	07:04:59
323.3368	8.40	35.00	7.7125	6.32	2022-11-19	08:04:59
323.3785	8.33	35.00	7.8987	6.35	2022-11-19	09:04:59
323.4201	8.36	35.00	7.8729	6.36	2022-11-19	10:04:59
323.4618	8.36	35.00	7.9460	6.36	2022-11-19	11:04:59
323.5035	8.33	35.00	7.9147	6.36	2022-11-19	12:04:59
323.5451	8.27	35.00	7.7740	6.36	2022-11-19	13:04:59
323.5868	8.33	35.00	0.0000	6.35	2022-11-19	14:04:59
323.6285	8.31	35.00	7.8331	6.36	2022-11-19	15:04:59
323.6701	8.40	35.00	7.9086	6.35	2022-11-19	16:04:59
323.7118	8.51	35.00	7.9135	6.36	2022-11-19	17:04:59
323.7535	8.49	35.00	7.8518	6.36	2022-11-19	18:04:59
323.7951	8.38	35.00	7.8040	6.37	2022-11-19	19:04:59
323.8368	8.27	35.00	7.7474	6.36	2022-11-19	20:04:59
323.8785	8.71	35.00	7.8793	6.36	2022-11-19	21:04:59
323.9201	8.56	35.00	7.8793	6.38	2022-11-19	22:04:59
323.9618	8.29	35.00	7.9207	6.37	2022-11-19	23:04:59
324.0035	7.94	35.00	7.9314	6.34	2022-11-20	00:04:59
324.0451	7.78	35.00	7.9001	6.29	2022-11-20	01:04:59
324.0868	7.76	35.00	7.9419	6.27	2022-11-20	02:04:59
324.1285	7.74	35.00	7.9474	6.25	2022-11-20	03:04:59
324.1701	7.82	35.00	7.9056	6.24	2022-11-20	04:04:59
324.2118	7.91	35.00	7.9154	6.24	2022-11-20	05:04:59
324.2535	7.65	35.00	7.8163	6.24	2022-11-20	06:04:59
324.2951	7.20	35.00	7.7142	6.20	2022-11-20	07:04:59
324.3368	7.18	35.00	7.6950	6.15	2022-11-20	08:04:59
324.3785	7.71	35.00	7.8152	6.15	2022-11-20	09:04:59
324.4201	7.67	35.00	7.8877	6.18	2022-11-20	10:04:59
324.4618	7.78	35.00	7.8947	6.19	2022-11-20	11:04:59
324.5035	7.76	35.00	7.9220	6.20	2022-11-20	12:04:59
324.5451	7.58	35.00	7.9096	6.19	2022-11-20	13:04:59
324.5868	7.69	35.00	7.9568	6.19	2022-11-20	14:04:59
324.6285	7.71	35.00	7.9578	6.18	2022-11-20	15:04:59
324.6701	7.71	35.00	7.9337	6.19	2022-11-20	16:04:59
324.7118	7.80	35.00	7.9220	6.18	2022-11-20	17:04:59
324.7535	7.78	35.00	7.9549	6.19	2022-11-20	18:04:59
324.7951	7.49	35.00	7.8869	6.18	2022-11-20	19:04:59
324.8368	7.09	35.00	7.7360	6.14	2022-11-20	20:04:59
324.8785	7.09	35.00	7.7449	6.09	2022-11-20	21:04:59
324.9201	7.74	35.00	7.9336	6.11	2022-11-20	22:04:59
324.9618	7.67	35.00	7.9577	6.13	2022-11-20	23:04:59
325.0035	7.56	35.00	7.9344	6.14	2022-11-21	00:04:59
325.0451	7.65	35.00	7.9893	6.13	2022-11-21	01:04:59
325.0868	7.67	35.00	7.9876	6.14	2022-11-21	02:04:59
325.1285	7.49	35.00	7.9787	6.13	2022-11-21	03:04:59
325.1701	7.29	35.00	7.9570	6.12	2022-11-21	04:04:59
325.2118	6.96	35.00	7.9255	6.07	2022-11-21	05:04:59
325.2535	6.39	35.00	7.8559	6.01	2022-11-21	06:04:59
325.2951	5.74	35.00	7.7035	5.88	2022-11-21	07:04:59
325.3368	5.26	35.00	7.5102	5.74	2022-11-21	08:04:59
325.3785	6.25	35.00	7.8729	5.64	2022-11-21	09:04:59
325.4201	6.21	35.00	7.9590	5.71	2022-11-21	10:04:59
325.4618	6.08	35.00	0.0000	5.73	2022-11-21	11:04:59
325.5035	6.32	35.00	8.0189	5.73	2022-11-21	12:04:59
325.5451	6.63	35.00	7.8189	5.76	2022-11-21	13:04:59
325.5868	6.63	35.00	7.9904	5.81	2022-11-21	14:04:59
325.6285	6.81	35.00	8.0001	5.85	2022-11-21	15:04:59
325.6701	6.76	35.00	8.0219	5.87	2022-11-21	16:04:59
325.7118	6.78	35.00	7.9978	5.87	2022-11-21	17:04:59
325.7535	6.67	35.00	7.9914	5.87	2022-11-21	18:04:59
325.7951	6.34	35.00	7.9508	5.84	2022-11-21	19:04:59
325.8368	5.90	35.00	7.8017	5.78	2022-11-21	20:04:59
325.8785	5.74	35.00	7.8512	5.68	2022-11-21	21:04:59
325.9201	5.94	35.00	7.9457	5.63	2022-11-21	22:04:59
325.9618	5.48	35.00	7.9666	5.58	2022-11-21	23:04:59