Year Day	Temperature C	SalinityConst	pHConstSal	Battery Voltage	DateStr	TimeStr
214.5417	23.01	35.00	8.2657	9.87	2021-08-02	13:00:00
214.5833	23.17	35.00	7.9077	9.88	2021-08-02	13:59:59
214.6250	23.32	35.00	7.8811	9.88	2021-08-02	14:59:59
214.6667	23.42	35.00	7.8568	9.89	2021-08-02	15:59:59
214.7083	23.70	35.00	7.7389	9.90	2021-08-02	16:59:59
214.7500	23.99	35.00	7.6599	9.90	2021-08-02	17:59:59
214.7917	24.06	35.00	7.7443	9.91	2021-08-02	18:59:59
214.8333	24.06	35.00	7.9742	9.91	2021-08-02	19:59:59
214.8750	24.14	35.00	0.0000	9.91	2021-08-02	20:59:59
214.9167	24.17	35.00	8.0090	9.91	2021-08-02	21:59:59
214.9583	24.01	35.00	7.9922	9.91	2021-08-02	22:59:59
215.0000	23.93	35.00	7.9863	9.91	2021-08-02	23:59:59
215.0417	23.86	35.00	8.0008	9.91	2021-08-03	00:59:59
215.0833	23.81	35.00	8.1404	9.91	2021-08-03	01:59:59
215.1250	23.75	35.00	7.8689	9.91	2021-08-03	02:59:59
215.1667	23.73	35.00	7.9245	9.90	2021-08-03	03:59:59
215.2083	23.65	35.00	7.8201	9.90	2021-08-03	04:59:59
215.2500	23.63	35.00	7.5989	9.90	2021-08-03	05:59:59
215.2917	23.60	35.00	7.4221	9.90	2021-08-03	06:59:59
215.3333	23.55	35.00	7.3733	9.90	2021-08-03	07:59:59
215.3750	22.99	35.00	7.8634	9.90	2021-08-03	08:59:59
215.4167	22.81	35.00	7.8778	9.89	2021-08-03	09:59:59
215.4583	22.76	35.00	7.8663	9.88	2021-08-03	10:59:59
215.5000	22.79	35.00	7.8639	9.88	2021-08-03	11:59:59
215.5417	22.91	35.00	7.9259	9.88	2021-08-03	12:59:59
215.5833	23.04	35.00	8.1108	9.89	2021-08-03	13:59:59
215.6250	23.14	35.00	7.9578	9.88	2021-08-03	14:59:59
215.6667	23.19	35.00	7.9311	9.88	2021-08-03	15:59:59
215.7083	23.27	35.00	7.8700	9.88	2021-08-03	16:59:59
215.7500	23.50	35.00	7.7971	9.89	2021-08-03	17:59:59
215.7917	23.68	35.00	7.7366	9.89	2021-08-03	18:59:59
215.8333	23.50	35.00	7.9854	9.90	2021-08-03	19:59:59
215.8750	23.45	35.00	7.9978	9.90	2021-08-03	20:59:59
215.9167	23.29	35.00	7.9754	9.89	2021-08-03	21:59:59
215.9583	23.19	35.00	7.9912	9.89	2021-08-03	22:59:59
216.0000	23.09	35.00	7.9511	9.88	2021-08-03	23:59:59
216.0417	23.19	35.00	7.9596	9.88	2021-08-04	00:59:59
216.0833	23.22	35.00	7.9653	9.88	2021-08-04	01:59:59
216.1250	23.17	35.00	8.0492	9.88	2021-08-04	02:59:59
216.1667	23.04	35.00	7.9446	9.88	2021-08-04	03:59:59
216.2083	22.96	35.00	7.8833	9.87	2021-08-04	04:59:59
216.2500	22.94	35.00	7.7697	9.87	2021-08-04	05:59:59
216.2917	23.01	35.00	7.5774	9.87	2021-08-04	06:59:59
216.3333	23.04	35.00	7.4308	9.87	2021-08-04	07:59:59
216.3750	23.04	35.00	7.3986	9.87	2021-08-04	08:59:59
216.4167	22.81	35.00	7.8806	9.87	2021-08-04	09:59:59
216.4583	22.79	35.00	7.8921	9.87	2021-08-04	10:59:59
216.5000	22.74	35.00	7.8628	9.87	2021-08-04	11:59:59
216.5417	22.81	35.00	7.8575	9.87	2021-08-04	12:59:59
216.5833	22.86	35.00	7.8828	9.87	2021-08-04	13:59:59
216.6250	22.89	35.00	8.0885	9.87	2021-08-04	14:59:59
216.6667	22.91	35.00	0.0000	9.87	2021-08-04	15:59:59
216.7083	22.94	35.00	0.0000	9.86	2021-08-04	16:59:59
216.7500	22.96	35.00	7.8577	9.86	2021-08-04	17:59:59
216.7917	22.99	35.00	0.0000	9.87	2021-08-04	18:59:59
216.8333	23.04	35.00	7.7942	9.87	2021-08-04	19:59:59
216.8750	22.91	35.00	7.9459	9.87	2021-08-04	20:59:59
216.9167	22.79	35.00	7.9530	9.86	2021-08-04	21:59:59
216.9583	22.76	35.00	7.9701	9.86	2021-08-04	22:59:59
217.0000	22.64	35.00	7.9585	9.86	2021-08-04	23:59:59
217.0417	22.64	35.00	7.9503	9.85	2021-08-05	00:59:59
217.0833	22.58	35.00	7.9299	9.85	2021-08-05	01:59:59
217.1250	22.53	35.00	7.9496	9.85	2021-08-05	02:59:59
217.1667	22.48	35.00	8.0214	9.85	2021-08-05	03:59:59
217.2083	22.48	35.00	7.9357	9.85	2021-08-05	04:59:59
217.2500	22.41	35.00	7.8777	9.84	2021-08-05	05:59:59
217.2917	22.28	35.00	7.7525	9.84	2021-08-05	06:59:59
217.3333	22.26	35.00	7.5744	9.84	2021-08-05	07:59:59
217.3750	22.28	35.00	7.4379	9.84	2021-08-05	08:59:59
217.4167	22.28	35.00	7.3826	9.84	2021-08-05	09:59:59
217.4583	22.26	35.00	7.7823	9.84	2021-08-05	10:59:59
217.5000	22.28	35.00	7.8613	9.84	2021-08-05	11:59:59
217.5417	22.31	35.00	7.8638	9.84	2021-08-05	12:59:59
217.5833	22.33	35.00	7.8799	9.84	2021-08-05	13:59:59
217.6250	22.38	35.00	7.9234	9.84	2021-08-05	14:59:59
217.6667	22.43	35.00	7.9125	9.84	2021-08-05	15:59:59
217.7083	22.46	35.00	8.0195	9.84	2021-08-05	16:59:59
217.7500	22.48	35.00	7.8922	9.84	2021-08-05	17:59:59
217.7917	22.56	35.00	7.8322	9.84	2021-08-05	18:59:59
217.8333	22.66	35.00	7.6642	9.84	2021-08-05	19:59:59
217.8750	22.79	35.00	7.6146	9.84	2021-08-05	20:59:59
217.9167	22.79	35.00	7.7996	9.84	2021-08-05	21:59:59
217.9583	22.89	35.00	7.8706	9.84	2021-08-05	22:59:59
218.0000	22.84	35.00	7.8784	9.84	2021-08-05	23:59:59
218.0417	22.76	35.00	7.8809	9.85	2021-08-06	00:59:59
218.0833	22.74	35.00	7.8934	9.84	2021-08-06	01:59:59
218.1250	22.66	35.00	7.8990	9.84	2021-08-06	02:59:59
218.1667	22.66	35.00	7.9361	9.84	2021-08-06	03:59:59
218.2083	22.64	35.00	7.9110	9.84	2021-08-06	04:59:59
218.2500	22.64	35.00	7.6897	9.83	2021-08-06	05:59:59
218.2917	22.56	35.00	7.7414	9.83	2021-08-06	06:59:59
218.3333	22.46	35.00	7.5370	9.83	2021-08-06	07:59:59
218.3750	22.36	35.00	7.2927	9.83	2021-08-06	08:59:59
218.4167	22.28	35.00	7.2075	9.83	2021-08-06	09:59:59
218.4583	22.31	35.00	7.5860	9.83	2021-08-06	10:59:59
218.5000	22.41	35.00	7.8063	9.83	2021-08-06	11:59:59
218.5417	22.58	35.00	7.8421	9.83	2021-08-06	12:59:59
218.5833	22.76	35.00	7.8418	9.83	2021-08-06	13:59:59
218.6250	22.91	35.00	7.8960	9.83	2021-08-06	14:59:59
218.6667	23.07	35.00	7.9848	9.84	2021-08-06	15:59:59
218.7083	23.19	35.00	8.0415	9.84	2021-08-06	16:59:59
218.7500	23.65	35.00	8.0332	9.84	2021-08-06	17:59:59
218.7917	23.86	35.00	7.9607	9.85	2021-08-06	18:59:59
218.8333	24.11	35.00	7.8731	9.85	2021-08-06	19:59:59
218.8750	24.40	35.00	7.7992	9.86	2021-08-06	20:59:59
218.9167	24.45	35.00	7.7716	9.87	2021-08-06	21:59:59
218.9583	24.45	35.00	7.8794	9.87	2021-08-06	22:59:59
219.0000	24.35	35.00	7.8757	9.87	2021-08-06	23:59:59
219.0417	24.22	35.00	7.8947	9.87	2021-08-07	00:59:59
219.0833	24.14	35.00	7.8631	9.87	2021-08-07	01:59:59
219.1250	24.17	35.00	7.8791	9.87	2021-08-07	02:59:59
219.1667	24.06	35.00	7.8602	9.87	2021-08-07	03:59:59
219.2083	24.04	35.00	7.9851	9.87	2021-08-07	04:59:59
219.2500	23.96	35.00	7.9104	9.86	2021-08-07	05:59:59
219.2917	23.88	35.00	7.7914	9.86	2021-08-07	06:59:59
219.3333	23.68	35.00	7.6628	9.85	2021-08-07	07:59:59
219.3750	23.57	35.00	7.5002	9.85	2021-08-07	08:59:59
219.4167	23.55	35.00	7.3337	9.85	2021-08-07	09:59:59
219.4583	23.52	35.00	7.5550	9.86	2021-08-07	10:59:59
219.5000	23.68	35.00	7.7439	9.85	2021-08-07	11:59:59
219.5417	23.81	35.00	7.7923	9.85	2021-08-07	12:59:59
219.5833	23.91	35.00	7.8067	9.85	2021-08-07	13:59:59
219.6250	24.09	35.00	7.8442	9.86	2021-08-07	14:59:59
219.6667	24.32	35.00	7.9074	9.86	2021-08-07	15:59:59
219.7083	24.50	35.00	8.0798	9.87	2021-08-07	16:59:59
219.7500	24.74	35.00	8.1046	9.87	2021-08-07	17:59:59
219.7917	24.95	35.00	7.9855	9.87	2021-08-07	18:59:59
219.8333	25.05	35.00	7.8952	9.87	2021-08-07	19:59:59
219.8750	25.29	35.00	7.8348	9.88	2021-08-07	20:59:59
219.9167	25.39	35.00	7.9109	9.88	2021-08-07	21:59:59
219.9583	25.31	35.00	7.8557	9.89	2021-08-07	22:59:59
220.0000	24.76	35.00	7.9558	9.88	2021-08-07	23:59:59
220.0417	24.66	35.00	7.9645	9.88	2021-08-08	00:59:59
220.0833	24.58	35.00	7.9640	9.88	2021-08-08	01:59:59
220.1250	24.53	35.00	7.9437	9.87	2021-08-08	02:59:59
220.1667	24.42	35.00	0.0000	9.87	2021-08-08	03:59:59
220.2083	24.30	35.00	7.9738	9.87	2021-08-08	04:59:59
220.2500	24.27	35.00	8.1159	9.87	2021-08-08	05:59:59
220.2917	24.24	35.00	7.9568	9.86	2021-08-08	06:59:59
220.3333	24.22	35.00	7.8232	9.86	2021-08-08	07:59:59
220.3750	24.06	35.00	7.6546	9.85	2021-08-08	08:59:59
220.4167	24.06	35.00	7.5197	9.85	2021-08-08	09:59:59
220.4583	24.17	35.00	7.2879	9.85	2021-08-08	10:59:59
220.5000	24.19	35.00	7.4928	9.86	2021-08-08	11:59:59
220.5417	24.17	35.00	7.8563	9.86	2021-08-08	12:59:59
220.5833	24.24	35.00	7.9217	9.85	2021-08-08	13:59:59
220.6250	24.32	35.00	7.9186	9.86	2021-08-08	14:59:59
220.6667	24.42	35.00	7.9310	9.86	2021-08-08	15:59:59
220.7083	24.53	35.00	8.0056	9.86	2021-08-08	16:59:59
220.7500	24.66	35.00	8.1419	9.86	2021-08-08	17:59:59
220.7917	24.95	35.00	8.1430	9.87	2021-08-08	18:59:59
220.8333	25.13	35.00	8.0161	9.87	2021-08-08	19:59:59
220.8750	25.34	35.00	7.9133	9.87	2021-08-08	20:59:59
220.9167	25.60	35.00	7.7960	9.87	2021-08-08	21:59:59
220.9583	25.68	35.00	7.8024	9.88	2021-08-08	22:59:59
221.0000	24.92	35.00	7.9792	9.88	2021-08-08	23:59:59
221.0417	24.68	35.00	7.9911	9.87	2021-08-09	00:59:59
221.0833	24.50	35.00	7.9537	9.87	2021-08-09	01:59:59
221.1250	24.50	35.00	7.9470	9.86	2021-08-09	02:59:59
221.1667	24.37	35.00	7.9594	9.85	2021-08-09	03:59:59
221.2083	24.22	35.00	7.9749	9.85	2021-08-09	04:59:59
221.2500	24.17	35.00	8.0064	9.85	2021-08-09	05:59:59
221.2917	24.14	35.00	8.0618	9.85	2021-08-09	06:59:59
221.3333	24.11	35.00	7.9100	9.84	2021-08-09	07:59:59
221.3750	24.04	35.00	7.7837	9.84	2021-08-09	08:59:59
221.4167	23.93	35.00	7.6199	9.84	2021-08-09	09:59:59
221.4583	24.06	35.00	7.4078	9.84	2021-08-09	10:59:59
221.5000	24.24	35.00	7.3560	9.84	2021-08-09	11:59:59
221.5417	24.14	35.00	7.5240	9.84	2021-08-09	12:59:59
221.5833	23.99	35.00	7.8566	9.84	2021-08-09	13:59:59
221.6250	24.01	35.00	7.8960	9.84	2021-08-09	14:59:59
221.6667	24.37	35.00	7.9232	9.84	2021-08-09	15:59:59
221.7083	24.63	35.00	8.0113	9.85	2021-08-09	16:59:59
221.7500	24.81	35.00	8.1321	9.85	2021-08-09	17:59:59
221.7917	24.84	35.00	8.0859	9.85	2021-08-09	18:59:59
221.8333	24.89	35.00	8.0283	9.85	2021-08-09	19:59:59
221.8750	24.89	35.00	7.9198	9.85	2021-08-09	20:59:59
221.9167	24.97	35.00	7.7898	9.85	2021-08-09	21:59:59
221.9583	25.18	35.00	7.6689	9.85	2021-08-09	22:59:59
222.0000	25.18	35.00	7.6339	9.86	2021-08-09	23:59:59
222.0417	24.55	35.00	7.9635	9.85	2021-08-10	00:59:59
222.0833	24.40	35.00	7.9605	9.85	2021-08-10	01:59:59
222.1250	24.35	35.00	7.9602	9.84	2021-08-10	02:59:59
222.1667	24.27	35.00	7.9495	9.84	2021-08-10	03:59:59
222.2083	24.22	35.00	7.9225	9.84	2021-08-10	04:59:59
222.2500	24.24	35.00	0.0000	9.84	2021-08-10	05:59:59
222.2917	24.22	35.00	8.0216	9.84	2021-08-10	06:59:59
222.3333	24.17	35.00	7.9612	9.83	2021-08-10	07:59:59
222.3750	24.14	35.00	7.7771	9.83	2021-08-10	08:59:59
222.4167	24.06	35.00	7.6461	9.83	2021-08-10	09:59:59
222.4583	24.11	35.00	7.4831	9.83	2021-08-10	10:59:59
222.5000	24.30	35.00	7.2852	9.83	2021-08-10	11:59:59
222.5417	24.37	35.00	7.2674	9.83	2021-08-10	12:59:59
222.5833	24.04	35.00	7.8974	9.83	2021-08-10	13:59:59
222.6250	24.01	35.00	8.0040	9.83	2021-08-10	14:59:59
222.6667	24.01	35.00	8.0052	9.83	2021-08-10	15:59:59
222.7083	24.14	35.00	7.9961	9.83	2021-08-10	16:59:59
222.7500	24.24	35.00	8.0588	9.83	2021-08-10	17:59:59
222.7917	24.30	35.00	8.0305	9.83	2021-08-10	18:59:59
222.8333	24.45	35.00	8.0647	9.83	2021-08-10	19:59:59
222.8750	24.55	35.00	7.9787	9.83	2021-08-10	20:59:59
222.9167	24.66	35.00	7.8887	9.83	2021-08-10	21:59:59
222.9583	24.84	35.00	7.7523	9.83	2021-08-10	22:59:59
223.0000	25.05	35.00	7.6326	9.83	2021-08-10	23:59:59
223.0417	25.00	35.00	7.6098	9.84	2021-08-11	00:59:59
223.0833	24.30	35.00	7.8889	9.83	2021-08-11	01:59:59
223.1250	24.11	35.00	7.8849	9.83	2021-08-11	02:59:59
223.1667	24.06	35.00	7.9063	9.82	2021-08-11	03:59:59
223.2083	24.04	35.00	7.9084	9.82	2021-08-11	04:59:59
223.2500	23.91	35.00	7.8763	9.82	2021-08-11	05:59:59
223.2917	23.93	35.00	7.8930	9.81	2021-08-11	06:59:59
223.3333	23.96	35.00	7.9849	9.81	2021-08-11	07:59:59
223.3750	23.86	35.00	7.9579	9.81	2021-08-11	08:59:59
223.4167	23.88	35.00	7.7378	9.80	2021-08-11	09:59:59
223.4583	23.88	35.00	7.6146	9.80	2021-08-11	10:59:59
223.5000	24.01	35.00	7.5163	9.80	2021-08-11	11:59:59
223.5417	24.32	35.00	7.3966	9.80	2021-08-11	12:59:59
223.5833	24.48	35.00	7.4076	9.81	2021-08-11	13:59:59
223.6250	24.68	35.00	7.9128	9.81	2021-08-11	14:59:59
223.6667	24.81	35.00	8.0052	9.81	2021-08-11	15:59:59
223.7083	24.92	35.00	7.9989	9.82	2021-08-11	16:59:59
223.7500	25.00	35.00	8.0158	9.82	2021-08-11	17:59:59
223.7917	25.15	35.00	8.0468	9.82	2021-08-11	18:59:59
223.8333	25.31	35.00	8.0579	9.82	2021-08-11	19:59:59
223.8750	25.44	35.00	7.9339	9.83	2021-08-11	20:59:59
223.9167	25.52	35.00	7.8748	9.83	2021-08-11	21:59:59
223.9583	25.81	35.00	7.8138	9.83	2021-08-11	22:59:59
224.0000	26.13	35.00	7.6667	9.83	2021-08-11	23:59:59
224.0417	26.08	35.00	7.5312	9.84	2021-08-12	00:59:59
224.0833	26.03	35.00	7.5775	9.84	2021-08-12	01:59:59
224.1250	25.42	35.00	7.9304	9.83	2021-08-12	02:59:59
224.1667	25.47	35.00	7.9981	9.83	2021-08-12	03:59:59
224.2083	25.55	35.00	8.0099	9.83	2021-08-12	04:59:59
224.2500	25.42	35.00	7.9743	9.82	2021-08-12	05:59:59
224.2917	25.31	35.00	7.9585	9.82	2021-08-12	06:59:59
224.3333	25.29	35.00	8.0009	9.82	2021-08-12	07:59:59
224.3750	25.29	35.00	7.9826	9.82	2021-08-12	08:59:59
224.4167	25.23	35.00	7.8219	9.81	2021-08-12	09:59:59
224.4583	25.23	35.00	7.6345	9.81	2021-08-12	10:59:59
224.5000	25.23	35.00	7.5432	9.81	2021-08-12	11:59:59
224.5417	25.34	35.00	7.3593	9.81	2021-08-12	12:59:59
224.5833	25.50	35.00	7.2957	9.81	2021-08-12	13:59:59
224.6250	25.55	35.00	7.4410	9.81	2021-08-12	14:59:59
224.6667	25.68	35.00	7.9500	9.81	2021-08-12	15:59:59
224.7083	25.89	35.00	8.0321	9.82	2021-08-12	16:59:59
224.7500	26.05	35.00	8.0578	9.82	2021-08-12	17:59:59
224.7917	26.08	35.00	8.0825	9.82	2021-08-12	18:59:59
224.8333	26.08	35.00	8.0847	9.83	2021-08-12	19:59:59
224.8750	26.11	35.00	8.0671	9.83	2021-08-12	20:59:59
224.9167	26.29	35.00	7.9141	9.82	2021-08-12	21:59:59
224.9583	26.51	35.00	7.9088	9.83	2021-08-12	22:59:59
225.0000	26.89	35.00	7.8135	9.83	2021-08-12	23:59:59
225.0417	26.97	35.00	7.6473	9.83	2021-08-13	00:59:59
225.0833	26.99	35.00	7.4449	9.84	2021-08-13	01:59:59
225.1250	26.91	35.00	7.4051	9.84	2021-08-13	02:59:59
225.1667	25.87	35.00	7.8528	9.83	2021-08-13	03:59:59
225.2083	25.81	35.00	7.9182	9.82	2021-08-13	04:59:59
225.2500	25.81	35.00	7.9510	9.82	2021-08-13	05:59:59
225.2917	25.76	35.00	7.9450	9.81	2021-08-13	06:59:59
225.3333	25.71	35.00	16.8802	9.81	2021-08-13	07:59:59
225.3750	25.68	35.00	7.9255	9.81	2021-08-13	08:59:59
225.4167	25.66	35.00	7.8675	9.81	2021-08-13	09:59:59
225.4583	25.63	35.00	0.0000	9.81	2021-08-13	10:59:59
225.5000	25.63	35.00	0.0000	9.80	2021-08-13	11:59:59
225.5417	25.76	35.00	7.4090	9.80	2021-08-13	12:59:59
225.5833	26.19	35.00	7.2955	9.81	2021-08-13	13:59:59
225.6250	26.45	35.00	7.2846	9.81	2021-08-13	14:59:59
225.6667	26.29	35.00	7.8164	9.81	2021-08-13	15:59:59
225.7083	26.56	35.00	7.9367	9.82	2021-08-13	16:59:59
225.7500	26.59	35.00	7.9978	9.82	2021-08-13	17:59:59
225.7917	26.80	35.00	7.8302	9.82	2021-08-13	18:59:59
225.8333	26.83	35.00	8.0180	9.83	2021-08-13	19:59:59
225.8750	26.70	35.00	8.0064	9.82	2021-08-13	20:59:59
225.9167	26.64	35.00	7.9930	9.82	2021-08-13	21:59:59
225.9583	26.89	35.00	7.9873	9.82	2021-08-13	22:59:59
226.0000	27.10	35.00	7.8677	9.82	2021-08-13	23:59:59
226.0417	27.37	35.00	7.7696	9.83	2021-08-14	00:59:59
226.0833	27.46	35.00	7.6607	9.83	2021-08-14	01:59:59
226.1250	27.54	35.00	7.5017	9.83	2021-08-14	02:59:59
226.1667	27.43	35.00	7.4582	9.83	2021-08-14	03:59:59
226.2083	26.00	35.00	7.8875	9.82	2021-08-14	04:59:59
226.2500	25.89	35.00	7.9794	9.81	2021-08-14	05:59:59
226.2917	25.92	35.00	7.9920	9.81	2021-08-14	06:59:59
226.3333	25.79	35.00	7.9436	9.80	2021-08-14	07:59:59
226.3750	25.60	35.00	7.9486	9.80	2021-08-14	08:59:59
226.4167	25.47	35.00	7.9351	9.80	2021-08-14	09:59:59
226.4583	25.50	35.00	7.9244	9.79	2021-08-14	10:59:59
226.5000	25.66	35.00	7.8063	9.79	2021-08-14	11:59:59
226.5417	25.79	35.00	7.7071	9.79	2021-08-14	12:59:59
226.5833	26.11	35.00	7.5568	9.79	2021-08-14	13:59:59
226.6250	26.62	35.00	7.4091	9.80	2021-08-14	14:59:59
226.6667	26.80	35.00	7.3517	9.80	2021-08-14	15:59:59
226.7083	26.67	35.00	7.8646	9.80	2021-08-14	16:59:59
226.7500	26.78	35.00	7.9136	9.81	2021-08-14	17:59:59
226.7917	26.75	35.00	7.9471	9.81	2021-08-14	18:59:59
226.8333	26.89	35.00	7.9133	9.81	2021-08-14	19:59:59
226.8750	26.99	35.00	7.9089	9.81	2021-08-14	20:59:59
226.9167	26.94	35.00	7.9435	9.81	2021-08-14	21:59:59
226.9583	26.80	35.00	8.0047	9.81	2021-08-14	22:59:59
227.0000	26.99	35.00	7.9589	9.80	2021-08-14	23:59:59
227.0417	27.07	35.00	0.0000	9.81	2021-08-15	00:59:59
227.0833	27.26	35.00	7.6039	9.81	2021-08-15	01:59:59
227.1250	27.35	35.00	7.4279	9.81	2021-08-15	02:59:59
227.1667	27.43	35.00	7.3034	9.81	2021-08-15	03:59:59
227.2083	27.37	35.00	7.2795	9.81	2021-08-15	04:59:59
227.2500	25.21	35.00	7.8111	9.80	2021-08-15	05:59:59
227.2917	25.05	35.00	7.8722	9.78	2021-08-15	06:59:59
227.3333	24.87	35.00	7.8534	9.77	2021-08-15	07:59:59
227.3750	24.66	35.00	7.8674	9.76	2021-08-15	08:59:59
227.4167	24.63	35.00	7.8908	9.76	2021-08-15	09:59:59
227.4583	24.55	35.00	7.8444	9.75	2021-08-15	10:59:59
227.5000	24.55	35.00	7.8367	9.75	2021-08-15	11:59:59
227.5417	24.66	35.00	7.7942	9.74	2021-08-15	12:59:59
227.5833	25.02	35.00	7.7191	9.75	2021-08-15	13:59:59
227.6250	25.84	35.00	7.5084	9.76	2021-08-15	14:59:59
227.6667	26.48	35.00	7.4938	9.77	2021-08-15	15:59:59
227.7083	25.08	35.00	7.8687	9.77	2021-08-15	16:59:59
227.7500	24.89	35.00	7.9768	9.76	2021-08-15	17:59:59
227.7917	25.23	35.00	8.0133	9.76	2021-08-15	18:59:59
227.8333	25.47	35.00	8.0794	9.76	2021-08-15	19:59:59
227.8750	25.31	35.00	8.0803	9.76	2021-08-15	20:59:59
227.9167	25.23	35.00	8.1162	9.76	2021-08-15	21:59:59
227.9583	25.08	35.00	8.1192	9.75	2021-08-15	22:59:59
228.0000	25.02	35.00	8.0633	9.75	2021-08-15	23:59:59
228.0417	25.05	35.00	8.0959	9.75	2021-08-16	00:59:59
228.0833	25.00	35.00	7.9974	9.74	2021-08-16	01:59:59
228.1250	24.89	35.00	7.7627	9.74	2021-08-16	02:59:59
228.1667	24.92	35.00	7.5849	9.74	2021-08-16	03:59:59
228.2083	25.05	35.00	7.3784	9.74	2021-08-16	04:59:59
228.2500	25.02	35.00	7.3055	9.74	2021-08-16	05:59:59
228.2917	24.14	35.00	7.8500	9.73	2021-08-16	06:59:59
228.3333	24.04	35.00	7.9485	9.73	2021-08-16	07:59:59
228.3750	23.99	35.00	7.9825	9.72	2021-08-16	08:59:59
228.4167	23.93	35.00	7.9716	9.72	2021-08-16	09:59:59
228.4583	23.86	35.00	7.9685	9.72	2021-08-16	10:59:59
228.5000	23.88	35.00	8.0046	9.71	2021-08-16	11:59:59
228.5417	23.91	35.00	0.0000	9.71	2021-08-16	12:59:59
228.5833	24.09	35.00	7.9841	9.71	2021-08-16	13:59:59
228.6250	24.30	35.00	7.9191	9.71	2021-08-16	14:59:59
228.6667	24.74	35.00	7.7475	9.72	2021-08-16	15:59:59
228.7083	25.15	35.00	0.0000	9.72	2021-08-16	16:59:59
228.7500	24.95	35.00	7.9463	9.73	2021-08-16	17:59:59
228.7917	24.97	35.00	8.0165	9.73	2021-08-16	18:59:59
228.8333	25.08	35.00	8.0229	9.73	2021-08-16	19:59:59
228.8750	25.31	35.00	8.0910	9.73	2021-08-16	20:59:59
228.9167	25.31	35.00	8.0977	9.73	2021-08-16	21:59:59
228.9583	25.13	35.00	8.0514	9.73	2021-08-16	22:59:59
229.0000	25.05	35.00	8.0749	9.73	2021-08-16	23:59:59
229.0417	25.02	35.00	8.0439	9.72	2021-08-17	00:59:59
229.0833	24.97	35.00	8.0667	9.72	2021-08-17	01:59:59
229.1250	24.89	35.00	7.9025	9.72	2021-08-17	02:59:59
229.1667	24.61	35.00	7.7298	9.71	2021-08-17	03:59:59
229.2083	24.50	35.00	7.5921	9.71	2021-08-17	04:59:59
229.2500	24.48	35.00	7.6409	9.71	2021-08-17	05:59:59
229.2917	24.40	35.00	7.5804	9.70	2021-08-17	06:59:59
229.3333	23.93	35.00	7.9178	9.70	2021-08-17	07:59:59
229.3750	23.88	35.00	7.9992	9.69	2021-08-17	08:59:59
229.4167	23.93	35.00	7.9918	9.69	2021-08-17	09:59:59
229.4583	23.96	35.00	8.0069	9.69	2021-08-17	10:59:59
229.5000	23.83	35.00	7.9557	9.68	2021-08-17	11:59:59
229.5417	23.88	35.00	0.0000	9.68	2021-08-17	12:59:59
229.5833	24.04	35.00	0.0000	9.68	2021-08-17	13:59:59
229.6250	24.30	35.00	0.0000	9.68	2021-08-17	14:59:59
229.6667	24.53	35.00	0.0000	9.68	2021-08-17	15:59:59
229.7083	24.92	35.00	0.0000	9.69	2021-08-17	16:59:59
229.7500	25.26	35.00	7.6967	9.69	2021-08-17	17:59:59
229.7917	25.60	35.00	7.9475	9.70	2021-08-17	18:59:59
229.8333	25.81	35.00	8.0764	9.70	2021-08-17	19:59:59
229.8750	25.81	35.00	8.1130	9.71	2021-08-17	20:59:59
229.9167	25.84	35.00	7.9816	9.71	2021-08-17	21:59:59
229.9583	25.89	35.00	8.1204	9.71	2021-08-17	22:59:59
230.0000	25.84	35.00	8.1514	9.71	2021-08-17	23:59:59
230.0417	25.63	35.00	8.1335	9.70	2021-08-18	00:59:59
230.0833	25.50	35.00	8.0790	9.70	2021-08-18	01:59:59
230.1250	25.44	35.00	8.0971	9.70	2021-08-18	02:59:59
230.1667	25.26	35.00	8.0481	9.69	2021-08-18	03:59:59
230.2083	24.81	35.00	7.8785	9.69	2021-08-18	04:59:59
230.2500	24.63	35.00	7.7341	9.68	2021-08-18	05:59:59
230.2917	24.53	35.00	7.7284	9.68	2021-08-18	06:59:59
230.3333	24.48	35.00	7.6522	9.67	2021-08-18	07:59:59
230.3750	24.45	35.00	7.9177	9.67	2021-08-18	08:59:59
230.4167	24.68	35.00	7.9339	9.67	2021-08-18	09:59:59
230.4583	24.68	35.00	8.0102	9.67	2021-08-18	10:59:59
230.5000	24.63	35.00	8.0341	9.67	2021-08-18	11:59:59
230.5417	24.63	35.00	7.9943	9.67	2021-08-18	12:59:59
230.5833	24.68	35.00	7.9073	9.67	2021-08-18	13:59:59
230.6250	24.92	35.00	7.9921	9.67	2021-08-18	14:59:59
230.6667	25.10	35.00	8.0141	9.67	2021-08-18	15:59:59
230.7083	25.39	35.00	7.9921	9.67	2021-08-18	16:59:59
230.7500	25.66	35.00	7.8742	9.68	2021-08-18	17:59:59
230.7917	25.89	35.00	7.8207	9.68	2021-08-18	18:59:59
230.8333	26.05	35.00	7.9873	9.69	2021-08-18	19:59:59
230.8750	26.11	35.00	8.0557	9.69	2021-08-18	20:59:59
230.9167	25.97	35.00	8.0255	9.69	2021-08-18	21:59:59
230.9583	25.79	35.00	8.0708	9.69	2021-08-18	22:59:59
231.0000	25.63	35.00	8.0688	9.68	2021-08-18	23:59:59
231.0417	25.52	35.00	8.0492	9.68	2021-08-19	00:59:59
231.0833	25.44	35.00	8.0404	9.67	2021-08-19	01:59:59
231.1250	25.39	35.00	8.0188	9.67	2021-08-19	02:59:59
231.1667	25.36	35.00	8.0531	9.67	2021-08-19	03:59:59
231.2083	25.31	35.00	7.9821	9.66	2021-08-19	04:59:59
231.2500	25.18	35.00	7.8409	9.66	2021-08-19	05:59:59
231.2917	25.15	35.00	7.6707	9.66	2021-08-19	06:59:59
231.3333	25.18	35.00	7.4720	9.66	2021-08-19	07:59:59
231.3750	25.15	35.00	7.4665	9.66	2021-08-19	08:59:59
231.4167	24.97	35.00	7.8078	9.65	2021-08-19	09:59:59
231.4583	25.08	35.00	7.9449	9.65	2021-08-19	10:59:59
231.5000	24.95	35.00	7.9496	9.65	2021-08-19	11:59:59
231.5417	24.87	35.00	7.9512	9.65	2021-08-19	12:59:59
231.5833	24.97	35.00	7.9325	9.65	2021-08-19	13:59:59
231.6250	24.97	35.00	7.9428	9.65	2021-08-19	14:59:59
231.6667	25.00	35.00	7.9434	9.64	2021-08-19	15:59:59
231.7083	24.97	35.00	7.9443	9.64	2021-08-19	16:59:59
231.7500	25.05	35.00	7.9203	9.64	2021-08-19	17:59:59
231.7917	25.08	35.00	7.9138	9.64	2021-08-19	18:59:59
231.8333	25.13	35.00	7.8277	9.64	2021-08-19	19:59:59
231.8750	25.10	35.00	7.8734	9.64	2021-08-19	20:59:59
231.9167	25.15	35.00	7.9999	9.64	2021-08-19	21:59:59
231.9583	25.26	35.00	8.0463	9.64	2021-08-19	22:59:59
232.0000	25.26	35.00	8.0550	9.64	2021-08-19	23:59:59
232.0417	25.18	35.00	8.0544	9.64	2021-08-20	00:59:59
232.0833	25.13	35.00	8.0568	9.64	2021-08-20	01:59:59
232.1250	25.15	35.00	8.0761	9.64	2021-08-20	02:59:59
232.1667	25.13	35.00	8.0021	9.64	2021-08-20	03:59:59
232.2083	25.08	35.00	0.0000	9.63	2021-08-20	04:59:59
232.2500	25.02	35.00	0.0000	9.63	2021-08-20	05:59:59
232.2917	24.89	35.00	0.0000	9.63	2021-08-20	06:59:59
232.3333	24.79	35.00	0.0000	9.62	2021-08-20	07:59:59
232.3750	24.71	35.00	7.6264	9.62	2021-08-20	08:59:59
232.4167	24.66	35.00	7.5424	9.62	2021-08-20	09:59:59
232.4583	24.66	35.00	7.5856	9.61	2021-08-20	10:59:59
232.5000	24.68	35.00	7.9153	9.61	2021-08-20	11:59:59
232.5417	24.79	35.00	8.0011	9.61	2021-08-20	12:59:59
232.5833	24.89	35.00	8.0171	9.61	2021-08-20	13:59:59
232.6250	25.05	35.00	7.9682	9.61	2021-08-20	14:59:59
232.6667	25.23	35.00	8.0031	9.61	2021-08-20	15:59:59
232.7083	25.55	35.00	7.9946	9.62	2021-08-20	16:59:59
232.7500	25.84	35.00	8.0406	9.62	2021-08-20	17:59:59
232.7917	26.37	35.00	8.0150	9.63	2021-08-20	18:59:59
232.8333	26.94	35.00	7.9037	9.64	2021-08-20	19:59:59
232.8750	27.02	35.00	7.7094	9.65	2021-08-20	20:59:59
232.9167	26.48	35.00	7.8324	9.65	2021-08-20	21:59:59
232.9583	26.11	35.00	7.9910	9.64	2021-08-20	22:59:59
233.0000	26.00	35.00	8.0473	9.64	2021-08-20	23:59:59
233.0417	26.00	35.00	8.0403	9.63	2021-08-21	00:59:59
233.0833	25.92	35.00	8.0089	9.62	2021-08-21	01:59:59
233.1250	25.84	35.00	8.0276	9.62	2021-08-21	02:59:59
233.1667	25.73	35.00	8.0182	9.62	2021-08-21	03:59:59
233.2083	25.71	35.00	7.9735	9.62	2021-08-21	04:59:59
233.2500	25.66	35.00	8.0060	9.62	2021-08-21	05:59:59
233.2917	25.63	35.00	0.0000	9.61	2021-08-21	06:59:59
233.3333	25.44	35.00	0.0000	9.61	2021-08-21	07:59:59
233.3750	25.36	35.00	0.0000	9.61	2021-08-21	08:59:59
233.4167	25.42	35.00	7.5118	9.61	2021-08-21	09:59:59
233.4583	25.44	35.00	7.4840	9.61	2021-08-21	10:59:59
233.5000	25.21	35.00	7.7730	9.60	2021-08-21	11:59:59
233.5417	25.23	35.00	7.9326	9.60	2021-08-21	12:59:59
233.5833	25.39	35.00	8.0077	9.60	2021-08-21	13:59:59
233.6250	25.63	35.00	8.0377	9.60	2021-08-21	14:59:59
233.6667	25.89	35.00	8.0374	9.61	2021-08-21	15:59:59
233.7083	26.16	35.00	8.0316	9.61	2021-08-21	16:59:59
233.7500	26.48	35.00	8.0164	9.61	2021-08-21	17:59:59
233.7917	26.64	35.00	7.9851	9.61	2021-08-21	18:59:59
233.8333	27.29	35.00	7.9244	9.62	2021-08-21	19:59:59
233.8750	27.95	35.00	7.7940	9.63	2021-08-21	20:59:59
233.9167	28.11	35.00	0.0000	9.64	2021-08-21	21:59:59
233.9583	27.48	35.00	7.8484	9.64	2021-08-21	22:59:59
234.0000	26.83	35.00	8.0400	9.63	2021-08-21	23:59:59
234.0417	26.72	35.00	8.0435	9.62	2021-08-22	00:59:59
234.0833	26.72	35.00	8.0663	9.62	2021-08-22	01:59:59
234.1250	26.56	35.00	8.0625	9.61	2021-08-22	02:59:59
234.1667	26.43	35.00	8.0589	9.61	2021-08-22	03:59:59
234.2083	26.37	35.00	8.0468	9.61	2021-08-22	04:59:59
234.2500	26.35	35.00	8.0115	9.60	2021-08-22	05:59:59
234.2917	26.27	35.00	8.0276	9.60	2021-08-22	06:59:59
234.3333	26.19	35.00	8.0236	9.60	2021-08-22	07:59:59
234.3750	26.03	35.00	7.9485	9.59	2021-08-22	08:59:59
234.4167	26.00	35.00	7.8570	9.59	2021-08-22	09:59:59
234.4583	26.08	35.00	7.6756	9.59	2021-08-22	10:59:59
234.5000	26.16	35.00	7.6039	9.59	2021-08-22	11:59:59
234.5417	25.50	35.00	7.8237	9.59	2021-08-22	12:59:59
234.5833	25.60	35.00	7.9815	9.58	2021-08-22	13:59:59
234.6250	25.50	35.00	7.9500	9.57	2021-08-22	14:59:59
234.6667	25.55	35.00	7.9744	9.58	2021-08-22	15:59:59
234.7083	25.68	35.00	7.9747	9.57	2021-08-22	16:59:59
234.7500	25.68	35.00	7.9488	9.57	2021-08-22	17:59:59
234.7917	25.73	35.00	7.9426	9.57	2021-08-22	18:59:59
234.8333	25.84	35.00	7.8382	9.57	2021-08-22	19:59:59
234.8750	26.05	35.00	8.0075	9.58	2021-08-22	20:59:59
234.9167	26.13	35.00	7.9916	9.58	2021-08-22	21:59:59
234.9583	26.16	35.00	7.8537	9.58	2021-08-22	22:59:59
235.0000	26.13	35.00	7.7758	9.58	2021-08-22	23:59:59
235.0417	25.52	35.00	7.8559	9.58	2021-08-23	00:59:59
235.0833	25.23	35.00	7.9728	9.57	2021-08-23	01:59:59
235.1250	25.18	35.00	7.8337	9.56	2021-08-23	02:59:59
235.1667	25.23	35.00	7.8656	9.55	2021-08-23	03:59:59
235.2083	25.21	35.00	7.9993	9.55	2021-08-23	04:59:59
235.2500	25.05	35.00	7.9109	9.55	2021-08-23	05:59:59
235.2917	24.97	35.00	7.9104	9.55	2021-08-23	06:59:59
235.3333	25.08	35.00	7.9905	9.54	2021-08-23	07:59:59
235.3750	24.95	35.00	7.9458	9.54	2021-08-23	08:59:59
235.4167	24.74	35.00	0.0000	9.54	2021-08-23	09:59:59
235.4583	24.68	35.00	0.0000	9.53	2021-08-23	10:59:59
235.5000	24.79	35.00	7.6559	9.53	2021-08-23	11:59:59
235.5417	24.87	35.00	7.5341	9.53	2021-08-23	12:59:59
235.5833	24.68	35.00	7.7589	9.53	2021-08-23	13:59:59
235.6250	24.87	35.00	7.8267	9.53	2021-08-23	14:59:59
235.6667	24.92	35.00	7.9406	9.53	2021-08-23	15:59:59
235.7083	24.95	35.00	7.9494	9.53	2021-08-23	16:59:59
235.7500	25.18	35.00	7.9814	9.53	2021-08-23	17:59:59
235.7917	25.36	35.00	7.9351	9.53	2021-08-23	18:59:59
235.8333	25.63	35.00	7.9428	9.54	2021-08-23	19:59:59
235.8750	25.89	35.00	7.8870	9.54	2021-08-23	20:59:59
235.9167	26.64	35.00	7.7758	9.55	2021-08-23	21:59:59
235.9583	26.89	35.00	7.6034	9.56	2021-08-23	22:59:59
236.0000	26.91	35.00	7.5010	9.56	2021-08-23	23:59:59
236.0417	25.95	35.00	7.7288	9.56	2021-08-24	00:59:59
236.0833	25.71	35.00	7.7933	9.55	2021-08-24	01:59:59
236.1250	25.52	35.00	7.9029	9.54	2021-08-24	02:59:59
236.1667	25.47	35.00	7.8924	9.53	2021-08-24	03:59:59
236.2083	25.34	35.00	7.9086	9.53	2021-08-24	04:59:59
236.2500	25.29	35.00	7.9066	9.53	2021-08-24	05:59:59
236.2917	25.26	35.00	7.9053	9.53	2021-08-24	06:59:59
236.3333	25.18	35.00	7.8924	9.52	2021-08-24	07:59:59
236.3750	25.15	35.00	7.8549	9.52	2021-08-24	08:59:59
236.4167	25.08	35.00	0.0000	9.51	2021-08-24	09:59:59
236.4583	25.05	35.00	0.0000	9.51	2021-08-24	10:59:59
236.5000	25.15	35.00	7.4231	9.51	2021-08-24	11:59:59
236.5417	25.26	35.00	7.2658	9.51	2021-08-24	12:59:59
236.5833	25.31	35.00	7.2600	9.51	2021-08-24	13:59:59
236.6250	25.10	35.00	7.7096	9.51	2021-08-24	14:59:59
236.6667	25.10	35.00	7.8111	9.51	2021-08-24	15:59:59
236.7083	25.10	35.00	7.8481	9.51	2021-08-24	16:59:59
236.7500	25.26	35.00	7.8530	9.50	2021-08-24	17:59:59
236.7917	25.34	35.00	7.8891	9.51	2021-08-24	18:59:59
236.8333	25.39	35.00	7.8760	9.51	2021-08-24	19:59:59
236.8750	25.76	35.00	7.8739	9.51	2021-08-24	20:59:59
236.9167	25.97	35.00	7.8249	9.51	2021-08-24	21:59:59
236.9583	26.56	35.00	7.7216	9.52	2021-08-24	22:59:59
237.0000	26.70	35.00	7.5328	9.53	2021-08-24	23:59:59
237.0417	26.70	35.00	7.4384	9.53	2021-08-25	00:59:59
237.0833	25.52	35.00	7.7009	9.53	2021-08-25	01:59:59
237.1250	25.42	35.00	7.8127	9.51	2021-08-25	02:59:59
237.1667	25.44	35.00	7.8515	9.51	2021-08-25	03:59:59
237.2083	25.47	35.00	7.8386	9.50	2021-08-25	04:59:59
237.2500	25.29	35.00	7.8509	9.50	2021-08-25	05:59:59
237.2917	25.13	35.00	7.8512	9.50	2021-08-25	06:59:59
237.3333	25.10	35.00	7.8547	9.49	2021-08-25	07:59:59
237.3750	25.08	35.00	7.8489	9.49	2021-08-25	08:59:59
237.4167	25.13	35.00	7.8043	9.49	2021-08-25	09:59:59
237.4583	25.05	35.00	7.6875	9.48	2021-08-25	10:59:59
237.5000	25.15	35.00	7.5970	9.48	2021-08-25	11:59:59
237.5417	25.42	35.00	7.3946	9.48	2021-08-25	12:59:59
237.5833	25.58	35.00	7.3205	9.49	2021-08-25	13:59:59
237.6250	25.42	35.00	7.7259	9.48	2021-08-25	14:59:59
237.6667	25.79	35.00	7.8210	9.49	2021-08-25	15:59:59
237.7083	26.13	35.00	7.5994	9.49	2021-08-25	16:59:59
237.7500	26.45	35.00	7.8482	9.50	2021-08-25	17:59:59
237.7917	26.67	35.00	7.8995	9.50	2021-08-25	18:59:59
237.8333	26.56	35.00	7.9180	9.51	2021-08-25	19:59:59
237.8750	26.91	35.00	7.8603	9.51	2021-08-25	20:59:59
237.9167	26.99	35.00	7.8889	9.51	2021-08-25	21:59:59
237.9583	27.18	35.00	7.8430	9.51	2021-08-25	22:59:59
238.0000	27.46	35.00	7.7185	9.51	2021-08-25	23:59:59
238.0417	27.51	35.00	7.6015	9.52	2021-08-26	00:59:59
238.0833	27.54	35.00	7.5354	9.52	2021-08-26	01:59:59
238.1250	25.95	35.00	7.8436	9.51	2021-08-26	02:59:59
238.1667	25.60	35.00	7.8912	9.49	2021-08-26	03:59:59
238.2083	25.71	35.00	7.9145	9.48	2021-08-26	04:59:59
238.2500	25.84	35.00	7.9185	9.48	2021-08-26	05:59:59
238.2917	25.89	35.00	7.9138	9.48	2021-08-26	06:59:59
238.3333	25.84	35.00	7.9158	9.48	2021-08-26	07:59:59
238.3750	25.76	35.00	7.8910	9.48	2021-08-26	08:59:59
238.4167	25.68	35.00	7.8865	9.47	2021-08-26	09:59:59
238.4583	25.55	35.00	0.0000	9.47	2021-08-26	10:59:59
238.5000	25.44	35.00	0.0000	9.47	2021-08-26	11:59:59
238.5417	25.76	35.00	0.0000	9.46	2021-08-26	12:59:59
238.5833	26.13	35.00	7.4909	9.47	2021-08-26	13:59:59
238.6250	25.89	35.00	7.7344	9.47	2021-08-26	14:59:59
238.6667	26.40	35.00	7.8425	9.47	2021-08-26	15:59:59
238.7083	26.35	35.00	7.9086	9.48	2021-08-26	16:59:59
238.7500	26.08	35.00	7.9439	9.48	2021-08-26	17:59:59
238.7917	26.67	35.00	7.9602	9.47	2021-08-26	18:59:59
238.8333	27.02	35.00	7.9479	9.48	2021-08-26	19:59:59
238.8750	26.78	35.00	7.9576	9.48	2021-08-26	20:59:59
238.9167	27.05	35.00	7.9491	9.49	2021-08-26	21:59:59
238.9583	26.89	35.00	7.9229	9.48	2021-08-26	22:59:59
239.0000	27.02	35.00	7.8482	9.48	2021-08-26	23:59:59
239.0417	27.35	35.00	7.7372	9.48	2021-08-27	00:59:59
239.0833	27.48	35.00	7.5957	9.49	2021-08-27	01:59:59
239.1250	27.46	35.00	7.5258	9.49	2021-08-27	02:59:59
239.1667	26.03	35.00	7.8659	9.48	2021-08-27	03:59:59
239.2083	25.97	35.00	7.9260	9.47	2021-08-27	04:59:59
239.2500	26.19	35.00	7.9481	9.46	2021-08-27	05:59:59
239.2917	26.19	35.00	7.9305	9.46	2021-08-27	06:59:59
239.3333	26.13	35.00	7.9492	9.46	2021-08-27	07:59:59
239.3750	26.00	35.00	7.9439	9.46	2021-08-27	08:59:59
239.4167	25.97	35.00	7.9306	9.45	2021-08-27	09:59:59
239.4583	26.00	35.00	0.0000	9.45	2021-08-27	10:59:59
239.5000	26.00	35.00	0.0000	9.45	2021-08-27	11:59:59
239.5417	26.16	35.00	0.0000	9.45	2021-08-27	12:59:59
239.5833	26.64	35.00	0.0000	9.45	2021-08-27	13:59:59
239.6250	26.94	35.00	7.5730	9.46	2021-08-27	14:59:59
239.6667	25.58	35.00	7.8690	9.45	2021-08-27	15:59:59
239.7083	25.13	35.00	7.9617	9.44	2021-08-27	16:59:59
239.7500	25.52	35.00	7.9870	9.43	2021-08-27	17:59:59
239.7917	26.80	35.00	7.9705	9.44	2021-08-27	18:59:59
239.8333	27.18	35.00	8.0194	9.45	2021-08-27	19:59:59
239.8750	26.97	35.00	8.0257	9.46	2021-08-27	20:59:59
239.9167	27.02	35.00	7.9875	9.46	2021-08-27	21:59:59
239.9583	27.02	35.00	8.0074	9.46	2021-08-27	22:59:59
240.0000	26.78	35.00	7.9841	9.46	2021-08-27	23:59:59
240.0417	26.59	35.00	7.9121	9.45	2021-08-28	00:59:59
240.0833	27.05	35.00	7.7198	9.45	2021-08-28	01:59:59
240.1250	27.37	35.00	7.5525	9.46	2021-08-28	02:59:59
240.1667	26.67	35.00	7.6865	9.46	2021-08-28	03:59:59
240.2083	26.05	35.00	7.8852	9.44	2021-08-28	04:59:59
240.2500	25.95	35.00	7.8780	9.44	2021-08-28	05:59:59
240.2917	25.68	35.00	7.8952	9.43	2021-08-28	06:59:59
240.3333	25.55	35.00	7.9088	9.42	2021-08-28	07:59:59
240.3750	25.36	35.00	7.9077	9.42	2021-08-28	08:59:59
240.4167	25.26	35.00	7.8898	9.41	2021-08-28	09:59:59
240.4583	25.21	35.00	7.8896	9.40	2021-08-28	10:59:59
240.5000	25.21	35.00	7.8599	9.40	2021-08-28	11:59:59
240.5417	25.23	35.00	7.8304	9.40	2021-08-28	12:59:59
240.5833	25.42	35.00	7.7481	9.40	2021-08-28	13:59:59
240.6250	25.66	35.00	7.6648	9.40	2021-08-28	14:59:59
240.6667	25.08	35.00	7.8443	9.40	2021-08-28	15:59:59
240.7083	25.18	35.00	7.9363	9.40	2021-08-28	16:59:59
240.7500	25.44	35.00	8.0057	9.39	2021-08-28	17:59:59
240.7917	25.52	35.00	8.0448	9.40	2021-08-28	18:59:59
240.8333	25.50	35.00	8.0686	9.40	2021-08-28	19:59:59
240.8750	25.42	35.00	8.0699	9.39	2021-08-28	20:59:59
240.9167	25.36	35.00	8.0647	9.39	2021-08-28	21:59:59
240.9583	25.29	35.00	8.0436	9.39	2021-08-28	22:59:59
241.0000	25.21	35.00	8.0412	9.39	2021-08-28	23:59:59
241.0417	25.13	35.00	7.9885	9.38	2021-08-29	00:59:59
241.0833	25.00	35.00	7.9323	9.38	2021-08-29	01:59:59
241.1250	25.00	35.00	7.7796	9.38	2021-08-29	02:59:59
241.1667	25.00	35.00	7.6948	9.38	2021-08-29	03:59:59
241.2083	24.48	35.00	7.7651	9.38	2021-08-29	04:59:59
241.2500	24.04	35.00	7.9168	9.36	2021-08-29	05:59:59
241.2917	23.99	35.00	7.9388	9.36	2021-08-29	06:59:59
241.3333	23.88	35.00	7.9800	9.35	2021-08-29	07:59:59
241.3750	23.81	35.00	7.9666	9.35	2021-08-29	08:59:59
241.4167	23.75	35.00	7.9561	9.34	2021-08-29	09:59:59
241.4583	23.68	35.00	7.9500	9.34	2021-08-29	10:59:59
241.5000	23.68	35.00	7.9537	9.33	2021-08-29	11:59:59
241.5417	23.65	35.00	7.9301	9.33	2021-08-29	12:59:59
241.5833	23.68	35.00	7.9039	9.33	2021-08-29	13:59:59
241.6250	23.78	35.00	7.8159	9.33	2021-08-29	14:59:59
241.6667	23.91	35.00	7.7536	9.33	2021-08-29	15:59:59
241.7083	23.73	35.00	7.8863	9.33	2021-08-29	16:59:59
241.7500	23.86	35.00	7.9707	9.33	2021-08-29	17:59:59
241.7917	24.01	35.00	7.9985	9.33	2021-08-29	18:59:59
241.8333	24.09	35.00	8.0262	9.33	2021-08-29	19:59:59
241.8750	24.04	35.00	8.0253	9.33	2021-08-29	20:59:59
241.9167	23.86	35.00	8.0149	9.33	2021-08-29	21:59:59
241.9583	23.81	35.00	8.0325	9.33	2021-08-29	22:59:59
242.0000	23.78	35.00	8.0249	9.32	2021-08-29	23:59:59
242.0417	23.86	35.00	8.0061	9.32	2021-08-30	00:59:59
242.0833	23.86	35.00	7.9649	9.32	2021-08-30	01:59:59
242.1250	23.86	35.00	7.8429	9.32	2021-08-30	02:59:59
242.1667	23.88	35.00	0.0000	9.32	2021-08-30	03:59:59
242.2083	23.88	35.00	7.5872	9.32	2021-08-30	04:59:59
242.2500	23.55	35.00	7.8072	9.32	2021-08-30	05:59:59
242.2917	23.27	35.00	7.9045	9.31	2021-08-30	06:59:59
242.3333	23.24	35.00	7.9541	9.30	2021-08-30	07:59:59
242.3750	23.24	35.00	7.9667	9.30	2021-08-30	08:59:59
242.4167	23.22	35.00	7.9680	9.30	2021-08-30	09:59:59
242.4583	23.22	35.00	7.9728	9.29	2021-08-30	10:59:59
242.5000	23.19	35.00	7.9494	9.29	2021-08-30	11:59:59
242.5417	23.22	35.00	7.9531	9.29	2021-08-30	12:59:59
242.5833	23.29	35.00	7.9430	9.29	2021-08-30	13:59:59
242.6250	23.57	35.00	7.9188	9.29	2021-08-30	14:59:59
242.6667	23.91	35.00	7.8471	9.29	2021-08-30	15:59:59
242.7083	24.19	35.00	7.8304	9.30	2021-08-30	16:59:59
242.7500	24.37	35.00	7.9214	9.30	2021-08-30	17:59:59
242.7917	24.50	35.00	7.9422	9.31	2021-08-30	18:59:59
242.8333	24.61	35.00	7.9570	9.31	2021-08-30	19:59:59
242.8750	24.66	35.00	7.9653	9.31	2021-08-30	20:59:59
242.9167	24.68	35.00	7.9901	9.31	2021-08-30	21:59:59
242.9583	24.68	35.00	7.9929	9.31	2021-08-30	22:59:59
243.0000	24.66	35.00	7.9869	9.31	2021-08-30	23:59:59
243.0417	24.63	35.00	7.9886	9.31	2021-08-31	00:59:59
243.0833	24.58	35.00	7.9704	9.31	2021-08-31	01:59:59
243.1250	24.58	35.00	7.9375	9.31	2021-08-31	02:59:59
243.1667	24.53	35.00	7.8102	9.31	2021-08-31	03:59:59
243.2083	24.53	35.00	0.0000	9.30	2021-08-31	04:59:59
243.2500	24.53	35.00	7.4249	9.30	2021-08-31	05:59:59
243.2917	24.48	35.00	7.6091	9.31	2021-08-31	06:59:59
243.3333	24.45	35.00	7.8116	9.30	2021-08-31	07:59:59
243.3750	24.40	35.00	7.8647	9.30	2021-08-31	08:59:59
243.4167	24.40	35.00	7.8840	9.29	2021-08-31	09:59:59
243.4583	24.32	35.00	7.8956	9.29	2021-08-31	10:59:59
243.5000	24.30	35.00	7.9058	9.29	2021-08-31	11:59:59
243.5417	24.37	35.00	7.8844	9.29	2021-08-31	12:59:59
243.5833	24.50	35.00	7.9516	9.29	2021-08-31	13:59:59
243.6250	24.71	35.00	7.8919	9.29	2021-08-31	14:59:59
243.6667	24.92	35.00	7.8584	9.29	2021-08-31	15:59:59
243.7083	25.18	35.00	0.0000	9.30	2021-08-31	16:59:59
243.7500	25.21	35.00	7.6934	9.30	2021-08-31	17:59:59
243.7917	25.21	35.00	7.8703	9.30	2021-08-31	18:59:59
243.8333	25.31	35.00	7.9050	9.31	2021-08-31	19:59:59
243.8750	25.34	35.00	7.9297	9.30	2021-08-31	20:59:59
243.9167	25.26	35.00	7.9452	9.31	2021-08-31	21:59:59
243.9583	25.23	35.00	7.9662	9.30	2021-08-31	22:59:59
244.0000	25.15	35.00	0.0000	9.30	2021-08-31	23:59:59
244.0417	25.05	35.00	7.9654	9.30	2021-09-01	00:59:59
244.0833	25.00	35.00	7.9590	9.29	2021-09-01	01:59:59
244.1250	25.02	35.00	7.9270	9.29	2021-09-01	02:59:59
244.1667	24.89	35.00	7.8386	9.29	2021-09-01	03:59:59
244.2083	24.76	35.00	7.6948	9.28	2021-09-01	04:59:59
244.2500	24.76	35.00	7.5060	9.28	2021-09-01	05:59:59
244.2917	24.71	35.00	7.4552	9.28	2021-09-01	06:59:59
244.3333	24.48	35.00	7.5752	9.28	2021-09-01	07:59:59
244.3750	24.17	35.00	7.8044	9.27	2021-09-01	08:59:59
244.4167	24.06	35.00	7.8422	9.26	2021-09-01	09:59:59
244.4583	24.01	35.00	7.8532	9.26	2021-09-01	10:59:59
244.5000	23.99	35.00	7.8495	9.25	2021-09-01	11:59:59
244.5417	23.99	35.00	7.8595	9.25	2021-09-01	12:59:59
244.5833	24.01	35.00	7.8393	9.25	2021-09-01	13:59:59
244.6250	24.04	35.00	0.0000	9.25	2021-09-01	14:59:59
244.6667	24.14	35.00	0.0000	9.25	2021-09-01	15:59:59
244.7083	24.32	35.00	0.0000	9.25	2021-09-01	16:59:59
244.7500	24.48	35.00	0.0000	9.25	2021-09-01	17:59:59
244.7917	24.40	35.00	7.6950	9.25	2021-09-01	18:59:59
244.8333	24.17	35.00	7.8794	9.25	2021-09-01	19:59:59
244.8750	23.83	35.00	7.8966	9.24	2021-09-01	20:59:59
244.9167	23.83	35.00	7.9174	9.24	2021-09-01	21:59:59
244.9583	23.86	35.00	7.9361	9.24	2021-09-01	22:59:59
245.0000	23.68	35.00	7.9498	9.23	2021-09-01	23:59:59
245.0417	23.63	35.00	7.9487	9.23	2021-09-02	00:59:59
245.0833	23.63	35.00	7.9296	9.22	2021-09-02	01:59:59
245.1250	23.50	35.00	7.9423	9.22	2021-09-02	02:59:59
245.1667	23.47	35.00	0.0000	9.22	2021-09-02	03:59:59
245.2083	23.42	35.00	7.8394	9.21	2021-09-02	04:59:59
245.2500	23.32	35.00	7.7518	9.21	2021-09-02	05:59:59
245.2917	23.34	35.00	7.6344	9.21	2021-09-02	06:59:59
245.3333	23.37	35.00	7.5475	9.21	2021-09-02	07:59:59
245.3750	23.24	35.00	7.8252	9.21	2021-09-02	08:59:59
245.4167	23.14	35.00	7.8625	9.20	2021-09-02	09:59:59
245.4583	23.14	35.00	7.8461	9.20	2021-09-02	10:59:59
245.5000	22.96	35.00	7.8573	9.20	2021-09-02	11:59:59
245.5417	22.94	35.00	7.7896	9.20	2021-09-02	12:59:59
245.5833	22.84	35.00	7.7847	9.19	2021-09-02	13:59:59
245.6250	22.84	35.00	7.8313	9.19	2021-09-02	14:59:59
245.6667	22.79	35.00	7.8289	9.18	2021-09-02	15:59:59
245.7083	22.91	35.00	7.7035	9.18	2021-09-02	16:59:59
245.7500	22.99	35.00	7.5555	9.18	2021-09-02	17:59:59
245.7917	23.07	35.00	7.4357	9.18	2021-09-02	18:59:59
245.8333	22.94	35.00	7.7472	9.18	2021-09-02	19:59:59
245.8750	22.94	35.00	7.8556	9.18	2021-09-02	20:59:59
245.9167	22.86	35.00	7.8785	9.18	2021-09-02	21:59:59
245.9583	22.81	35.00	7.9168	9.18	2021-09-02	22:59:59
246.0000	22.84	35.00	7.9350	9.17	2021-09-02	23:59:59
246.0417	22.81	35.00	7.9317	9.17	2021-09-03	00:59:59
246.0833	22.71	35.00	7.9130	9.17	2021-09-03	01:59:59
246.1250	22.69	35.00	7.8792	9.17	2021-09-03	02:59:59
246.1667	22.61	35.00	7.8941	9.17	2021-09-03	03:59:59
246.2083	22.46	35.00	7.8491	9.16	2021-09-03	04:59:59
246.2500	22.16	35.00	7.7626	9.16	2021-09-03	05:59:59
246.2917	21.91	35.00	7.6046	9.15	2021-09-03	06:59:59
246.3333	21.73	35.00	7.4257	9.14	2021-09-03	07:59:59
246.3750	21.63	35.00	7.3449	9.14	2021-09-03	08:59:59
246.4167	21.98	35.00	7.6090	9.13	2021-09-03	09:59:59
246.4583	22.06	35.00	7.7291	9.14	2021-09-03	10:59:59
246.5000	21.98	35.00	7.7777	9.14	2021-09-03	11:59:59
246.5417	21.86	35.00	7.8167	9.14	2021-09-03	12:59:59
246.5833	21.98	35.00	7.8452	9.13	2021-09-03	13:59:59
246.6250	22.06	35.00	7.7719	9.13	2021-09-03	14:59:59
246.6667	22.31	35.00	7.8324	9.13	2021-09-03	15:59:59
246.7083	22.51	35.00	7.8458	9.14	2021-09-03	16:59:59
246.7500	22.76	35.00	7.7942	9.14	2021-09-03	17:59:59
246.7917	22.84	35.00	7.5894	9.15	2021-09-03	18:59:59
246.8333	22.89	35.00	7.5064	9.15	2021-09-03	19:59:59
246.8750	22.99	35.00	7.8239	9.15	2021-09-03	20:59:59
246.9167	22.91	35.00	7.9090	9.15	2021-09-03	21:59:59
246.9583	22.84	35.00	7.9645	9.15	2021-09-03	22:59:59
247.0000	22.71	35.00	8.0006	9.14	2021-09-03	23:59:59
247.0417	22.71	35.00	7.9982	9.14	2021-09-04	00:59:59
247.0833	22.66	35.00	8.0084	9.14	2021-09-04	01:59:59
247.1250	22.58	35.00	8.0055	9.14	2021-09-04	02:59:59
247.1667	22.53	35.00	7.9723	9.14	2021-09-04	03:59:59
247.2083	22.46	35.00	7.9763	9.13	2021-09-04	04:59:59
247.2500	22.31	35.00	7.9592	9.13	2021-09-04	05:59:59
247.2917	22.01	35.00	7.8486	9.12	2021-09-04	06:59:59
247.3333	21.81	35.00	7.6509	9.11	2021-09-04	07:59:59
247.3750	21.66	35.00	7.4897	9.11	2021-09-04	08:59:59
247.4167	21.66	35.00	7.5021	9.10	2021-09-04	09:59:59
247.4583	21.73	35.00	7.8030	9.10	2021-09-04	10:59:59
247.5000	21.81	35.00	7.8544	9.10	2021-09-04	11:59:59
247.5417	21.91	35.00	7.8931	9.10	2021-09-04	12:59:59
247.5833	21.98	35.00	7.9304	9.10	2021-09-04	13:59:59
247.6250	21.96	35.00	7.9360	9.10	2021-09-04	14:59:59
247.6667	22.16	35.00	7.9184	9.10	2021-09-04	15:59:59
247.7083	22.48	35.00	7.9347	9.10	2021-09-04	16:59:59
247.7500	22.74	35.00	7.9564	9.11	2021-09-04	17:59:59
247.7917	22.99	35.00	7.8912	9.11	2021-09-04	18:59:59
247.8333	23.12	35.00	7.7814	9.12	2021-09-04	19:59:59
247.8750	23.19	35.00	0.0000	9.12	2021-09-04	20:59:59
247.9167	23.04	35.00	7.9415	9.12	2021-09-04	21:59:59
247.9583	22.89	35.00	8.0029	9.12	2021-09-04	22:59:59
248.0000	22.84	35.00	7.9951	9.11	2021-09-04	23:59:59
248.0417	22.74	35.00	7.9950	9.11	2021-09-05	00:59:59
248.0833	22.61	35.00	7.9874	9.11	2021-09-05	01:59:59
248.1250	22.51	35.00	7.9739	9.11	2021-09-05	02:59:59
248.1667	22.46	35.00	7.9821	9.10	2021-09-05	03:59:59
248.2083	22.43	35.00	7.9705	9.10	2021-09-05	04:59:59
248.2500	22.38	35.00	7.9701	9.09	2021-09-05	05:59:59
248.2917	22.28	35.00	7.9177	9.09	2021-09-05	06:59:59
248.3333	22.11	35.00	7.7969	9.09	2021-09-05	07:59:59
248.3750	22.03	35.00	7.6397	9.08	2021-09-05	08:59:59
248.4167	22.01	35.00	7.5305	9.08	2021-09-05	09:59:59
248.4583	22.03	35.00	7.7782	9.08	2021-09-05	10:59:59
248.5000	22.06	35.00	7.8977	9.08	2021-09-05	11:59:59
248.5417	22.06	35.00	7.9345	9.07	2021-09-05	12:59:59
248.5833	22.16	35.00	7.9609	9.07	2021-09-05	13:59:59
248.6250	22.26	35.00	7.9763	9.07	2021-09-05	14:59:59
248.6667	22.31	35.00	7.9916	9.07	2021-09-05	15:59:59
248.7083	22.38	35.00	7.9682	9.08	2021-09-05	16:59:59
248.7500	22.56	35.00	7.9976	9.07	2021-09-05	17:59:59
248.7917	22.61	35.00	7.9715	9.08	2021-09-05	18:59:59
248.8333	22.71	35.00	7.9503	9.08	2021-09-05	19:59:59
248.8750	22.84	35.00	7.8232	9.09	2021-09-05	20:59:59
248.9167	22.81	35.00	7.7517	9.08	2021-09-05	21:59:59
248.9583	22.31	35.00	7.9197	9.08	2021-09-05	22:59:59
249.0000	22.26	35.00	7.9488	9.07	2021-09-05	23:59:59
249.0417	22.28	35.00	7.9525	9.07	2021-09-06	00:59:59
249.0833	22.23	35.00	7.9407	9.06	2021-09-06	01:59:59
249.1250	22.26	35.00	7.9305	9.06	2021-09-06	02:59:59
249.1667	22.26	35.00	7.9472	9.06	2021-09-06	03:59:59
249.2083	22.13	35.00	7.9491	9.06	2021-09-06	04:59:59
249.2500	22.06	35.00	7.9308	9.05	2021-09-06	05:59:59
249.2917	22.11	35.00	7.9283	9.05	2021-09-06	06:59:59
249.3333	22.01	35.00	7.8564	9.05	2021-09-06	07:59:59
249.3750	21.86	35.00	7.7424	9.05	2021-09-06	08:59:59
249.4167	21.86	35.00	7.5910	9.04	2021-09-06	09:59:59
249.4583	21.91	35.00	7.4690	9.04	2021-09-06	10:59:59
249.5000	21.91	35.00	7.4676	9.04	2021-09-06	11:59:59
249.5417	21.86	35.00	7.8006	9.04	2021-09-06	12:59:59
249.5833	21.98	35.00	7.8407	9.04	2021-09-06	13:59:59
249.6250	22.03	35.00	7.8562	9.04	2021-09-06	14:59:59
249.6667	22.11	35.00	7.8638	9.04	2021-09-06	15:59:59
249.7083	22.23	35.00	7.8742	9.04	2021-09-06	16:59:59
249.7500	22.38	35.00	7.8838	9.04	2021-09-06	17:59:59
249.7917	22.71	35.00	7.8571	9.05	2021-09-06	18:59:59
249.8333	22.99	35.00	7.8538	9.05	2021-09-06	19:59:59
249.8750	23.63	35.00	7.7341	9.06	2021-09-06	20:59:59
249.9167	23.86	35.00	7.6049	9.07	2021-09-06	21:59:59
249.9583	23.83	35.00	7.5669	9.07	2021-09-06	22:59:59
250.0000	22.86	35.00	7.8101	9.07	2021-09-06	23:59:59
250.0417	22.66	35.00	7.8330	9.06	2021-09-07	00:59:59
250.0833	22.61	35.00	7.8995	9.05	2021-09-07	01:59:59
250.1250	22.58	35.00	7.9088	9.05	2021-09-07	02:59:59
250.1667	22.48	35.00	7.9061	9.04	2021-09-07	03:59:59
250.2083	22.43	35.00	7.9025	9.04	2021-09-07	04:59:59
250.2500	22.41	35.00	7.8813	9.03	2021-09-07	05:59:59
250.2917	22.31	35.00	7.8838	9.03	2021-09-07	06:59:59
250.3333	22.16	35.00	7.8062	9.03	2021-09-07	07:59:59
250.3750	21.81	35.00	0.0000	9.02	2021-09-07	08:59:59
250.4167	21.71	35.00	7.5213	9.02	2021-09-07	09:59:59
250.4583	21.73	35.00	7.3890	9.01	2021-09-07	10:59:59
250.5000	21.81	35.00	7.2788	9.01	2021-09-07	11:59:59
250.5417	22.06	35.00	7.7086	9.01	2021-09-07	12:59:59
250.5833	22.26	35.00	7.8371	9.01	2021-09-07	13:59:59
250.6250	22.36	35.00	7.8742	9.02	2021-09-07	14:59:59
250.6667	22.53	35.00	7.8745	9.02	2021-09-07	15:59:59
250.7083	22.64	35.00	7.8933	9.02	2021-09-07	16:59:59
250.7500	22.81	35.00	7.9452	9.02	2021-09-07	17:59:59
250.7917	23.07	35.00	7.9348	9.03	2021-09-07	18:59:59
250.8333	23.19	35.00	7.9191	9.03	2021-09-07	19:59:59
250.8750	23.63	35.00	7.8612	9.04	2021-09-07	20:59:59
250.9167	24.01	35.00	0.0000	9.05	2021-09-07	21:59:59
250.9583	23.96	35.00	7.6180	9.05	2021-09-07	22:59:59
251.0000	23.83	35.00	7.5818	9.05	2021-09-07	23:59:59
251.0417	22.64	35.00	7.8664	9.05	2021-09-08	00:59:59
251.0833	22.51	35.00	7.9081	9.03	2021-09-08	01:59:59
251.1250	22.38	35.00	7.8785	9.02	2021-09-08	02:59:59
251.1667	22.33	35.00	7.9033	9.01	2021-09-08	03:59:59
251.2083	22.33	35.00	7.9448	9.01	2021-09-08	04:59:59
251.2500	22.28	35.00	7.9626	9.00	2021-09-08	05:59:59
251.2917	22.23	35.00	8.0048	9.00	2021-09-08	06:59:59
251.3333	22.13	35.00	0.0000	9.00	2021-09-08	07:59:59
251.3750	21.96	35.00	7.9017	8.99	2021-09-08	08:59:59
251.4167	21.76	35.00	7.8395	8.98	2021-09-08	09:59:59
251.4583	21.78	35.00	7.7406	8.98	2021-09-08	10:59:59
251.5000	21.91	35.00	0.0000	8.98	2021-09-08	11:59:59
251.5417	21.96	35.00	7.6200	8.98	2021-09-08	12:59:59
251.5833	22.16	35.00	7.8192	8.98	2021-09-08	13:59:59
251.6250	22.38	35.00	7.9110	8.98	2021-09-08	14:59:59
251.6667	22.58	35.00	7.9581	8.99	2021-09-08	15:59:59
251.7083	22.79	35.00	7.9632	8.99	2021-09-08	16:59:59
251.7500	22.99	35.00	7.9719	8.99	2021-09-08	17:59:59
251.7917	23.17	35.00	7.9343	9.00	2021-09-08	18:59:59
251.8333	23.40	35.00	7.9800	9.01	2021-09-08	19:59:59
251.8750	23.63	35.00	7.9652	9.01	2021-09-08	20:59:59
251.9167	24.35	35.00	7.9282	9.02	2021-09-08	21:59:59
251.9583	24.53	35.00	0.0000	9.03	2021-09-08	22:59:59
252.0000	24.50	35.00	7.7061	9.04	2021-09-08	23:59:59
252.0417	24.42	35.00	7.6740	9.04	2021-09-09	00:59:59
252.0833	23.12	35.00	7.9045	9.03	2021-09-09	01:59:59
252.1250	22.99	35.00	7.9480	9.01	2021-09-09	02:59:59
252.1667	22.94	35.00	7.9612	9.00	2021-09-09	03:59:59
252.2083	22.96	35.00	7.9754	9.00	2021-09-09	04:59:59
252.2500	22.99	35.00	7.9420	8.99	2021-09-09	05:59:59
252.2917	22.96	35.00	7.9219	8.99	2021-09-09	06:59:59
252.3333	22.91	35.00	7.9116	8.99	2021-09-09	07:59:59
252.3750	22.84	35.00	0.0000	8.99	2021-09-09	08:59:59
252.4167	22.66	35.00	7.8796	8.99	2021-09-09	09:59:59
252.4583	22.56	35.00	7.8043	8.98	2021-09-09	10:59:59
252.5000	22.66	35.00	0.0000	8.97	2021-09-09	11:59:59
252.5417	22.74	35.00	7.5615	8.98	2021-09-09	12:59:59
252.5833	22.71	35.00	7.7605	8.98	2021-09-09	13:59:59
252.6250	22.64	35.00	7.8539	8.97	2021-09-09	14:59:59
252.6667	22.71	35.00	7.8774	8.97	2021-09-09	15:59:59
252.7083	22.74	35.00	7.8732	8.97	2021-09-09	16:59:59
252.7500	22.74	35.00	7.8231	8.97	2021-09-09	17:59:59
252.7917	22.71	35.00	7.7923	8.97	2021-09-09	18:59:59
252.8333	22.71	35.00	7.7906	8.97	2021-09-09	19:59:59
252.8750	22.74	35.00	7.7809	8.96	2021-09-09	20:59:59
252.9167	22.76	35.00	7.7587	8.96	2021-09-09	21:59:59
252.9583	22.71	35.00	7.6260	8.96	2021-09-09	22:59:59
253.0000	22.66	35.00	7.4520	8.96	2021-09-09	23:59:59
253.0417	22.58	35.00	0.0000	8.96	2021-09-10	00:59:59
253.0833	22.56	35.00	7.1748	8.95	2021-09-10	01:59:59
253.1250	22.74	35.00	7.6542	8.95	2021-09-10	02:59:59
253.1667	22.76	35.00	7.7471	8.95	2021-09-10	03:59:59
253.2083	22.51	35.00	7.7587	8.95	2021-09-10	04:59:59
253.2500	22.43	35.00	7.7504	8.95	2021-09-10	05:59:59
253.2917	22.53	35.00	7.7159	8.95	2021-09-10	06:59:59
253.3333	22.53	35.00	7.7174	8.94	2021-09-10	07:59:59
253.3750	22.46	35.00	7.7401	8.94	2021-09-10	08:59:59
253.4167	22.36	35.00	7.7029	8.94	2021-09-10	09:59:59
253.4583	22.23	35.00	7.5970	8.94	2021-09-10	10:59:59
253.5000	22.13	35.00	7.4179	8.93	2021-09-10	11:59:59
253.5417	22.08	35.00	7.2001	8.93	2021-09-10	12:59:59
253.5833	22.13	35.00	7.1267	8.92	2021-09-10	13:59:59
253.6250	22.76	35.00	7.5986	8.93	2021-09-10	14:59:59
253.6667	22.89	35.00	7.6779	8.93	2021-09-10	15:59:59
253.7083	23.04	35.00	7.7327	8.94	2021-09-10	16:59:59
253.7500	23.27	35.00	7.7914	8.94	2021-09-10	17:59:59
253.7917	23.27	35.00	7.8260	8.95	2021-09-10	18:59:59
253.8333	23.17	35.00	7.8602	8.95	2021-09-10	19:59:59
253.8750	23.19	35.00	7.8753	8.95	2021-09-10	20:59:59
253.9167	23.34	35.00	7.8381	8.95	2021-09-10	21:59:59
253.9583	23.52	35.00	7.7757	8.95	2021-09-10	22:59:59
254.0000	23.68	35.00	7.6324	8.96	2021-09-10	23:59:59
254.0417	23.50	35.00	7.3665	8.96	2021-09-11	00:59:59
254.0833	23.22	35.00	7.1601	8.95	2021-09-11	01:59:59
254.1250	23.01	35.00	7.1122	8.95	2021-09-11	02:59:59
254.1667	22.41	35.00	7.6537	8.94	2021-09-11	03:59:59
254.2083	22.28	35.00	7.7219	8.92	2021-09-11	04:59:59
254.2500	22.23	35.00	7.7304	8.92	2021-09-11	05:59:59
254.2917	22.06	35.00	7.7369	8.91	2021-09-11	06:59:59
254.3333	22.03	35.00	7.7435	8.91	2021-09-11	07:59:59
254.3750	21.96	35.00	7.7109	8.90	2021-09-11	08:59:59
254.4167	21.86	35.00	7.7217	8.90	2021-09-11	09:59:59
254.4583	21.68	35.00	0.0000	8.89	2021-09-11	10:59:59
254.5000	21.41	35.00	7.5837	8.88	2021-09-11	11:59:59
254.5417	21.36	35.00	7.3979	8.88	2021-09-11	12:59:59
254.5833	21.46	35.00	0.0000	8.87	2021-09-11	13:59:59
254.6250	21.96	35.00	7.6362	8.88	2021-09-11	14:59:59
254.6667	22.21	35.00	7.6787	8.89	2021-09-11	15:59:59
254.7083	22.36	35.00	7.8034	8.89	2021-09-11	16:59:59
254.7500	22.48	35.00	7.8177	8.90	2021-09-11	17:59:59
254.7917	22.46	35.00	7.8402	8.90	2021-09-11	18:59:59
254.8333	22.46	35.00	7.8545	8.90	2021-09-11	19:59:59
254.8750	22.56	35.00	7.8607	8.90	2021-09-11	20:59:59
254.9167	22.51	35.00	7.8817	8.90	2021-09-11	21:59:59
254.9583	22.46	35.00	7.8430	8.90	2021-09-11	22:59:59
255.0000	22.56	35.00	7.7863	8.90	2021-09-11	23:59:59
255.0417	22.53	35.00	7.6694	8.90	2021-09-12	00:59:59
255.0833	22.31	35.00	7.4377	8.90	2021-09-12	01:59:59
255.1250	22.11	35.00	7.3135	8.89	2021-09-12	02:59:59
255.1667	21.86	35.00	7.4672	8.88	2021-09-12	03:59:59
255.2083	21.66	35.00	7.6657	8.87	2021-09-12	04:59:59
255.2500	21.44	35.00	7.7354	8.87	2021-09-12	05:59:59
255.2917	21.31	35.00	7.7875	8.86	2021-09-12	06:59:59
255.3333	21.34	35.00	7.8169	8.85	2021-09-12	07:59:59
255.3750	21.26	35.00	7.8399	8.85	2021-09-12	08:59:59
255.4167	21.21	35.00	7.8284	8.85	2021-09-12	09:59:59
255.4583	21.14	35.00	7.8492	8.84	2021-09-12	10:59:59
255.5000	21.11	35.00	7.8031	8.84	2021-09-12	11:59:59
255.5417	21.09	35.00	7.7234	8.84	2021-09-12	12:59:59
255.5833	21.26	35.00	7.5552	8.84	2021-09-12	13:59:59
255.6250	21.44	35.00	7.4324	8.84	2021-09-12	14:59:59
255.6667	21.71	35.00	7.6858	8.84	2021-09-12	15:59:59
255.7083	21.78	35.00	7.7607	8.85	2021-09-12	16:59:59
255.7500	22.06	35.00	7.7897	8.85	2021-09-12	17:59:59
255.7917	22.28	35.00	7.8207	8.86	2021-09-12	18:59:59
255.8333	22.38	35.00	7.8311	8.86	2021-09-12	19:59:59
255.8750	22.43	35.00	7.8562	8.87	2021-09-12	20:59:59
255.9167	22.43	35.00	7.8424	8.87	2021-09-12	21:59:59
255.9583	22.38	35.00	7.8646	8.87	2021-09-12	22:59:59
256.0000	22.36	35.00	7.8333	8.86	2021-09-12	23:59:59
256.0417	22.33	35.00	7.7455	8.86	2021-09-13	00:59:59
256.0833	22.28	35.00	7.6344	8.86	2021-09-13	01:59:59
256.1250	22.26	35.00	7.4394	8.86	2021-09-13	02:59:59
256.1667	22.23	35.00	7.3503	8.86	2021-09-13	03:59:59
256.2083	22.23	35.00	7.2973	8.85	2021-09-13	04:59:59
256.2500	22.18	35.00	7.7483	8.85	2021-09-13	05:59:59
256.2917	22.16	35.00	7.8120	8.85	2021-09-13	06:59:59
256.3333	22.08	35.00	7.8441	8.85	2021-09-13	07:59:59
256.3750	21.98	35.00	7.8576	8.85	2021-09-13	08:59:59
256.4167	21.91	35.00	7.8530	8.84	2021-09-13	09:59:59
256.4583	21.88	35.00	7.8269	8.83	2021-09-13	10:59:59
256.5000	21.93	35.00	7.8116	8.84	2021-09-13	11:59:59
256.5417	22.01	35.00	7.7521	8.84	2021-09-13	12:59:59
256.5833	22.01	35.00	7.6753	8.83	2021-09-13	13:59:59
256.6250	22.18	35.00	7.4006	8.83	2021-09-13	14:59:59
256.6667	22.38	35.00	7.3268	8.84	2021-09-13	15:59:59
256.7083	22.48	35.00	7.7032	8.84	2021-09-13	16:59:59
256.7500	22.61	35.00	7.8023	8.84	2021-09-13	17:59:59
256.7917	22.89	35.00	7.8474	8.85	2021-09-13	18:59:59
256.8333	23.07	35.00	7.9137	8.85	2021-09-13	19:59:59
256.8750	22.99	35.00	7.9218	8.86	2021-09-13	20:59:59
256.9167	22.96	35.00	7.9234	8.86	2021-09-13	21:59:59
256.9583	22.89	35.00	7.8997	8.86	2021-09-13	22:59:59
257.0000	22.84	35.00	7.8850	8.85	2021-09-13	23:59:59
257.0417	22.79	35.00	7.8895	8.85	2021-09-14	00:59:59
257.0833	22.69	35.00	7.8437	8.85	2021-09-14	01:59:59
257.1250	22.53	35.00	7.6906	8.85	2021-09-14	02:59:59
257.1667	22.43	35.00	7.5126	8.84	2021-09-14	03:59:59
257.2083	22.38	35.00	7.3822	8.84	2021-09-14	04:59:59
257.2500	22.36	35.00	7.4311	8.84	2021-09-14	05:59:59
257.2917	22.26	35.00	7.7914	8.83	2021-09-14	06:59:59
257.3333	22.16	35.00	7.7941	8.83	2021-09-14	07:59:59
257.3750	22.13	35.00	7.8161	8.83	2021-09-14	08:59:59
257.4167	22.06	35.00	7.8201	8.82	2021-09-14	09:59:59
257.4583	22.03	35.00	7.8432	8.82	2021-09-14	10:59:59
257.5000	22.01	35.00	7.8425	8.81	2021-09-14	11:59:59
257.5417	22.01	35.00	7.8402	8.81	2021-09-14	12:59:59
257.5833	22.08	35.00	7.8494	8.81	2021-09-14	13:59:59
257.6250	22.18	35.00	7.7907	8.81	2021-09-14	14:59:59
257.6667	22.38	35.00	7.6317	8.81	2021-09-14	15:59:59
257.7083	22.61	35.00	7.4907	8.82	2021-09-14	16:59:59
257.7500	22.79	35.00	7.8553	8.83	2021-09-14	17:59:59
257.7917	22.96	35.00	7.9201	8.83	2021-09-14	18:59:59
257.8333	23.07	35.00	7.9697	8.83	2021-09-14	19:59:59
257.8750	23.12	35.00	7.9842	8.84	2021-09-14	20:59:59
257.9167	23.04	35.00	7.9639	8.84	2021-09-14	21:59:59
257.9583	22.89	35.00	7.9437	8.84	2021-09-14	22:59:59
258.0000	22.79	35.00	7.9331	8.83	2021-09-14	23:59:59
258.0417	22.76	35.00	7.9124	8.83	2021-09-15	00:59:59
258.0833	22.71	35.00	7.9106	8.83	2021-09-15	01:59:59
258.1250	22.43	35.00	7.8815	8.82	2021-09-15	02:59:59
258.1667	22.06	35.00	7.7585	8.81	2021-09-15	03:59:59
258.2083	21.93	35.00	7.6515	8.80	2021-09-15	04:59:59
258.2500	21.91	35.00	7.5038	8.80	2021-09-15	05:59:59
258.2917	21.86	35.00	7.3441	8.79	2021-09-15	06:59:59
258.3333	21.93	35.00	7.7168	8.79	2021-09-15	07:59:59
258.3750	21.96	35.00	7.8092	8.79	2021-09-15	08:59:59
258.4167	22.01	35.00	7.8523	8.79	2021-09-15	09:59:59
258.4583	22.01	35.00	7.8648	8.79	2021-09-15	10:59:59
258.5000	22.06	35.00	7.8632	8.79	2021-09-15	11:59:59
258.5417	22.11	35.00	7.8475	8.79	2021-09-15	12:59:59
258.5833	22.21	35.00	7.8675	8.79	2021-09-15	13:59:59
258.6250	22.36	35.00	7.8599	8.79	2021-09-15	14:59:59
258.6667	22.64	35.00	7.7906	8.79	2021-09-15	15:59:59
258.7083	23.01	35.00	7.6663	8.80	2021-09-15	16:59:59
258.7500	23.29	35.00	7.5334	8.81	2021-09-15	17:59:59
258.7917	23.47	35.00	7.7913	8.81	2021-09-15	18:59:59
258.8333	23.50	35.00	7.8539	8.82	2021-09-15	19:59:59
258.8750	23.57	35.00	7.9004	8.83	2021-09-15	20:59:59
258.9167	23.52	35.00	7.9112	8.83	2021-09-15	21:59:59
258.9583	23.32	35.00	7.9129	8.83	2021-09-15	22:59:59
259.0000	23.29	35.00	7.8933	8.82	2021-09-15	23:59:59
259.0417	23.32	35.00	7.8948	8.82	2021-09-16	00:59:59
259.0833	23.29	35.00	7.8804	8.82	2021-09-16	01:59:59
259.1250	23.24	35.00	7.8643	8.82	2021-09-16	02:59:59
259.1667	23.22	35.00	7.8091	8.81	2021-09-16	03:59:59
259.2083	23.19	35.00	7.6934	8.81	2021-09-16	04:59:59
259.2500	23.22	35.00	7.5591	8.81	2021-09-16	05:59:59
259.2917	23.27	35.00	7.3925	8.81	2021-09-16	06:59:59
259.3333	23.27	35.00	7.3327	8.81	2021-09-16	07:59:59
259.3750	23.12	35.00	7.6586	8.81	2021-09-16	08:59:59
259.4167	22.99	35.00	7.7597	8.80	2021-09-16	09:59:59
259.4583	22.96	35.00	7.7848	8.80	2021-09-16	10:59:59
259.5000	22.91	35.00	7.7784	8.80	2021-09-16	11:59:59
259.5417	22.81	35.00	7.7572	8.79	2021-09-16	12:59:59
259.5833	22.76	35.00	7.7762	8.79	2021-09-16	13:59:59
259.6250	22.74	35.00	7.7973	8.79	2021-09-16	14:59:59
259.6667	22.84	35.00	7.7943	8.78	2021-09-16	15:59:59
259.7083	23.04	35.00	7.6950	8.79	2021-09-16	16:59:59
259.7500	23.37	35.00	7.4448	8.79	2021-09-16	17:59:59
259.7917	23.50	35.00	7.3098	8.79	2021-09-16	18:59:59
259.8333	23.47	35.00	7.5461	8.80	2021-09-16	19:59:59
259.8750	23.37	35.00	7.7772	8.80	2021-09-16	20:59:59
259.9167	23.40	35.00	7.8331	8.79	2021-09-16	21:59:59
259.9583	23.34	35.00	7.8532	8.80	2021-09-16	22:59:59
260.0000	23.22	35.00	7.8667	8.79	2021-09-16	23:59:59
260.0417	23.14	35.00	7.8607	8.79	2021-09-17	00:59:59
260.0833	23.07	35.00	7.8729	8.79	2021-09-17	01:59:59
260.1250	23.04	35.00	7.8848	8.78	2021-09-17	02:59:59
260.1667	22.99	35.00	7.8603	8.78	2021-09-17	03:59:59
260.2083	22.94	35.00	7.7745	8.78	2021-09-17	04:59:59
260.2500	22.81	35.00	7.6255	8.77	2021-09-17	05:59:59
260.2917	22.74	35.00	7.4520	8.77	2021-09-17	06:59:59
260.3333	22.71	35.00	7.2840	8.76	2021-09-17	07:59:59
260.3750	22.69	35.00	7.2657	8.76	2021-09-17	08:59:59
260.4167	22.56	35.00	7.6652	8.76	2021-09-17	09:59:59
260.4583	22.48	35.00	7.6855	8.76	2021-09-17	10:59:59
260.5000	22.48	35.00	7.7402	8.76	2021-09-17	11:59:59
260.5417	22.48	35.00	7.7871	8.75	2021-09-17	12:59:59
260.5833	22.53	35.00	7.7971	8.75	2021-09-17	13:59:59
260.6250	22.58	35.00	7.7439	8.75	2021-09-17	14:59:59
260.6667	22.79	35.00	7.8094	8.75	2021-09-17	15:59:59
260.7083	23.04	35.00	7.7942	8.76	2021-09-17	16:59:59
260.7500	23.34	35.00	7.7438	8.76	2021-09-17	17:59:59
260.7917	23.75	35.00	7.6038	8.77	2021-09-17	18:59:59
260.8333	24.01	35.00	7.4641	8.78	2021-09-17	19:59:59
260.8750	23.91	35.00	7.8099	8.79	2021-09-17	20:59:59
260.9167	23.78	35.00	7.9134	8.79	2021-09-17	21:59:59
260.9583	23.60	35.00	7.9121	8.79	2021-09-17	22:59:59
261.0000	23.47	35.00	7.8914	8.78	2021-09-17	23:59:59
261.0417	23.42	35.00	7.8890	8.78	2021-09-18	00:59:59
261.0833	23.37	35.00	7.8754	8.77	2021-09-18	01:59:59
261.1250	23.34	35.00	7.8710	8.77	2021-09-18	02:59:59
261.1667	23.32	35.00	7.8161	8.77	2021-09-18	03:59:59
261.2083	23.29	35.00	7.8427	8.76	2021-09-18	04:59:59
261.2500	23.24	35.00	7.8430	8.76	2021-09-18	05:59:59
261.2917	23.22	35.00	7.6953	8.76	2021-09-18	06:59:59
261.3333	23.22	35.00	7.5896	8.76	2021-09-18	07:59:59
261.3750	23.29	35.00	7.4005	8.76	2021-09-18	08:59:59
261.4167	23.27	35.00	7.3152	8.76	2021-09-18	09:59:59
261.4583	22.71	35.00	7.6647	8.75	2021-09-18	10:59:59
261.5000	22.66	35.00	7.7180	8.75	2021-09-18	11:59:59
261.5417	22.64	35.00	7.7452	8.74	2021-09-18	12:59:59
261.5833	22.66	35.00	7.7691	8.73	2021-09-18	13:59:59
261.6250	22.84	35.00	7.7834	8.73	2021-09-18	14:59:59
261.6667	22.94	35.00	7.7898	8.74	2021-09-18	15:59:59
261.7083	23.19	35.00	7.8106	8.74	2021-09-18	16:59:59
261.7500	23.47	35.00	7.7944	8.75	2021-09-18	17:59:59
261.7917	23.91	35.00	7.7492	8.76	2021-09-18	18:59:59
261.8333	24.40	35.00	7.6257	8.76	2021-09-18	19:59:59
261.8750	24.55	35.00	7.5159	8.78	2021-09-18	20:59:59
261.9167	23.57	35.00	7.7308	8.78	2021-09-18	21:59:59
261.9583	23.14	35.00	7.8328	8.76	2021-09-18	22:59:59
262.0000	23.09	35.00	7.8590	8.75	2021-09-18	23:59:59
262.0417	23.04	35.00	7.8710	8.75	2021-09-19	00:59:59
262.0833	22.99	35.00	7.8659	8.74	2021-09-19	01:59:59
262.1250	22.89	35.00	7.8739	8.74	2021-09-19	02:59:59
262.1667	22.81	35.00	7.8726	8.73	2021-09-19	03:59:59
262.2083	22.79	35.00	7.8946	8.73	2021-09-19	04:59:59
262.2500	22.76	35.00	7.8684	8.72	2021-09-19	05:59:59
262.2917	22.66	35.00	7.8030	8.72	2021-09-19	06:59:59
262.3333	22.53	35.00	7.6839	8.72	2021-09-19	07:59:59
262.3750	22.61	35.00	7.5236	8.71	2021-09-19	08:59:59
262.4167	22.69	35.00	7.4043	8.72	2021-09-19	09:59:59
262.4583	22.66	35.00	7.3798	8.72	2021-09-19	10:59:59
262.5000	22.23	35.00	7.7052	8.71	2021-09-19	11:59:59
262.5417	22.18	35.00	7.7803	8.70	2021-09-19	12:59:59
262.5833	22.28	35.00	7.8492	8.70	2021-09-19	13:59:59
262.6250	22.38	35.00	7.8763	8.70	2021-09-19	14:59:59
262.6667	22.51	35.00	7.9001	8.70	2021-09-19	15:59:59
262.7083	22.61	35.00	0.0000	8.70	2021-09-19	16:59:59
262.7500	22.84	35.00	7.8993	8.71	2021-09-19	17:59:59
262.7917	23.01	35.00	7.8900	8.72	2021-09-19	18:59:59
262.8333	23.29	35.00	7.8287	8.72	2021-09-19	19:59:59
262.8750	23.57	35.00	7.6781	8.72	2021-09-19	20:59:59
262.9167	23.57	35.00	7.5755	8.73	2021-09-19	21:59:59
262.9583	22.71	35.00	7.8960	8.72	2021-09-19	22:59:59
263.0000	22.46	35.00	7.9132	8.72	2021-09-19	23:59:59
263.0417	22.33	35.00	7.9324	8.70	2021-09-20	00:59:59
263.0833	22.31	35.00	7.9560	8.69	2021-09-20	01:59:59
263.1250	22.26	35.00	7.9508	8.69	2021-09-20	02:59:59
263.1667	22.08	35.00	7.9651	8.68	2021-09-20	03:59:59
263.2083	21.98	35.00	7.9602	8.68	2021-09-20	04:59:59
263.2500	21.91	35.00	7.9518	8.68	2021-09-20	05:59:59
263.2917	21.83	35.00	7.9398	8.67	2021-09-20	06:59:59
263.3333	21.48	35.00	7.8883	8.66	2021-09-20	07:59:59
263.3750	21.06	35.00	7.7935	8.65	2021-09-20	08:59:59
263.4167	20.92	35.00	7.6864	8.64	2021-09-20	09:59:59
263.4583	20.87	35.00	7.6270	8.64	2021-09-20	10:59:59
263.5000	21.11	35.00	7.6609	8.63	2021-09-20	11:59:59
263.5417	21.39	35.00	7.8447	8.64	2021-09-20	12:59:59
263.5833	21.41	35.00	7.9176	8.64	2021-09-20	13:59:59
263.6250	21.66	35.00	7.9580	8.64	2021-09-20	14:59:59
263.6667	21.86	35.00	7.9733	8.65	2021-09-20	15:59:59
263.7083	22.03	35.00	7.9898	8.65	2021-09-20	16:59:59
263.7500	22.13	35.00	7.9528	8.66	2021-09-20	17:59:59
263.7917	22.38	35.00	7.9771	8.66	2021-09-20	18:59:59
263.8333	22.58	35.00	7.9517	8.67	2021-09-20	19:59:59
263.8750	22.94	35.00	7.8753	8.68	2021-09-20	20:59:59
263.9167	22.86	35.00	7.7489	8.68	2021-09-20	21:59:59
263.9583	22.79	35.00	7.6357	8.68	2021-09-20	22:59:59
264.0000	22.18	35.00	7.9187	8.68	2021-09-20	23:59:59
264.0417	21.96	35.00	7.9693	8.67	2021-09-21	00:59:59
264.0833	21.58	35.00	8.0179	8.66	2021-09-21	01:59:59
264.1250	21.51	35.00	8.0207	8.65	2021-09-21	02:59:59
264.1667	21.34	35.00	7.9984	8.64	2021-09-21	03:59:59
264.2083	21.29	35.00	7.9962	8.63	2021-09-21	04:59:59
264.2500	21.26	35.00	7.9805	8.63	2021-09-21	05:59:59
264.2917	21.14	35.00	7.9834	8.62	2021-09-21	06:59:59
264.3333	21.02	35.00	7.9713	8.62	2021-09-21	07:59:59
264.3750	20.79	35.00	0.0000	8.62	2021-09-21	08:59:59
264.4167	20.65	35.00	7.8517	8.61	2021-09-21	09:59:59
264.4583	20.62	35.00	7.6748	8.60	2021-09-21	10:59:59
264.5000	20.60	35.00	7.6093	8.59	2021-09-21	11:59:59
264.5417	20.57	35.00	7.8702	8.59	2021-09-21	12:59:59
264.5833	20.77	35.00	7.9352	8.59	2021-09-21	13:59:59
264.6250	21.02	35.00	7.9670	8.60	2021-09-21	14:59:59
264.6667	21.21	35.00	7.9831	8.61	2021-09-21	15:59:59
264.7083	21.46	35.00	7.9900	8.61	2021-09-21	16:59:59
264.7500	21.58	35.00	7.9909	8.62	2021-09-21	17:59:59
264.7917	21.73	35.00	7.9903	8.62	2021-09-21	18:59:59
264.8333	21.83	35.00	7.9952	8.63	2021-09-21	19:59:59
264.8750	22.01	35.00	7.9593	8.63	2021-09-21	20:59:59
264.9167	22.21	35.00	7.8619	8.64	2021-09-21	21:59:59
264.9583	22.23	35.00	7.7176	8.64	2021-09-21	22:59:59
265.0000	22.18	35.00	7.6121	8.64	2021-09-21	23:59:59
265.0417	21.61	35.00	7.9007	8.64	2021-09-22	00:59:59
265.0833	21.56	35.00	7.9703	8.63	2021-09-22	01:59:59
265.1250	21.51	35.00	7.9784	8.62	2021-09-22	02:59:59
265.1667	21.39	35.00	7.9731	8.62	2021-09-22	03:59:59
265.2083	21.26	35.00	7.9616	8.61	2021-09-22	04:59:59
265.2500	21.24	35.00	7.9635	8.61	2021-09-22	05:59:59
265.2917	21.21	35.00	7.9603	8.61	2021-09-22	06:59:59
265.3333	21.16	35.00	7.9652	8.61	2021-09-22	07:59:59
265.3750	21.09	35.00	7.9273	8.60	2021-09-22	08:59:59
265.4167	21.02	35.00	7.8947	8.59	2021-09-22	09:59:59
265.4583	21.04	35.00	7.7598	8.59	2021-09-22	10:59:59
265.5000	21.09	35.00	7.7015	8.59	2021-09-22	11:59:59
265.5417	21.06	35.00	7.6601	8.59	2021-09-22	12:59:59
265.5833	21.11	35.00	7.8881	8.59	2021-09-22	13:59:59
265.6250	21.34	35.00	7.9241	8.59	2021-09-22	14:59:59
265.6667	21.41	35.00	7.9570	8.59	2021-09-22	15:59:59
265.7083	21.56	35.00	7.9824	8.60	2021-09-22	16:59:59
265.7500	21.68	35.00	7.9962	8.60	2021-09-22	17:59:59
265.7917	21.81	35.00	7.9996	8.61	2021-09-22	18:59:59
265.8333	22.03	35.00	8.0094	8.61	2021-09-22	19:59:59
265.8750	22.21	35.00	7.9928	8.61	2021-09-22	20:59:59
265.9167	22.58	35.00	7.9495	8.62	2021-09-22	21:59:59
265.9583	22.94	35.00	7.8648	8.64	2021-09-22	22:59:59
266.0000	22.96	35.00	7.7357	8.64	2021-09-22	23:59:59
266.0417	22.89	35.00	7.6380	8.65	2021-09-23	00:59:59
266.0833	21.81	35.00	7.8315	8.64	2021-09-23	01:59:59
266.1250	21.56	35.00	7.8843	8.62	2021-09-23	02:59:59
266.1667	21.46	35.00	7.9088	8.61	2021-09-23	03:59:59
266.2083	21.53	35.00	7.9080	8.61	2021-09-23	04:59:59
266.2500	21.36	35.00	7.9128	8.60	2021-09-23	05:59:59
266.2917	21.16	35.00	7.9191	8.59	2021-09-23	06:59:59
266.3333	21.14	35.00	7.9309	8.58	2021-09-23	07:59:59
266.3750	21.24	35.00	7.9027	8.58	2021-09-23	08:59:59
266.4167	21.26	35.00	7.8529	8.58	2021-09-23	09:59:59
266.4583	21.19	35.00	7.7596	8.58	2021-09-23	10:59:59
266.5000	21.29	35.00	0.0000	8.58	2021-09-23	11:59:59
266.5417	21.46	35.00	7.5680	8.58	2021-09-23	12:59:59
266.5833	21.21	35.00	7.7806	8.58	2021-09-23	13:59:59
266.6250	21.39	35.00	7.8612	8.58	2021-09-23	14:59:59
266.6667	21.66	35.00	7.8908	8.58	2021-09-23	15:59:59
266.7083	21.96	35.00	7.9229	8.59	2021-09-23	16:59:59
266.7500	21.96	35.00	7.9635	8.59	2021-09-23	17:59:59
266.7917	22.06	35.00	7.9647	8.60	2021-09-23	18:59:59
266.8333	22.11	35.00	7.9777	8.60	2021-09-23	19:59:59
266.8750	22.26	35.00	7.9818	8.60	2021-09-23	20:59:59
266.9167	22.38	35.00	7.9397	8.61	2021-09-23	21:59:59
266.9583	22.66	35.00	7.8731	8.61	2021-09-23	22:59:59
267.0000	22.79	35.00	7.7397	8.62	2021-09-23	23:59:59
267.0417	22.86	35.00	7.6251	8.62	2021-09-24	00:59:59
267.0833	22.81	35.00	7.5831	8.63	2021-09-24	01:59:59
267.1250	21.86	35.00	7.8410	8.62	2021-09-24	02:59:59
267.1667	21.63	35.00	7.9064	8.60	2021-09-24	03:59:59
267.2083	21.48	35.00	7.9153	8.59	2021-09-24	04:59:59
267.2500	21.44	35.00	7.9340	8.58	2021-09-24	05:59:59
267.2917	21.41	35.00	7.9279	8.58	2021-09-24	06:59:59
267.3333	21.41	35.00	7.8903	8.57	2021-09-24	07:59:59
267.3750	21.36	35.00	7.9177	8.57	2021-09-24	08:59:59
267.4167	21.31	35.00	7.9117	8.57	2021-09-24	09:59:59
267.4583	21.29	35.00	7.8726	8.57	2021-09-24	10:59:59
267.5000	21.39	35.00	7.7774	8.56	2021-09-24	11:59:59
267.5417	21.63	35.00	7.6745	8.57	2021-09-24	12:59:59
267.5833	21.68	35.00	7.6536	8.57	2021-09-24	13:59:59
267.6250	21.41	35.00	7.8599	8.57	2021-09-24	14:59:59
267.6667	21.51	35.00	7.9298	8.57	2021-09-24	15:59:59
267.7083	21.66	35.00	7.9272	8.57	2021-09-24	16:59:59
267.7500	21.68	35.00	7.9556	8.57	2021-09-24	17:59:59
267.7917	21.76	35.00	7.9791	8.57	2021-09-24	18:59:59
267.8333	21.83	35.00	7.9641	8.57	2021-09-24	19:59:59
267.8750	21.86	35.00	7.9979	8.57	2021-09-24	20:59:59
267.9167	21.91	35.00	7.9668	8.58	2021-09-24	21:59:59
267.9583	22.03	35.00	7.9393	8.57	2021-09-24	22:59:59
268.0000	22.31	35.00	7.8501	8.58	2021-09-24	23:59:59
268.0417	22.43	35.00	7.7087	8.58	2021-09-25	00:59:59
268.0833	22.51	35.00	7.6160	8.59	2021-09-25	01:59:59
268.1250	21.98	35.00	7.7285	8.59	2021-09-25	02:59:59
268.1667	21.51	35.00	7.8642	8.57	2021-09-25	03:59:59
268.2083	21.48	35.00	7.8777	8.56	2021-09-25	04:59:59
268.2500	21.51	35.00	7.8975	8.56	2021-09-25	05:59:59
268.2917	21.39	35.00	7.9150	8.55	2021-09-25	06:59:59
268.3333	21.36	35.00	7.9138	8.55	2021-09-25	07:59:59
268.3750	21.36	35.00	7.9051	8.55	2021-09-25	08:59:59
268.4167	21.36	35.00	7.8930	8.55	2021-09-25	09:59:59
268.4583	21.36	35.00	7.8630	8.54	2021-09-25	10:59:59
268.5000	21.51	35.00	7.7601	8.54	2021-09-25	11:59:59
268.5417	21.83	35.00	7.5955	8.55	2021-09-25	12:59:59
268.5833	22.01	35.00	7.4696	8.55	2021-09-25	13:59:59
268.6250	21.48	35.00	7.8087	8.55	2021-09-25	14:59:59
268.6667	21.58	35.00	7.8997	8.55	2021-09-25	15:59:59
268.7083	21.71	35.00	7.9323	8.55	2021-09-25	16:59:59
268.7500	21.86	35.00	7.9727	8.55	2021-09-25	17:59:59
268.7917	21.91	35.00	7.9874	8.55	2021-09-25	18:59:59
268.8333	21.88	35.00	7.9731	8.56	2021-09-25	19:59:59
268.8750	21.91	35.00	7.9958	8.55	2021-09-25	20:59:59
268.9167	21.91	35.00	7.9868	8.55	2021-09-25	21:59:59
268.9583	21.98	35.00	7.9682	8.56	2021-09-25	22:59:59
269.0000	22.11	35.00	7.9164	8.56	2021-09-25	23:59:59
269.0417	22.23	35.00	7.8065	8.56	2021-09-26	00:59:59
269.0833	22.36	35.00	7.6263	8.57	2021-09-26	01:59:59
269.1250	22.43	35.00	7.4823	8.57	2021-09-26	02:59:59
269.1667	21.81	35.00	7.8118	8.57	2021-09-26	03:59:59
269.2083	21.71	35.00	7.8670	8.56	2021-09-26	04:59:59
269.2500	21.68	35.00	7.8904	8.55	2021-09-26	05:59:59
269.2917	21.68	35.00	7.9246	8.55	2021-09-26	06:59:59
269.3333	21.63	35.00	7.9385	8.55	2021-09-26	07:59:59
269.3750	21.61	35.00	7.9282	8.54	2021-09-26	08:59:59
269.4167	21.58	35.00	7.9332	8.54	2021-09-26	09:59:59
269.4583	21.51	35.00	7.8918	8.54	2021-09-26	10:59:59
269.5000	21.46	35.00	7.9094	8.53	2021-09-26	11:59:59
269.5417	21.39	35.00	7.8000	8.53	2021-09-26	12:59:59
269.5833	21.53	35.00	7.6588	8.53	2021-09-26	13:59:59
269.6250	21.76	35.00	7.5485	8.53	2021-09-26	14:59:59
269.6667	21.73	35.00	7.8335	8.53	2021-09-26	15:59:59
269.7083	21.93	35.00	7.9156	8.54	2021-09-26	16:59:59
269.7500	22.03	35.00	7.9587	8.54	2021-09-26	17:59:59
269.7917	22.03	35.00	7.9711	8.54	2021-09-26	18:59:59
269.8333	22.01	35.00	7.9621	8.54	2021-09-26	19:59:59
269.8750	22.03	35.00	7.9848	8.54	2021-09-26	20:59:59
269.9167	22.03	35.00	7.9791	8.54	2021-09-26	21:59:59
269.9583	21.96	35.00	7.9822	8.54	2021-09-26	22:59:59
270.0000	21.93	35.00	7.9479	8.54	2021-09-26	23:59:59
270.0417	21.91	35.00	7.8741	8.54	2021-09-27	00:59:59
270.0833	21.81	35.00	7.7101	8.54	2021-09-27	01:59:59
270.1250	21.73	35.00	7.5377	8.53	2021-09-27	02:59:59
270.1667	21.61	35.00	7.4288	8.53	2021-09-27	03:59:59
270.2083	21.31	35.00	7.8095	8.53	2021-09-27	04:59:59
270.2500	21.19	35.00	7.8928	8.52	2021-09-27	05:59:59
270.2917	21.16	35.00	7.9207	8.51	2021-09-27	06:59:59
270.3333	21.04	35.00	7.9234	8.51	2021-09-27	07:59:59
270.3750	20.94	35.00	7.9033	8.50	2021-09-27	08:59:59
270.4167	20.74	35.00	7.8975	8.50	2021-09-27	09:59:59
270.4583	20.72	35.00	7.9062	8.49	2021-09-27	10:59:59
270.5000	20.74	35.00	7.9116	8.49	2021-09-27	11:59:59
270.5417	20.74	35.00	7.9248	8.49	2021-09-27	12:59:59
270.5833	20.79	35.00	7.8490	8.49	2021-09-27	13:59:59
270.6250	20.94	35.00	7.7313	8.48	2021-09-27	14:59:59
270.6667	20.94	35.00	7.7309	8.49	2021-09-27	15:59:59
270.7083	21.19	35.00	7.9088	8.49	2021-09-27	16:59:59
270.7500	21.26	35.00	7.9084	8.49	2021-09-27	17:59:59
270.7917	21.46	35.00	7.9524	8.50	2021-09-27	18:59:59
270.8333	21.41	35.00	7.9653	8.50	2021-09-27	19:59:59
270.8750	21.41	35.00	7.9764	8.50	2021-09-27	20:59:59
270.9167	21.46	35.00	7.9747	8.50	2021-09-27	21:59:59
270.9583	21.46	35.00	7.9397	8.50	2021-09-27	22:59:59
271.0000	21.31	35.00	7.9812	8.50	2021-09-27	23:59:59
271.0417	21.19	35.00	7.9339	8.50	2021-09-28	00:59:59
271.0833	21.06	35.00	7.8683	8.49	2021-09-28	01:59:59
271.1250	20.94	35.00	7.7837	8.49	2021-09-28	02:59:59
271.1667	20.87	35.00	7.6609	8.48	2021-09-28	03:59:59
271.2083	20.84	35.00	7.6009	8.48	2021-09-28	04:59:59
271.2500	20.57	35.00	7.8190	8.47	2021-09-28	05:59:59
271.2917	20.52	35.00	7.8991	8.47	2021-09-28	06:59:59
271.3333	20.52	35.00	7.9128	8.46	2021-09-28	07:59:59
271.3750	20.62	35.00	7.9351	8.46	2021-09-28	08:59:59
271.4167	20.52	35.00	7.9430	8.46	2021-09-28	09:59:59
271.4583	20.50	35.00	7.9259	8.46	2021-09-28	10:59:59
271.5000	20.47	35.00	7.9300	8.46	2021-09-28	11:59:59
271.5417	20.50	35.00	7.9620	8.46	2021-09-28	12:59:59
271.5833	20.57	35.00	7.9083	8.46	2021-09-28	13:59:59
271.6250	20.72	35.00	7.8137	8.46	2021-09-28	14:59:59